Sample	Chromosome	Start.bp	End.bp	Num.Markers	Seg.CN
TCGA-JY-A6FG	1	3218610	51439153	25218	0
TCGA-JY-A6FG	1	51439647	51449134	8	-0.933635
TCGA-JY-A6FG	1	51449575	192379022	68285	0
TCGA-JY-A6FG	1	192384797	201233807	5259	0.707573
TCGA-JY-A6FG	1	201236141	201303631	85	-0.740496
TCGA-JY-A6FG	1	201305104	209620207	5269	0.687655
TCGA-JY-A6FG	1	209621581	211248543	1270	1.359198
TCGA-JY-A6FG	1	211250700	213056797	1098	0.687655
TCGA-JY-A6FG	1	213058297	225310885	8014	0
TCGA-JY-A6FG	1	225311160	227258771	1029	0.396583
TCGA-JY-A6FG	1	227259730	247812431	13061	0
TCGA-JY-A6FG	2	484222	133888726	68828	0
TCGA-JY-A6FG	2	133891025	133900074	9	-0.730641
TCGA-JY-A6FG	2	133964894	141910109	4393	0
TCGA-JY-A6FG	2	141912365	142071417	90	-0.708901
TCGA-JY-A6FG	2	142071687	142542414	370	0
TCGA-JY-A6FG	2	142542682	142636482	71	0.774504
TCGA-JY-A6FG	2	142636824	154692811	6926	0
TCGA-JY-A6FG	2	154697058	154848266	99	-0.365234
TCGA-JY-A6FG	2	154848282	174516892	11583	0
TCGA-JY-A6FG	2	174525929	174991543	328	0.89656
TCGA-JY-A6FG	2	174996387	222839638	26447	0
TCGA-JY-A6FG	2	222842129	222898092	34	0.663307
TCGA-JY-A6FG	2	222899122	242476062	11625	0
TCGA-JY-A6FG	3	2212571	94260633	50909	0
TCGA-JY-A6FG	3	94266991	94722951	211	0.74534
TCGA-JY-A6FG	3	94724295	124594955	16958	0
TCGA-JY-A6FG	3	124598499	124948472	250	0.733733
TCGA-JY-A6FG	3	124951748	134004200	5114	0
TCGA-JY-A6FG	3	134004218	134034201	23	1.582358
TCGA-JY-A6FG	3	134036293	134068812	22	0.812168
TCGA-JY-A6FG	3	134072649	197538677	32467	0
TCGA-JY-A6FG	4	1053934	15826138	8856	-0.759089
TCGA-JY-A6FG	4	15835983	34765183	11823	0
TCGA-JY-A6FG	4	34841386	35014338	113	0.805841
TCGA-JY-A6FG	4	35015121	151414755	61560	0
TCGA-JY-A6FG	4	151417614	151508713	43	-0.65971
TCGA-JY-A6FG	4	151509839	153245475	838	0
TCGA-JY-A6FG	4	153247470	153346252	43	0.644466
TCGA-JY-A6FG	4	153348761	163712938	6105	0
TCGA-JY-A6FG	4	163714149	163718686	8	-0.905706
TCGA-JY-A6FG	4	163723849	169612998	3042	0
TCGA-JY-A6FG	4	169616498	188762240	9701	-0.74777
TCGA-JY-A6FG	5	914233	22023476	12823	0
TCGA-JY-A6FG	5	22035063	22984279	456	0.747101
TCGA-JY-A6FG	5	22984334	180360469	86757	0
TCGA-JY-A6FG	6	1014281	55054739	32544	0
TCGA-JY-A6FG	6	55056953	55093831	25	0.910365
TCGA-JY-A6FG	6	55095797	170903919	63424	0
TCGA-JY-A6FG	7	708774	40202824	22765	0
TCGA-JY-A6FG	7	40203304	42417518	1471	-0.757102
TCGA-JY-A6FG	7	42421862	76770308	13940	0
TCGA-JY-A6FG	7	76771065	76883125	78	-0.733803
TCGA-JY-A6FG	7	76883608	83014253	3855	0
TCGA-JY-A6FG	7	83018847	83024585	6	-0.957116
TCGA-JY-A6FG	7	83024796	132418845	25260	0
TCGA-JY-A6FG	7	132422609	133001170	340	0.727539
TCGA-JY-A6FG	7	133006299	158385118	13264	0
TCGA-JY-A6FG	8	617667	3437134	1408	0
TCGA-JY-A6FG	8	3442734	3454108	13	-0.62003
TCGA-JY-A6FG	8	3473828	24140376	11912	0
TCGA-JY-A6FG	8	24144598	25981394	1311	0.704946
TCGA-JY-A6FG	8	25983076	100907359	40018	0
TCGA-JY-A6FG	8	100908934	145232496	26449	2.041246
TCGA-JY-A6FG	9	789932	86845034	34132	0
TCGA-JY-A6FG	9	86849157	86881490	36	0.736264
TCGA-JY-A6FG	9	86882212	140938752	33497	0
TCGA-JY-A6FG	10	415240	82986860	47635	0
TCGA-JY-A6FG	10	82987329	83020585	27	0.669556
TCGA-JY-A6FG	10	83029528	135225087	32830	0
TCGA-JY-A6FG	11	456120	63937949	34543	0
TCGA-JY-A6FG	11	63944370	64432022	188	0.466005
TCGA-JY-A6FG	11	64433078	75066489	4419	0
TCGA-JY-A6FG	11	75070809	75081177	7	-0.891708
TCGA-JY-A6FG	11	75081258	81183798	3879	0
TCGA-JY-A6FG	11	81187630	81236374	47	0.699327
TCGA-JY-A6FG	11	81239454	134132624	33730	0
TCGA-JY-A6FG	12	889902	49349359	25016	0
TCGA-JY-A6FG	12	49351724	49622702	98	-0.707834
TCGA-JY-A6FG	12	49624308	106754911	34477	0
TCGA-JY-A6FG	12	106757613	133155338	13875	0.685517
TCGA-JY-A6FG	13	19450806	79181581	34240	0
TCGA-JY-A6FG	13	79188419	79420253	154	0.711455
TCGA-JY-A6FG	13	79436620	114987458	21887	0
TCGA-JY-A6FG	14	20501368	27907748	3574	0
TCGA-JY-A6FG	14	27911708	27995809	38	-0.723317
TCGA-JY-A6FG	14	27997715	78932927	29212	0
TCGA-JY-A6FG	14	78933685	78987050	33	0.579185
TCGA-JY-A6FG	14	78987225	79474261	347	0
TCGA-JY-A6FG	14	79478364	87521712	5108	-0.736085
TCGA-JY-A6FG	14	87521796	87571545	30	-1.268857
TCGA-JY-A6FG	14	87577699	100857762	8620	-0.736085
TCGA-JY-A6FG	14	100861727	105986740	2199	0
TCGA-JY-A6FG	15	23687685	36274995	5444	0
TCGA-JY-A6FG	15	36275589	37122723	621	0.732092
TCGA-JY-A6FG	15	37122815	40722426	2379	0
TCGA-JY-A6FG	15	40731325	42129512	626	-0.715476
TCGA-JY-A6FG	15	42138456	88736928	27205	0
TCGA-JY-A6FG	15	88742439	88767014	25	-0.723017
TCGA-JY-A6FG	15	88769291	101884307	7918	0
TCGA-JY-A6FG	16	653503	89379936	40492	0
TCGA-JY-A6FG	17	987221	78536725	35925	0
TCGA-JY-A6FG	17	78541160	79113163	233	-0.777966
TCGA-JY-A6FG	17	79142519	80917016	548	0
TCGA-JY-A6FG	18	329586	33214421	16866	0
TCGA-JY-A6FG	18	33330948	34049585	462	0.720725
TCGA-JY-A6FG	18	34052444	34326133	284	0
TCGA-JY-A6FG	18	34326355	34395692	41	-0.736212
TCGA-JY-A6FG	18	34399967	77109240	24750	0
TCGA-JY-A6FG	19	284018	5439572	1262	0
TCGA-JY-A6FG	19	5441333	5873751	171	0.474356
TCGA-JY-A6FG	19	5874103	58878226	22257	0
TCGA-JY-A6FG	20	456452	48568959	27857	0
TCGA-JY-A6FG	20	48570021	49279680	451	0.867716
TCGA-JY-A6FG	20	49287121	62219648	8708	0
TCGA-JY-A6FG	21	15372509	36214944	13102	0
TCGA-JY-A6FG	21	36215171	36292228	48	0.715705
TCGA-JY-A6FG	21	36292500	47678295	7248	0
TCGA-JY-A6FG	22	17423930	31301433	5492	0
TCGA-JY-A6FG	22	31305842	31344685	19	0.635781
TCGA-JY-A6FG	22	31346752	49331012	11231	0
TCGA-JY-A6FG	X	3157107	96672059	36177	0
TCGA-JY-A6FG	X	96676968	96996653	169	1.394416
TCGA-JY-A6FG	X	96999897	154905589	26151	0
TCGA-JY-A93F	1	3218610	38307690	18322	0
TCGA-JY-A93F	1	38308685	38381580	26	-0.669884
TCGA-JY-A93F	1	38384415	153665610	50968	0
TCGA-JY-A93F	1	153672043	153774683	14	-0.574611
TCGA-JY-A93F	1	153776666	195671979	26222	0
TCGA-JY-A93F	1	195672584	195716776	24	-0.639975
TCGA-JY-A93F	1	195719146	247812431	33020	0
TCGA-JY-A93F	2	484222	25898224	15888	0
TCGA-JY-A93F	2	25901513	26012173	50	-0.718248
TCGA-JY-A93F	2	26017633	26049972	11	-0.117345
TCGA-JY-A93F	2	26055494	26112053	32	-0.66166
TCGA-JY-A93F	2	26112541	157506111	66226	0
TCGA-JY-A93F	2	157508043	157542735	27	-0.628358
TCGA-JY-A93F	2	157558002	233523014	43139	0
TCGA-JY-A93F	2	233527336	233875975	195	-0.754895
TCGA-JY-A93F	2	233877221	242476062	5235	0
TCGA-JY-A93F	3	2212571	24414854	12788	0
TCGA-JY-A93F	3	24418957	24420072	6	-0.835167
TCGA-JY-A93F	3	24425376	71033531	27681	0
TCGA-JY-A93F	3	71041689	71089217	40	-0.648041
TCGA-JY-A93F	3	71090169	197538677	65439	0
TCGA-JY-A93F	4	1053934	27275907	16268	0
TCGA-JY-A93F	4	27278967	27377252	80	-0.816457
TCGA-JY-A93F	4	27387195	188762240	85784	0
TCGA-JY-A93F	5	914233	8490495	5376	0
TCGA-JY-A93F	5	8495379	8636737	124	-0.723183
TCGA-JY-A93F	5	8637212	72444967	32433	0
TCGA-JY-A93F	5	72445435	72446765	7	-1.018337
TCGA-JY-A93F	5	72447201	180360469	62096	0
TCGA-JY-A93F	6	1014281	69042530	37289	0
TCGA-JY-A93F	6	69050946	69062963	11	-0.764662
TCGA-JY-A93F	6	69071115	170903919	58693	0
TCGA-JY-A93F	7	708774	158385118	80979	0
TCGA-JY-A93F	8	617667	3368642	1317	0
TCGA-JY-A93F	8	3369812	3419556	62	0.172239
TCGA-JY-A93F	8	3421505	3442734	30	0
TCGA-JY-A93F	8	3443108	3473828	13	-0.604086
TCGA-JY-A93F	8	3473855	3548234	57	-1.185575
TCGA-JY-A93F	8	3655372	3703884	55	-0.604086
TCGA-JY-A93F	8	3705722	3843797	91	-1.231757
TCGA-JY-A93F	8	3848750	3894528	36	-0.604086
TCGA-JY-A93F	8	3896431	140320084	77966	0
TCGA-JY-A93F	8	140323589	140453852	99	1.041427
TCGA-JY-A93F	8	140456545	145232496	1385	0
TCGA-JY-A93F	9	789932	28501214	17415	0
TCGA-JY-A93F	9	28506753	28539581	21	-0.737573
TCGA-JY-A93F	9	28543418	140938752	50229	0
TCGA-JY-A93F	10	415240	135225087	80492	0
TCGA-JY-A93F	11	456120	67164495	35354	0
TCGA-JY-A93F	11	67167730	67294308	45	0.738717
TCGA-JY-A93F	11	67770619	134132624	41414	0
TCGA-JY-A93F	12	889902	133155338	73466	0
TCGA-JY-A93F	13	19450806	114987458	56281	0
TCGA-JY-A93F	14	20501368	40385637	10758	0
TCGA-JY-A93F	14	40396435	87157459	27319	0.644777
TCGA-JY-A93F	14	87160188	105986740	11084	0
TCGA-JY-A93F	15	23687685	101884307	44218	0
TCGA-JY-A93F	16	653503	54922712	19329	0
TCGA-JY-A93F	16	54924455	60365853	3443	-0.692754
TCGA-JY-A93F	16	60367131	67643193	4564	0
TCGA-JY-A93F	16	67653912	67676956	10	-0.674312
TCGA-JY-A93F	16	67685004	89379936	13146	0
TCGA-JY-A93F	17	987221	80917016	36706	0
TCGA-JY-A93F	18	329586	27206159	13197	0
TCGA-JY-A93F	18	27206529	27211762	15	-0.489505
TCGA-JY-A93F	18	27211906	77109240	29191	0
TCGA-JY-A93F	19	284018	58878226	23690	0
TCGA-JY-A93F	20	456452	62219648	37016	0
TCGA-JY-A93F	21	15372509	47678295	20398	0
TCGA-JY-A93F	22	17423930	49331012	16742	0
TCGA-JY-A93F	X	3157107	154905589	62497	0
TCGA-KH-A6WC	1	3218610	247812431	128596	0
TCGA-KH-A6WC	2	484222	242476062	130803	0
TCGA-KH-A6WC	3	2212571	197538677	105954	0
TCGA-KH-A6WC	4	1053934	77616209	41677	0
TCGA-KH-A6WC	4	77616338	77621339	6	-1.007188
TCGA-KH-A6WC	4	77625202	188762240	60449	0
TCGA-KH-A6WC	5	914233	163641658	90129	0
TCGA-KH-A6WC	5	163645822	163671150	8	-0.734156
TCGA-KH-A6WC	5	163673109	180360469	9899	0
TCGA-KH-A6WC	6	1014281	170903919	95993	0
TCGA-KH-A6WC	7	708774	158385118	80979	0
TCGA-KH-A6WC	8	617667	145232496	81111	0
TCGA-KH-A6WC	9	789932	140938752	67665	0
TCGA-KH-A6WC	10	415240	135225087	80492	0
TCGA-KH-A6WC	11	456120	32705863	20530	0
TCGA-KH-A6WC	11	32707915	35193007	1593	0.634705
TCGA-KH-A6WC	11	35196411	40622586	3092	0
TCGA-KH-A6WC	11	40622819	40650937	15	-0.548629
TCGA-KH-A6WC	11	40651655	134132624	51583	0
TCGA-KH-A6WC	12	889902	133155338	73466	0
TCGA-KH-A6WC	13	19450806	114987458	56281	0
TCGA-KH-A6WC	14	20501368	47466159	13519	0
TCGA-KH-A6WC	14	47466177	47469862	5	-1.05
TCGA-KH-A6WC	14	47470513	105986740	35637	0
TCGA-KH-A6WC	15	23687685	101884307	44218	0
TCGA-KH-A6WC	16	653503	4416101	1265	0
TCGA-KH-A6WC	16	4417644	4445567	10	0.84141
TCGA-KH-A6WC	16	4459949	89379936	39217	0
TCGA-KH-A6WC	17	987221	80917016	36706	0
TCGA-KH-A6WC	18	329586	77109240	42403	0
TCGA-KH-A6WC	19	284018	58878226	23690	0
TCGA-KH-A6WC	20	456452	26195759	16708	0
TCGA-KH-A6WC	20	26195868	31075696	565	0.596377
TCGA-KH-A6WC	20	31078606	31083797	6	-0.317429
TCGA-KH-A6WC	20	31084133	31403675	164	0.63865
TCGA-KH-A6WC	20	31413090	34839522	1634	0
TCGA-KH-A6WC	20	34845939	34854324	7	-1.004139
TCGA-KH-A6WC	20	34860332	62219648	17932	0
TCGA-KH-A6WC	21	15372509	47678295	20398	0
TCGA-KH-A6WC	22	17423930	49331012	16742	0
TCGA-KH-A6WC	X	3157107	154883301	62484	0
TCGA-KH-A6WC	X	154883396	154905589	13	-0.249703
TCGA-L5-A4OI	1	3218610	120527361	67527	0
TCGA-L5-A4OI	1	149881398	174234340	15118	0.794044
TCGA-L5-A4OI	1	174234364	174277606	22	0
TCGA-L5-A4OI	1	174290222	232608018	36194	0.781076
TCGA-L5-A4OI	1	232608091	244134351	8107	0
TCGA-L5-A4OI	1	244134388	247812431	1628	0.805612
TCGA-L5-A4OI	2	484222	242476062	130803	0
TCGA-L5-A4OI	3	2212571	7903890	3068	0
TCGA-L5-A4OI	3	7905524	7913516	14	-0.928405
TCGA-L5-A4OI	3	7914964	153932638	80967	0
TCGA-L5-A4OI	3	153936681	154227885	153	-0.836659
TCGA-L5-A4OI	3	154449165	174952260	10360	0
TCGA-L5-A4OI	3	174953789	175076539	121	-0.783452
TCGA-L5-A4OI	3	175078326	197538677	11271	0
TCGA-L5-A4OI	4	1053934	130500523	71263	0
TCGA-L5-A4OI	4	130502728	130503096	7	-0.892956
TCGA-L5-A4OI	4	130503425	188762240	30862	0
TCGA-L5-A4OI	5	914233	180360469	100036	0
TCGA-L5-A4OI	6	1014281	4499428	2423	0
TCGA-L5-A4OI	6	4499772	4828320	242	-1.288761
TCGA-L5-A4OI	6	4838027	147416176	79512	0
TCGA-L5-A4OI	6	147416455	147889345	274	0.858891
TCGA-L5-A4OI	6	147898277	162483614	9756	0
TCGA-L5-A4OI	6	162595372	163140136	34	-0.795454
TCGA-L5-A4OI	6	163145416	170903919	3752	0
TCGA-L5-A4OI	7	708774	158385118	80979	0
TCGA-L5-A4OI	8	617667	20022162	10592	0
TCGA-L5-A4OI	8	20023756	20025935	9	-0.259134
TCGA-L5-A4OI	8	20028302	145232496	70510	0
TCGA-L5-A4OI	9	789932	140938752	67665	0
TCGA-L5-A4OI	10	415240	135225087	80492	0
TCGA-L5-A4OI	11	456120	134132624	76813	0
TCGA-L5-A4OI	12	889902	10440005	5111	1.600049
TCGA-L5-A4OI	12	10440753	133155338	68355	0
TCGA-L5-A4OI	13	19450806	35514196	9899	0
TCGA-L5-A4OI	13	35518102	35656326	58	-0.145647
TCGA-L5-A4OI	13	35668556	55718896	11546	0
TCGA-L5-A4OI	13	55725237	55758138	18	-0.128343
TCGA-L5-A4OI	13	55764256	114987458	34760	0
TCGA-L5-A4OI	14	20501368	49825295	14798	0
TCGA-L5-A4OI	14	49829485	49858220	27	0.987226
TCGA-L5-A4OI	14	49866472	105986740	34336	0
TCGA-L5-A4OI	15	23687685	101884307	44218	0
TCGA-L5-A4OI	16	653503	67293088	27190	0
TCGA-L5-A4OI	16	67293533	69945141	1200	-0.771485
TCGA-L5-A4OI	16	69947586	78395997	4827	0
TCGA-L5-A4OI	16	78398513	78480894	101	-0.824315
TCGA-L5-A4OI	16	78484174	78495361	12	-1.224868
TCGA-L5-A4OI	16	78496824	78534900	81	-0.824315
TCGA-L5-A4OI	16	78535203	78672337	153	0
TCGA-L5-A4OI	16	78672598	78716478	59	-0.805861
TCGA-L5-A4OI	16	78718595	79007875	77	0
TCGA-L5-A4OI	16	79008996	79136345	158	-0.806873
TCGA-L5-A4OI	16	79141872	89379936	6634	0
TCGA-L5-A4OI	17	987221	80917016	36706	0
TCGA-L5-A4OI	18	329586	77109240	42403	0
TCGA-L5-A4OI	19	284018	58878226	23690	0
TCGA-L5-A4OI	20	456452	14533938	8857	0
TCGA-L5-A4OI	20	14534799	15234769	101	-0.878249
TCGA-L5-A4OI	20	15246472	56546496	24495	0
TCGA-L5-A4OI	20	56548391	56628316	60	0.714793
TCGA-L5-A4OI	20	56638324	62219648	3503	0
TCGA-L5-A4OI	21	15372509	47678295	20398	0
TCGA-L5-A4OI	22	17423930	49331012	16742	0
TCGA-L5-A4OI	X	3157107	128511005	51129	0
TCGA-L5-A4OI	X	128511190	128537971	13	-1.292893
TCGA-L5-A4OI	X	128542423	154905589	11355	0
TCGA-L5-A88W	1	3218610	247812431	128596	0
TCGA-L5-A88W	2	484222	242476062	130803	0
TCGA-L5-A88W	3	2212571	11369117	5316	0
TCGA-L5-A88W	3	11369779	11853897	319	-0.675958
TCGA-L5-A88W	3	11854517	197538677	100319	0
TCGA-L5-A88W	4	1053934	188762240	102132	0
TCGA-L5-A88W	5	914233	86576927	46136	0
TCGA-L5-A88W	5	86579618	86602645	10	-0.639632
TCGA-L5-A88W	5	86615364	86685854	34	-1.279279
TCGA-L5-A88W	5	86686947	180360469	53856	0
TCGA-L5-A88W	6	1014281	52256012	30711	0
TCGA-L5-A88W	6	52256356	52324144	43	-0.693553
TCGA-L5-A88W	6	52324405	170903919	65239	0
TCGA-L5-A88W	7	708774	52339274	30470	0
TCGA-L5-A88W	7	52339398	52347290	5	-0.839522
TCGA-L5-A88W	7	52347338	110329910	25394	0
TCGA-L5-A88W	7	110335201	110552817	130	-0.641279
TCGA-L5-A88W	7	110555950	158385118	24980	0
TCGA-L5-A88W	8	617667	3356469	1304	0
TCGA-L5-A88W	8	3357202	3454108	117	-0.684603
TCGA-L5-A88W	8	3473828	3520871	51	0
TCGA-L5-A88W	8	3544536	3548234	7	-0.825729
TCGA-L5-A88W	8	3655372	3980613	268	0
TCGA-L5-A88W	8	4078155	4114456	44	-0.742838
TCGA-L5-A88W	8	4210304	15736357	5679	0
TCGA-L5-A88W	8	15738015	15808311	63	0.67743
TCGA-L5-A88W	8	15808823	145232496	73578	0
TCGA-L5-A88W	9	789932	105618519	45959	0
TCGA-L5-A88W	9	105619046	105632251	12	-0.684879
TCGA-L5-A88W	9	105636872	108517834	1752	0
TCGA-L5-A88W	9	108520028	108996150	215	-0.698017
TCGA-L5-A88W	9	109000891	140938752	19727	0
TCGA-L5-A88W	10	415240	135225087	80492	0
TCGA-L5-A88W	11	456120	134132624	76813	0
TCGA-L5-A88W	12	889902	133155338	73466	0
TCGA-L5-A88W	13	19450806	94754950	43276	0
TCGA-L5-A88W	13	94765360	94970549	178	-0.701447
TCGA-L5-A88W	13	94970752	114987458	12827	0
TCGA-L5-A88W	14	20501368	105986740	49161	0
TCGA-L5-A88W	15	23687685	93230692	39304	0
TCGA-L5-A88W	15	93230841	93237310	10	-1.039823
TCGA-L5-A88W	15	93245002	101884307	4904	0
TCGA-L5-A88W	16	653503	83501212	37518	0
TCGA-L5-A88W	16	83505623	83751523	273	-0.682375
TCGA-L5-A88W	16	83753477	89379936	2701	0
TCGA-L5-A88W	17	987221	80917016	36706	0
TCGA-L5-A88W	18	329586	77109240	42403	0
TCGA-L5-A88W	19	284018	58878226	23690	0
TCGA-L5-A88W	20	456452	62219648	37016	0
TCGA-L5-A88W	21	15372509	47678295	20398	0
TCGA-L5-A88W	22	17423930	49331012	16742	0
TCGA-L5-A88W	X	3157107	154905589	62497	0
TCGA-L5-A8NM	1	3218610	74417742	40119	0
TCGA-L5-A8NM	1	74421061	74483620	33	-0.867744
TCGA-L5-A8NM	1	74522474	247812431	88444	0
TCGA-L5-A8NM	2	484222	242476062	130803	0
TCGA-L5-A8NM	3	2212571	59666609	33166	0
TCGA-L5-A8NM	3	59669196	59692543	43	0.312384
TCGA-L5-A8NM	3	59693397	197538677	72745	0
TCGA-L5-A8NM	4	1053934	188762240	102132	0
TCGA-L5-A8NM	5	914233	13957465	8808	0
TCGA-L5-A8NM	5	13957746	14411050	442	0.584168
TCGA-L5-A8NM	5	14411621	105624643	45817	0
TCGA-L5-A8NM	5	105624973	105670522	24	-0.800326
TCGA-L5-A8NM	5	105673428	180360469	44945	0
TCGA-L5-A8NM	6	1014281	170903919	95993	0
TCGA-L5-A8NM	7	708774	158385118	80979	0
TCGA-L5-A8NM	8	617667	145232496	81111	0
TCGA-L5-A8NM	9	789932	140938752	67665	0
TCGA-L5-A8NM	10	415240	135225087	80492	0
TCGA-L5-A8NM	11	456120	134132624	76813	0
TCGA-L5-A8NM	12	889902	133155338	73466	0
TCGA-L5-A8NM	13	19450806	114987458	56281	0
TCGA-L5-A8NM	14	20501368	105986740	49161	0
TCGA-L5-A8NM	15	23687685	47312834	11581	0
TCGA-L5-A8NM	15	47317226	47400623	37	-0.70225
TCGA-L5-A8NM	15	47400755	101884307	32600	0
TCGA-L5-A8NM	16	653503	78330749	33172	0
TCGA-L5-A8NM	16	78332721	78424935	97	-0.268739
TCGA-L5-A8NM	16	78425224	78573628	219	0
TCGA-L5-A8NM	16	78573843	78596305	30	-0.561229
TCGA-L5-A8NM	16	78596521	89379936	6974	0
TCGA-L5-A8NM	17	987221	80917016	36706	0
TCGA-L5-A8NM	18	329586	5635635	2767	0
TCGA-L5-A8NM	18	5638455	5647133	6	-1.023007
TCGA-L5-A8NM	18	5651168	77109240	39630	0
TCGA-L5-A8NM	19	284018	35730653	14044	0
TCGA-L5-A8NM	19	35737893	36256510	275	-0.404841
TCGA-L5-A8NM	19	36263936	58878226	9371	0
TCGA-L5-A8NM	20	456452	62219648	37016	0
TCGA-L5-A8NM	21	15372509	47678295	20398	0
TCGA-L5-A8NM	22	17423930	49331012	16742	0
TCGA-L5-A8NM	X	3157107	154905589	62497	0
TCGA-L5-A8NQ	1	3218610	60340137	31077	0
TCGA-L5-A8NQ	1	60342899	60347689	5	-1.053315
TCGA-L5-A8NQ	1	60351460	105833213	27548	0.155018
TCGA-L5-A8NQ	1	105838295	247812431	69966	0
TCGA-L5-A8NQ	2	484222	242476062	130803	0
TCGA-L5-A8NQ	3	2212571	191063876	103278	0
TCGA-L5-A8NQ	3	191064009	197538677	2676	0.2268
TCGA-L5-A8NQ	4	1053934	188762240	102132	0
TCGA-L5-A8NQ	5	914233	25410368	14538	0
TCGA-L5-A8NQ	5	25410448	45378456	11269	0.333507
TCGA-L5-A8NQ	5	50124856	106851042	29894	-0.21339
TCGA-L5-A8NQ	5	106852966	180360469	44335	0
TCGA-L5-A8NQ	6	1014281	136179068	75627	0
TCGA-L5-A8NQ	6	136179737	136319967	120	-0.465892
TCGA-L5-A8NQ	6	136320814	167287772	19295	0
TCGA-L5-A8NQ	6	167288130	167427745	56	-0.294967
TCGA-L5-A8NQ	6	167428118	170903919	895	0
TCGA-L5-A8NQ	7	708774	75842091	38096	0
TCGA-L5-A8NQ	7	75859030	75981782	47	0.525376
TCGA-L5-A8NQ	7	75982988	158385118	42836	0
TCGA-L5-A8NQ	8	617667	115932499	62642	0
TCGA-L5-A8NQ	8	115932756	145232496	18469	0.108857
TCGA-L5-A8NQ	9	789932	21958524	13408	0
TCGA-L5-A8NQ	9	21958566	22113907	117	-0.318536
TCGA-L5-A8NQ	9	22118058	140938752	54140	0
TCGA-L5-A8NQ	10	415240	34877263	23814	0
TCGA-L5-A8NQ	10	34878530	35071563	131	-0.404731
TCGA-L5-A8NQ	10	35073773	135225087	56547	0
TCGA-L5-A8NQ	11	456120	66955997	35271	0
TCGA-L5-A8NQ	11	66957955	68693036	552	2.032292
TCGA-L5-A8NQ	11	68695897	71671879	1626	3.656854
TCGA-L5-A8NQ	11	71677032	134132624	39364	0
TCGA-L5-A8NQ	12	889902	32825571	19056	0
TCGA-L5-A8NQ	12	32825828	33521107	390	0.544111
TCGA-L5-A8NQ	12	39223566	133155338	54020	0
TCGA-L5-A8NQ	13	19450806	114987458	56281	0
TCGA-L5-A8NQ	14	20501368	105986740	49161	0
TCGA-L5-A8NQ	15	23687685	34637696	4592	0.466388
TCGA-L5-A8NQ	15	34637903	35246812	234	1.141819
TCGA-L5-A8NQ	15	35258895	90360759	32411	0
TCGA-L5-A8NQ	15	90361164	101884307	6981	0.499432
TCGA-L5-A8NQ	16	653503	89379936	40492	0
TCGA-L5-A8NQ	17	987221	80917016	36706	0
TCGA-L5-A8NQ	18	329586	77109240	42403	0
TCGA-L5-A8NQ	19	284018	58878226	23690	0
TCGA-L5-A8NQ	20	456452	4438098	2372	0
TCGA-L5-A8NQ	20	4439087	12796624	5476	0.325918
TCGA-L5-A8NQ	20	12893188	62219648	29168	0
TCGA-L5-A8NQ	21	15372509	47678295	20398	0
TCGA-L5-A8NQ	22	17423930	49331012	16742	0
TCGA-L5-A8NQ	X	3157107	27155800	10184	0
TCGA-L5-A8NQ	X	27157662	27468855	218	-0.180427
TCGA-L5-A8NQ	X	27469769	41436651	6531	0
TCGA-L5-A8NQ	X	41439507	41562129	56	-0.284891
TCGA-L5-A8NQ	X	41564320	121897803	30950	0
TCGA-L5-A8NQ	X	121899576	121903812	6	-1.206905
TCGA-L5-A8NQ	X	121906428	154905589	14552	0
TCGA-LN-A9FP	1	3218610	52017569	25449	0
TCGA-LN-A9FP	1	52023201	52034812	9	-1.059826
TCGA-LN-A9FP	1	52037697	247812431	103138	0
TCGA-LN-A9FP	2	484222	43895010	25536	0
TCGA-LN-A9FP	2	43901613	44041760	121	0.745811
TCGA-LN-A9FP	2	44048346	242476062	105146	0
TCGA-LN-A9FP	3	2212571	131061573	71514	0
TCGA-LN-A9FP	3	131066313	131106984	12	-0.990948
TCGA-LN-A9FP	3	131109414	166909276	18608	0
TCGA-LN-A9FP	3	166910911	197538677	15820	0.390841
TCGA-LN-A9FP	4	1053934	188762240	102132	0
TCGA-LN-A9FP	5	914233	24037697	13909	0
TCGA-LN-A9FP	5	24041310	24124988	57	-0.990013
TCGA-LN-A9FP	5	24131279	180360469	86070	0
TCGA-LN-A9FP	6	1014281	170903919	95993	0
TCGA-LN-A9FP	7	708774	54397486	31747	0
TCGA-LN-A9FP	7	54400852	56401199	1282	3.586755
TCGA-LN-A9FP	7	56403069	56487240	15	3.208664
TCGA-LN-A9FP	7	56489650	141164309	39585	0
TCGA-LN-A9FP	7	141165361	141168550	5	-0.832691
TCGA-LN-A9FP	7	141168630	158385118	8345	0
TCGA-LN-A9FP	8	617667	145232496	81111	0
TCGA-LN-A9FP	9	789932	28426174	17369	0
TCGA-LN-A9FP	9	28426553	28427231	5	-1.107751
TCGA-LN-A9FP	9	28433220	140938752	50291	0
TCGA-LN-A9FP	10	415240	135225087	80492	0
TCGA-LN-A9FP	11	456120	68226019	35598	0
TCGA-LN-A9FP	11	68230025	68715544	237	1.406861
TCGA-LN-A9FP	11	68715646	70133539	767	1.925245
TCGA-LN-A9FP	11	70134766	70364509	116	1.250569
TCGA-LN-A9FP	11	70366383	71434505	668	0.568629
TCGA-LN-A9FP	11	71440571	83556468	7023	-0.10972
TCGA-LN-A9FP	11	83559542	83594663	30	0.718433
TCGA-LN-A9FP	11	83601075	134132624	32374	-0.10526
TCGA-LN-A9FP	12	889902	133155338	73466	0
TCGA-LN-A9FP	13	19450806	114987458	56281	0
TCGA-LN-A9FP	14	20501368	105986740	49161	0
TCGA-LN-A9FP	15	23687685	27467286	2194	0.183738
TCGA-LN-A9FP	15	27467567	101884307	42024	0
TCGA-LN-A9FP	16	653503	89379936	40492	0
TCGA-LN-A9FP	17	987221	80917016	36706	0
TCGA-LN-A9FP	18	329586	27987508	13653	0
TCGA-LN-A9FP	18	27991433	28007354	15	-1.04028
TCGA-LN-A9FP	18	28007355	28039979	27	-0.816393
TCGA-LN-A9FP	18	28051730	77109240	28708	0
TCGA-LN-A9FP	19	284018	58878226	23690	0
TCGA-LN-A9FP	20	456452	25236859	16372	0
TCGA-LN-A9FP	20	25237338	25247595	6	-0.406168
TCGA-LN-A9FP	20	25249467	62219648	20638	0
TCGA-LN-A9FP	21	15372509	47678295	20398	0
TCGA-LN-A9FP	22	17423930	49331012	16742	0
TCGA-LN-A9FP	X	3157107	154905589	62497	0
TCGA-V5-AASV	1	3218610	7182492	2433	0
TCGA-V5-AASV	1	7190806	7469103	195	-0.875651
TCGA-V5-AASV	1	7469251	8009763	334	0
TCGA-V5-AASV	1	8015436	10980580	1334	-0.77333
TCGA-V5-AASV	1	10983230	16436771	2752	0
TCGA-V5-AASV	1	16440392	16458676	13	-0.708686
TCGA-V5-AASV	1	16462697	26286840	5285	0
TCGA-V5-AASV	1	26290480	26332419	27	-0.788648
TCGA-V5-AASV	1	26333606	238877566	111030	0
TCGA-V5-AASV	1	238887779	239519066	434	-0.751893
TCGA-V5-AASV	1	239519108	247812431	4759	0
TCGA-V5-AASV	2	484222	137621910	71113	0
TCGA-V5-AASV	2	137622581	137639846	21	-0.794328
TCGA-V5-AASV	2	137641442	138379023	483	0.627881
TCGA-V5-AASV	2	139069835	144214278	3098	0
TCGA-V5-AASV	2	144217879	166904877	12758	0.697083
TCGA-V5-AASV	2	166909104	169259263	1460	2.078802
TCGA-V5-AASV	2	169261529	169297966	27	0.873393
TCGA-V5-AASV	2	169298494	176505213	4571	2.09052
TCGA-V5-AASV	2	176506549	202111466	13245	0.697083
TCGA-V5-AASV	2	202113552	202489720	165	-0.758044
TCGA-V5-AASV	2	202500195	212136711	5501	0.641506
TCGA-V5-AASV	2	212136883	212572957	334	0
TCGA-V5-AASV	2	212575685	225936223	8431	0.664565
TCGA-V5-AASV	2	225938996	225982853	40	-0.106065
TCGA-V5-AASV	2	225983668	230899765	2897	0.650565
TCGA-V5-AASV	2	230900001	230920379	14	-0.175676
TCGA-V5-AASV	2	230926136	233325924	1100	0.630432
TCGA-V5-AASV	2	233335141	233428147	60	-0.775717
TCGA-V5-AASV	2	233428242	233432883	6	-1.210798
TCGA-V5-AASV	2	233437917	233802538	191	-0.775717
TCGA-V5-AASV	2	233805445	234804506	623	0.678007
TCGA-V5-AASV	2	234807803	234874119	51	-0.764211
TCGA-V5-AASV	2	234876755	237361309	1650	-1.240227
TCGA-V5-AASV	2	237363335	238502987	811	0
TCGA-V5-AASV	2	238503559	240723171	1221	0.675484
TCGA-V5-AASV	2	240725541	242476062	932	-0.791126
TCGA-V5-AASV	3	2212571	23157067	12010	0
TCGA-V5-AASV	3	23160752	23166333	8	-0.872144
TCGA-V5-AASV	3	23168326	197538677	93936	0
TCGA-V5-AASV	4	1053934	80189596	43297	0
TCGA-V5-AASV	4	80194689	80203560	7	-0.698617
TCGA-V5-AASV	4	80203982	91476883	6577	0
TCGA-V5-AASV	4	91481236	91497793	11	-0.575433
TCGA-V5-AASV	4	91498710	91580510	63	0
TCGA-V5-AASV	4	91589442	91721940	84	0.749853
TCGA-V5-AASV	4	91724184	160239551	37323	0
TCGA-V5-AASV	4	160254910	160591060	219	0.817362
TCGA-V5-AASV	4	160591397	161355449	444	0
TCGA-V5-AASV	4	161366623	161411643	38	0.984423
TCGA-V5-AASV	4	161416843	163554741	1229	0
TCGA-V5-AASV	4	163556727	164307572	437	-0.771096
TCGA-V5-AASV	4	164312232	171121333	3574	0
TCGA-V5-AASV	4	171121829	171629286	257	0.750928
TCGA-V5-AASV	4	171629506	175159493	1874	0
TCGA-V5-AASV	4	175162473	175598280	244	-0.720908
TCGA-V5-AASV	4	175598416	187495609	5718	0
TCGA-V5-AASV	4	187498104	188762240	736	-1.264402
TCGA-V5-AASV	5	914233	107733615	56356	0
TCGA-V5-AASV	5	107737653	107927705	117	0.804027
TCGA-V5-AASV	5	107934028	174539339	40953	0
TCGA-V5-AASV	5	174544585	174567871	23	-0.78357
TCGA-V5-AASV	5	174569783	176680158	940	0
TCGA-V5-AASV	5	176685307	176726983	26	-0.805931
TCGA-V5-AASV	5	176729597	178190266	526	0
TCGA-V5-AASV	5	178192807	178470961	160	-0.798683
TCGA-V5-AASV	5	178472381	180360469	935	0
TCGA-V5-AASV	6	1014281	3658852	1948	-0.77968
TCGA-V5-AASV	6	3659463	89566067	46831	0
TCGA-V5-AASV	6	89569483	89968567	221	0.698579
TCGA-V5-AASV	6	89968681	170903919	46993	0
TCGA-V5-AASV	7	708774	10664610	3797	0
TCGA-V5-AASV	7	10666559	10691219	17	1.470641
TCGA-V5-AASV	7	10697762	158385118	77165	0
TCGA-V5-AASV	8	617667	3520871	1472	0
TCGA-V5-AASV	8	3544536	3740192	115	-1.222758
TCGA-V5-AASV	8	3795574	145232496	79524	0
TCGA-V5-AASV	9	789932	9874215	5522	0
TCGA-V5-AASV	9	9985544	10371980	177	-0.532715
TCGA-V5-AASV	9	10372205	110231817	43118	0
TCGA-V5-AASV	9	110232674	110242556	10	-0.596723
TCGA-V5-AASV	9	110243031	140938752	18838	0
TCGA-V5-AASV	10	415240	70556770	40096	0
TCGA-V5-AASV	10	70564120	70621086	40	-0.159456
TCGA-V5-AASV	10	70626330	113712611	26446	0
TCGA-V5-AASV	10	113716102	113733379	18	0.833968
TCGA-V5-AASV	10	113734044	135225087	13892	0
TCGA-V5-AASV	11	456120	102508628	55950	0
TCGA-V5-AASV	11	102512067	102528141	13	-0.403349
TCGA-V5-AASV	11	102529051	134132624	20850	0
TCGA-V5-AASV	12	889902	75109801	39748	0
TCGA-V5-AASV	12	75113224	75132006	8	-0.691207
TCGA-V5-AASV	12	75135277	121618438	28599	0
TCGA-V5-AASV	12	121620145	121627458	6	-0.799725
TCGA-V5-AASV	12	121629678	133155338	5105	0
TCGA-V5-AASV	13	19450806	112590667	55359	0
TCGA-V5-AASV	13	112592000	112596793	9	-1.07583
TCGA-V5-AASV	13	112601458	114987458	913	0
TCGA-V5-AASV	14	20501368	21047370	339	0
TCGA-V5-AASV	14	21049559	21051027	5	-0.653812
TCGA-V5-AASV	14	21052621	29759178	4077	0
TCGA-V5-AASV	14	29763580	29828940	33	0.897856
TCGA-V5-AASV	14	29835350	105986740	44707	0
TCGA-V5-AASV	15	23687685	101884307	44218	0
TCGA-V5-AASV	16	653503	89379936	40492	0
TCGA-V5-AASV	17	987221	3818830	1244	-0.639004
TCGA-V5-AASV	17	3825201	4050138	121	-1.144662
TCGA-V5-AASV	17	4120252	8256850	2026	-0.639004
TCGA-V5-AASV	17	8259982	15586150	3993	0.658293
TCGA-V5-AASV	17	15682578	15714137	10	-0.318734
TCGA-V5-AASV	17	15718615	70430739	24991	0
TCGA-V5-AASV	17	70437043	70559396	84	-0.605744
TCGA-V5-AASV	17	70564420	76408369	2548	0.679567
TCGA-V5-AASV	17	76456078	76804214	116	0
TCGA-V5-AASV	17	76812175	79943475	1208	0.710013
TCGA-V5-AASV	17	79976478	80917016	365	-0.620502
TCGA-V5-AASV	18	329586	33912579	17194	0
TCGA-V5-AASV	18	33916249	34117792	189	-0.748554
TCGA-V5-AASV	18	34120155	77109240	25020	0
TCGA-V5-AASV	19	284018	58878226	23690	0
TCGA-V5-AASV	20	456452	2074922	953	0
TCGA-V5-AASV	20	2074938	2079114	8	-1.000284
TCGA-V5-AASV	20	2079755	12751391	6855	0
TCGA-V5-AASV	20	12757713	12766525	9	-0.605425
TCGA-V5-AASV	20	12766847	62219648	29191	0
TCGA-V5-AASV	21	15372509	15404514	6	0.202607
TCGA-V5-AASV	21	15407516	15413148	7	-1.166473
TCGA-V5-AASV	21	15413628	47678295	20385	0
TCGA-V5-AASV	22	17423930	49331012	16742	0
TCGA-V5-AASV	X	3157107	123043705	48643	0
TCGA-V5-AASV	X	123046272	123238568	115	1.494262
TCGA-V5-AASV	X	123245334	154905589	13739	0
TCGA-VR-A8ET	1	3218610	247812431	128596	0
TCGA-VR-A8ET	2	484222	242476062	130803	0
TCGA-VR-A8ET	3	2212571	197538677	105954	0
TCGA-VR-A8ET	4	1053934	188762240	102132	0
TCGA-VR-A8ET	5	914233	180360469	100036	0
TCGA-VR-A8ET	6	1014281	132306429	72989	0
TCGA-VR-A8ET	6	132311165	132317573	6	-1.007376
TCGA-VR-A8ET	6	132318286	170903919	22998	0
TCGA-VR-A8ET	7	708774	77414116	38561	0
TCGA-VR-A8ET	7	77415835	79819148	1577	0.37792
TCGA-VR-A8ET	7	79823380	80619620	540	3.656854
TCGA-VR-A8ET	7	80626164	84314358	2327	0
TCGA-VR-A8ET	7	84318996	84365574	20	2.720697
TCGA-VR-A8ET	7	84366874	85486624	493	3.656854
TCGA-VR-A8ET	7	85487257	94752404	4320	2.316614
TCGA-VR-A8ET	7	94762717	94839747	34	3.180531
TCGA-VR-A8ET	7	94841401	95884029	706	1.910898
TCGA-VR-A8ET	7	95889820	96058771	85	0
TCGA-VR-A8ET	7	96068471	97816638	984	3.656854
TCGA-VR-A8ET	7	97817116	158385118	31332	0
TCGA-VR-A8ET	8	617667	130447360	72341	0
TCGA-VR-A8ET	8	130449321	130457123	7	-0.786478
TCGA-VR-A8ET	8	130458865	145232496	8763	0
TCGA-VR-A8ET	9	789932	89062045	35608	0
TCGA-VR-A8ET	9	89063827	89071996	9	-0.743771
TCGA-VR-A8ET	9	89078466	140938752	32048	0
TCGA-VR-A8ET	10	415240	135225087	80492	0
TCGA-VR-A8ET	11	456120	134132624	76813	0
TCGA-VR-A8ET	12	889902	42423135	21423	0
TCGA-VR-A8ET	12	42429402	42524901	46	2.344229
TCGA-VR-A8ET	12	42526800	45621877	1438	0
TCGA-VR-A8ET	12	45625430	45639105	6	1.366851
TCGA-VR-A8ET	12	45642589	46214767	345	0
TCGA-VR-A8ET	12	46221051	48643514	1398	0.2196
TCGA-VR-A8ET	12	48645332	49019121	201	0
TCGA-VR-A8ET	12	49022976	50168205	467	0.207632
TCGA-VR-A8ET	12	50173773	50950229	378	0
TCGA-VR-A8ET	12	50954607	52410533	732	2.036766
TCGA-VR-A8ET	12	52415111	63247414	6183	0
TCGA-VR-A8ET	12	63249773	63551063	261	2.139338
TCGA-VR-A8ET	12	63565177	63731975	116	0.860366
TCGA-VR-A8ET	12	63736398	63918671	110	1.312912
TCGA-VR-A8ET	12	63919488	66858432	1546	2.393285
TCGA-VR-A8ET	12	66859576	66905862	31	3.395288
TCGA-VR-A8ET	12	66914192	66921799	6	3.656854
TCGA-VR-A8ET	12	66922252	67440165	415	3.065835
TCGA-VR-A8ET	12	67442914	67729416	203	2.211108
TCGA-VR-A8ET	12	67731036	67774745	30	3.294887
TCGA-VR-A8ET	12	67775149	69618997	1348	3.656854
TCGA-VR-A8ET	12	69619736	70359846	504	3.120199
TCGA-VR-A8ET	12	70360539	133155338	36279	0
TCGA-VR-A8ET	13	19450806	114987458	56281	0
TCGA-VR-A8ET	14	20501368	49189946	14449	0
TCGA-VR-A8ET	14	49190976	49262738	33	-0.972193
TCGA-VR-A8ET	14	49264324	105986740	34679	0
TCGA-VR-A8ET	15	23687685	86964503	34996	0
TCGA-VR-A8ET	15	86968954	87022623	49	-1.114539
TCGA-VR-A8ET	15	87024121	101884307	9173	0
TCGA-VR-A8ET	16	653503	89379936	40492	0
TCGA-VR-A8ET	17	987221	12580010	6279	-0.105996
TCGA-VR-A8ET	17	12580150	80917016	30427	0
TCGA-VR-A8ET	18	329586	68898013	38629	0
TCGA-VR-A8ET	18	68899784	68913398	11	-0.989892
TCGA-VR-A8ET	18	68915991	77109240	3763	0
TCGA-VR-A8ET	19	284018	58878226	23690	0
TCGA-VR-A8ET	20	456452	62219648	37016	0
TCGA-VR-A8ET	21	15372509	47678295	20398	0
TCGA-VR-A8ET	22	17423930	49331012	16742	0
TCGA-VR-A8ET	X	3157107	154905589	62497	0
