tumoreventbetahrlowerupperp
ACCOS-0.2218109426459910.801066797588560.3615794117496151.774736042336280.584704039615489
ACCDSS-0.6196289971934220.5381440535175490.2260716217305521.281005639360890.161421380137887
ACCDFI0.9342833452215762.545388639003490.54122159290849911.9710732322230.236904008905681
ACCPFI-0.3643083324692360.6946769702528651.26400015415321.26400015415320.2329258812317
BLCAOS0.1364817744699691.146233986863440.8586222523615851.530186702041790.354498917486838
BLCADSS0.1278824323087421.136419388639040.8008341783866961.612629757481630.473891569921053
BLCADFI-0.29223482991060.7465931929735120.3595690496081671.550192922338010.433065654926251
BLCAPFI0.0834190468554841.08699721588831.463442039000481.463442039000480.582449394908891
BRCAOS-0.1529340440431410.8581863224448590.6419322008656971.147292133091660.301885245175497
BRCADSS0.04006922432441011.040882826108910.7140015099737761.517415639258620.834957957454212
BRCADFI0.1728625045256061.188702652612170.8184962189911341.726353724723210.363899480736699
BRCAPFI-0.004474319113093090.9955356757403921.328134629650051.328134629650050.975729474036752
CESCOS0.4341213379913861.543606154824081.024833396044342.32498274393440.0377697754343034
CESCDSS0.280551686355851.323859966391420.825763365958562.122406106717310.244025254722867
CESCDFI0.4766091923860951.610603884782820.814665125244763.184185493270180.170521075185313
CESCPFI0.4782101869956861.613184518159382.383161057857752.383161057857750.0163088979653533
CHOLOS0.5725329440833021.772751650220650.5831952621527195.388672743601770.312814238501552
CHOLDSS0.4997203271955581.648260232671510.5077366589239745.350730042545810.405532010164727
CHOLDFI0.09187302874716471.096225624103050.2910909527687174.128299445620110.891980559035608
CHOLPFI0.7881714167587592.199371013999426.028143385060286.028143385060280.12549268862237
COADOS-0.01732421462658960.9828249867383630.673326458166231.434586362739950.928462101990485
COADDSS-0.08282376801924570.9205133568186280.5661180698696871.496763458330430.73843456164798
COADDFI0.5002987983891071.649213979566540.7375975811851783.687521244344830.222989343465052
COADPFI0.05332086214050541.05476802595621.503592049859551.503592049859550.768168791835534
DLBCOS-0.5304431199485030.5883442048538170.1110827397184953.116135812478880.532856721478915
DLBCDSS-0.9817154664588670.3746678171715080.03102562355618624.524517387050950.439900442183484
DLBCDFI-1.100883388718030.3325771589821870.0078794392286710614.03749219540820.564263880868196
DLBCPFI-0.7983603217551960.4500663233952261.993250217703571.993250217703570.293031465300911
ESCAOS0.1716020817601041.18720532855630.8041124790141221.752810121639350.388005690179172
ESCADSS0.2216517994474671.248136700302510.7798274284049021.997679442782020.355662870957284
ESCADFI-0.7706494109462850.4627124801695720.2174362559023450.9846694536574190.0454938561942272
ESCAPFI-0.07748220516096710.9254434923680951.337426037996921.337426037996920.680037011328961
GBMOS0.4242705737148421.528475103025841.077053899052492.16909863343430.0175208059845711
GBMDSS0.4377326334641361.549190650305171.058922056213882.266447900399750.0241407277020441
GBMDFINANANANANA
GBMPFI0.3336119302937911.396001292631841.982704124920431.982704124920430.0623683397751821
HNSCOS0.3589546977144811.431831934843241.105263642488281.854890191648240.00657334951318005
HNSCDSS0.3682938817332691.445266714055661.034851786316492.018449310690390.0306972663198774
HNSCDFI0.3848374630152651.46937547417190.7180644317590873.006783498256130.292159020524135
HNSCPFI0.3251293139286421.384209631993391.819837704144671.819837704144670.0198618924125828
KICHOS1.151679636927613.163501984536320.45716226141351421.89101255913370.24325006712569
KICHDSS0.9910459474751292.694050834877470.29923984831379624.25448997452050.376751477937361
KICHDFI-4.438090483393520.0118184845794310.0001113394042878061.254511631777650.0622241808905389
KICHPFI0.2676838650786771.306933907251786.926376635187976.926376635187970.753062139919697
KIRCOS0.6700554828163331.954345750234231.43677150524052.658367943355931.96645228715439e-05
KIRCDSS1.075669618469892.931955534931332.035203311793114.223835136766117.69882006389398e-09
KIRCDFI0.2880845579719291.333870088704420.4896745177174593.633453139105210.573126647734679
KIRCPFI0.994129299799472.702370362206863.701420518889323.701420518889325.87706091872302e-10
KIRPOS1.105652261341473.02119443460521.617176591325085.644167656551620.000525469249431851
KIRPDSS1.539267957084054.661176840265752.233394609671579.728047807648644.12291787372471e-05
KIRPDFI1.455647514521184.287258629244262.056389457075238.938280874174370.000103064077700678
KIRPPFI1.243062466565273.46621238659925.984147630178695.984147630178698.1284256050318e-06
LGGOS0.9475021584762692.579259026044221.82589842524733.64345411083297.61118096104922e-08
LGGDSS1.048298942226222.852794220516851.998472285807434.072328109031677.79691207538275e-09
LGGDFI0.9500863296615052.585932892391170.9986480058681566.696102014580480.0503266627294371
LGGPFI0.8791934491615472.408955977201163.221076908540093.221076908540093.004661774442e-09
LIHCOS-0.09948219842630540.9053060655977080.6641093348121071.234102623538460.529136096405771
LIHCDSS0.04807839446328931.049252907718920.7036930792261911.56450545963480.813525992004394
LIHCDFI-0.1125202788245620.8935792261884210.6631206128042161.20413061825790.459686810582644
LIHCPFI-0.08534656981037760.9181940109283971.198794862057321.198794862057320.530466807020385
LUADOS0.05126345968100251.052600174461580.8566967524513611.293301420959290.6256241840215
LUADDSS0.1204004865724031.127948489360260.8699978416636311.462380403401030.363461737480245
LUADDFI0.0516582776834631.053015842010970.7947883272792561.395141732040640.718935437006259
LUADPFI0.1362810171251131.146003895068741.38726828490191.38726828490190.162096958421827
LUSCOS0.03794018200100871.038669099913010.7955412407527181.356100028319520.780360839659937
LUSCDSS0.09021327384458261.094407667347770.7265508900581131.648512387416910.666022396635446
LUSCDFI0.3098615796790171.363236401451380.8164574425205272.276191494445690.236143430141276
LUSCPFI0.09759837138228131.102519892634831.513851508410161.513851508410160.546292813732654
MESOOS-0.1566815769805010.854976259600070.5266846663815821.387897638071980.526168119053946
MESODSS0.03344512865163991.034010704608040.5532219282218471.932638752553670.916528149886473
MESODFI0.9836122524215392.67409833479360.34105914791091620.96645683878170.349190957521239
MESOPFI-0.1960823233291310.8219445666798071.380705061342751.380705061342750.458722751413027
OVOS0.0507402434498581.052049581017670.827049421866531.338261404525930.679398310172226
OVDSS0.04130946244018861.042174569533050.8016194058671231.354917090868730.757686952554747
OVDFI0.07255173616116541.075248433877430.7847552105599311.473273676935420.651616512441706
OVPFI0.1172389137805311.124388029398061.404917080754321.404917080754320.30224667540233
PAADOS0.3128016412900171.367250298122430.8714926822820712.145024755481340.173405406288068
PAADDSS0.3041789827843711.355511647628110.8209399825400412.238180458905660.234506318378021
PAADDFI0.2020011718358921.223849442261220.4663598651939713.211698881292290.68154176519501
PAADPFI0.1565209956164761.169435315076661.805193044541081.805193044541080.479804251876507
PCPGOS-0.247792319370990.7805220257520210.1756665063173943.468018152437730.744690419243016
PCPGDSS-0.406892134032690.6657159945285390.1196005463737963.705482949768680.642254463527219
PCPGDFI-0.4881862917976580.6137385279387080.07563457015178094.980195959605170.647661785887021
PCPGPFI0.04177652850955991.04266144760612.492026171849322.492026171849320.925130625755893
PRADOS-0.5161094729930980.5968380514499860.176462709619122.018645528154240.406459488077147
PRADDSS-0.1218350365589560.8852943976677360.1653534493414964.739823533546290.886825924575251
PRADDFI-0.299190668576880.7414180308363980.3663643049809161.500420998923340.405492345715876
PRADPFI-0.4910505030005170.6119831662347280.8969711355734150.8969711355734150.0118231823769416
READOS0.1053907144977931.11114466588440.4451188055305192.773736928620270.821357752446228
READDSS-0.4713606099979740.6241524622061420.1741815899384882.23655264724340.469156507513544
READDFI-1.634015235001490.1951444481305620.02523992163640381.508774717479960.117388606181811
READPFI-0.3377561596714630.7133692148759381.505148670123471.505148670123470.375285684064084
SARCOS0.08756253021758961.091510514699060.7634163914716461.560609933200340.631202351133294
SARCDSS0.1136627012860651.120374160380840.759967588349791.651699728372270.566000611177562
SARCDFI0.1614594367865261.175224786297630.7191193243681191.920617693790830.51940384192418
SARCPFI0.1634726721167681.177593173618951.604598059811191.604598059811190.300411020469558
SKCMOS-0.1837123725268530.8321751258358890.6743119574319831.026995639669980.0869401886987031
SKCMDSS-0.1735120969292830.840706981127470.672290441628021.05131381372150.12819950229213
SKCMDFINANANANANA
SKCMPFI-0.06657905483904280.9355889500988331.121981242013431.121981242013430.472588298381603
STADOS0.1704105605871551.185791590687240.8942428108431791.572393626758680.236571086993678
STADDSS0.0524267754109671.053825393321910.733108186511421.514848667690840.777056285360682
STADDFI0.2729471479550271.313830804344960.7606192315808452.269402758668290.327692999231
STADPFI0.1345566560992421.144029473413691.552201764096961.552201764096960.387399855262332
TGCTOS-0.01251731788117960.9875606978869680.1173297474058778.312266527236550.990811188685548
TGCTDSS0.02281308189244851.023075290376650.088030892396043211.88995159869930.985456408756039
TGCTDFI-0.7631480044460440.4661965258599790.2140469301799361.015381068727360.0546648229225449
TGCTPFI-0.5997872399929290.5489284136839621.090595928835581.090595928835580.0868285916238701
THCAOS0.276697688939871.318767632725380.5364674818493263.241851795245560.546544966420695
THCADSS0.4458750086620371.56185623583230.422734067503265.770518841350390.503694859731982
THCADFI-0.591661083780240.5534072649993630.2677112168344941.143992413076260.110291365205251
THCAPFI-0.5867318293920780.5561418844692690.9328505162200130.9328505162200130.0261910636848036
THYMOS0.08704805403034391.090949102959990.236183185670275.039181522899680.911222850743917
THYMDSS0.6703411510291781.954904124443070.27308255832303913.99448635325790.50445624882389
THYMDFINANANANANA
THYMPFI0.06892364538865991.071354403176192.781907467341632.781907467341630.88741974599838
UCECOS-0.347872731469720.7061887460992750.522549598703130.9543640380835660.0235770144287427
UCECDSS-0.2856208538835320.7515475082546630.5181505637070261.090076315121330.132224271778862
UCECDFI-0.1901428692923220.8268409953165090.5596190809037431.2216631899540.33972912454405
UCECPFI-0.1077597270412150.8978432979815041.174081665756161.174081665756160.431073321506105
UCSOS0.002097434694070471.002099635848880.5895114939832021.703450552563890.993817857932666
UCSDSS-0.01075021323595520.9893073637998490.5731029402451021.707771835283260.969214037179235
UCSDFI0.7355585852220492.086647237340870.6242775862793946.974616402700070.23220379251131
UCSPFI-0.1070094088087310.898517218973881.511479812570141.511479812570140.686757486938626
UVMOS1.625207533339585.079473087814212.0393262867952712.6517502456040.000482197280230881
UVMDSS1.665034616029525.285856221948882.0594719001505913.56671872875410.000535799960764451
UVMDFINANANANANA
UVMPFI1.336860157240923.807071114817238.403519296816248.403519296816240.000935609128863793
