tumor	event	beta	hr	lower	upper	p
ACC	OS	-1.34307686804518	0.261041242201446	0.0936630914922439	0.727528090781807	0.0102215625663569
ACC	DSS	-1.4968846769851	0.223826366562521	0.0735015785539842	0.681594101163211	0.00842264414484325
ACC	PFI	-1.19073087704776	0.303998996962215	0.131621916880633	0.702127672535294	0.00530383907562222
BLCA	OS	-0.113208526750815	0.89296443372814	0.631887326046944	1.26191086137432	0.521139546030281
BLCA	DSS	-0.193855611002614	0.823776839993861	0.542968466306301	1.24981158984554	0.362041236023089
BLCA	PFI	-0.0757183583750063	0.927077273343779	0.655121161852723	1.31192872524511	0.669077880687794
BRCA	OS	-0.0827204935865097	0.920608427222466	0.629321519547501	1.34671999915467	0.669950807067091
BRCA	DSS	-0.576094292554334	0.562089441848715	0.327943467580627	0.96341159947064	0.0361220721631932
BRCA	PFI	-0.322184229024983	0.724564692186386	0.488856375619828	1.07392277025641	0.108550709576972
CESC	OS	-0.513045384751104	0.598669620517436	0.343954025728446	1.04201517563703	0.0696143436865854
CESC	DSS	-0.435092054658929	0.647205086092265	0.344769717097162	1.21493971973661	0.175719249232759
CESC	PFI	-0.322355242064212	0.724440792770767	0.412146008704342	1.27337024051304	0.262638502326146
CHOL	OS	-0.26128082748191	0.770064633934963	0.246904533598333	2.40173613580578	0.652559387387759
CHOL	DSS	-0.259308044192972	0.771585304059309	0.22153396678756	2.68737065504361	0.683801525734117
CHOL	PFI	0.0502157796800483	1.05149796379265	0.352025896325446	3.14081429633782	0.928332855996847
COAD	OS	0.267279538541764	1.30640558600543	0.760992898698136	2.24272205176411	0.332360374370315
COAD	DSS	0.372565732162895	1.45145388321065	0.685461069088734	3.07343256982921	0.330392809151183
COAD	PFI	0.377176323491609	1.45816139481392	0.892811104902147	2.38150560813053	0.131819406997051
DLBC	OS	0.341569338228331	1.40715415949989	0.234955943257539	8.42746432009788	0.708391408447585
DLBC	DSS	0.615742421076792	1.85103033348408	0.167667758586416	20.4351350812163	0.615294612393933
DLBC	PFI	0.357927601726374	1.4303620609873	0.376890280291176	5.42846481456408	0.598896606851554
ESCA	OS	-0.781459643520153	0.457737390034287	0.260848276138381	0.80323903740981	0.00645753554136599
ESCA	DSS	-0.71020082872233	0.491545471098825	0.243627806315072	0.991746196020394	0.0473554929454397
ESCA	PFI	-0.396291060723635	0.672810838626024	0.397980789545406	1.13742782682984	0.139063085603525
GBM	OS	-0.405070522256037	0.666929775807577	0.44383563310464	1.00216227063022	0.051227582456758
GBM	DSS	-0.442799181440936	0.642236167080234	0.414965890752461	0.993978790782009	0.0469150946724504
GBM	PFI	-0.405116706711489	0.666898974730327	0.441836025624014	1.00660475086482	0.0537775115210257
HNSC	OS	-0.150110315646565	0.860613032105153	0.621948925713509	1.19086111480864	0.365011144402942
HNSC	DSS	-0.410438653110245	0.663359201729294	0.430082936413538	1.0231641231537	0.0633981179646598
HNSC	PFI	-0.186627303817325	0.829752924512737	0.590345144366978	1.16624981556459	0.282597540677142
KICH	OS	-0.388764645227478	0.677893796780878	0.151508529484061	3.03309656082656	0.611077291549519
KICH	DSS	-1.47973092262159	0.227698948777753	0.0254030303692649	2.04096954264257	0.186036510239096
KICH	PFI	-0.642490491213627	0.525980840815139	0.125554204628854	2.20347734050335	0.379375991774732
KIRC	OS	-0.611972795723659	0.542280005448444	0.373900054529316	0.786487192892635	0.00125489315619208
KIRC	DSS	-1.31574455063716	0.268274504907472	0.154070582639152	0.46713141957743	3.32160332461237e-06
KIRC	PFI	-0.822044593216408	0.439532070887569	0.293962533879101	0.657187291147001	6.19307585724023e-05
KIRP	OS	-0.92766151220689	0.3954774490619	0.187489418096473	0.834193280369722	0.0148494457558599
KIRP	DSS	-0.90268066872421	0.405481240666785	0.16345209355814	1.00589128565791	0.051499689469538
KIRP	PFI	-0.493344881468873	0.610580654796401	0.334098787899534	1.11586377896022	0.108798734527028
LGG	OS	-0.702550949710302	0.495320154007364	0.32328511151136	0.758903043257708	0.0012498131437978
LGG	DSS	-0.755767931351217	0.469649817395605	0.297574956660934	0.741228205003319	0.00116985413103577
LGG	PFI	-0.344118167855498	0.708845160387803	0.509090292509604	0.986979065989027	0.0415930550535218
LIHC	OS	-0.284441291330438	0.752434528597414	0.494099123857832	1.14583833989658	0.184990580207549
LIHC	DSS	-0.316935529438543	0.72837771253208	0.417825217934665	1.26975124846683	0.26368504572523
LIHC	PFI	-0.110129833760014	0.895717833332518	0.627442535190729	1.27869946959528	0.544271054471215
LUAD	OS	-0.824553768190062	0.438430590496601	0.305874711316174	0.628431758402233	7.16149691867732e-06
LUAD	DSS	-0.60153744514613	0.547968516599038	0.347459965873184	0.864184437562923	0.00965468193336852
LUAD	PFI	-0.153697358282544	0.857531506551817	0.614805825645497	1.19608542088384	0.365304225656145
LUSC	OS	0.0117250369221673	1.01179404460974	0.73322565782737	1.3961966248442	0.943109224187955
LUSC	DSS	-0.0562878092800962	0.945267040110116	0.567069065728078	1.57569832516134	0.829065509625309
LUSC	PFI	-0.034042031738044	0.966530878811016	0.65119616350267	1.43456302732251	0.865831172759778
MESO	OS	0.380070179826002	1.46238721591339	0.829161304033522	2.57920426202192	0.189234290160379
MESO	DSS	0.269829852494087	1.30974158250989	0.621952104933975	2.75812719234647	0.477617422752598
MESO	PFI	0.280452960848082	1.32372927409546	0.710421424114459	2.46650668408753	0.377112355512183
OV	OS	-0.157506906291604	0.854270913744067	0.60132305433755	1.21362184404037	0.379282610419177
OV	DSS	-0.169408768498364	0.844163765295338	0.574617292847134	1.24015143906777	0.38801053772912
OV	PFI	-0.0503015164743257	0.950942656393191	0.689322146383669	1.31185678639842	0.759284777944645
PAAD	OS	-0.452923651684794	0.635766671487731	0.393525298558896	1.02712395379606	0.0642251289399972
PAAD	DSS	-0.639730634536492	0.52743447754255	0.300678636398609	0.925197517963299	0.025673372438195
PAAD	PFI	-0.635058567402737	0.529904452281258	0.329615087361751	0.851898894540968	0.0087500832098034
PCPG	OS	0.37359053998725	1.45294210694827	0.123907838226743	17.0371850268279	0.766135601349741
PCPG	DSS	0.37359053998725	1.45294210694827	0.123907838226743	17.0371850268279	0.766135601349741
PCPG	PFI	-0.593065807059109	0.552630426680699	0.203539311280286	1.50044915929158	0.244525807261429
PRAD	OS	-0.0605625353039621	0.941234906766946	0.232319216593584	3.81338729833272	0.932387224306242
PRAD	DSS	-1.05417393776322	0.348480174753816	0.0359597576914629	3.37706480778875	0.362969197383231
PRAD	PFI	-0.0510254452502986	0.950254490761433	0.574694674361161	1.57124058651847	0.842367369892785
READ	OS	0.210533374264848	1.2343362475996	0.374118182901368	4.07247239447847	0.729587138975129
READ	DSS	0.178992409616702	1.19601166594646	0.166906204923323	8.57034587621935	0.858611122404828
READ	PFI	-0.351264352446564	0.703797678623753	0.24979033630481	1.98298773188627	0.506289735442764
SARC	OS	0.143835122833208	1.15469371020173	0.726277960900025	1.83582269621281	0.543176254535229
SARC	DSS	0.343408207705934	1.40974411289739	0.842985258503654	2.35754830087606	0.190559666006264
SARC	PFI	0.056793451840306	1.05843716956682	0.713133890259116	1.57093816073384	0.778026836927174
SKCM	OS	0.0609742304757461	1.06287152414076	0.776575230914082	1.45471530877901	0.703355083392121
SKCM	DSS	0.0167005303647565	1.01684076379187	0.725215639398252	1.42573475079324	0.922849229100045
SKCM	PFI	-0.0206920509314298	0.979520560573246	0.749115639724441	1.28079094562578	0.879793268076049
STAD	OS	0.106143329940059	1.11198124529033	0.753972317504098	1.63998367204074	0.592353352314169
STAD	DSS	0.31895394263794	1.37568796288832	0.843538805479081	2.24354512079734	0.201203145894944
STAD	PFI	0.285346414135099	1.3302227562811	0.879256090360188	2.01248828495827	0.176757142913112
TGCT	OS	0	1	1	1	1
TGCT	DSS	0	1	1	1	1
TGCT	PFI	0.0624773655448074	1.0644703649384	0.492483741336312	2.30078084356153	0.873770309299037
THCA	OS	-0.638761447581369	0.527945907953674	0.164631926758308	1.69303055132327	0.282654636147476
THCA	DSS	0.178964276353459	1.19597801870872	0.240015594430899	5.95946036184013	0.827112751995573
THCA	PFI	0.357641771117179	1.42995327815215	0.757998874332522	2.69758497926353	0.269429511985186
THYM	OS	0.934927423624794	2.54702859692771	0.492658247405345	13.1680626635891	0.264686806164979
THYM	DSS	0.0197187400114936	1.01991443855843	0.142575984999395	7.29593740477662	0.98432877993304
THYM	PFI	0.228375617719708	1.25655722195884	0.483502951641741	3.26561822775978	0.639310250040583
UCEC	OS	-0.57228562461351	0.564234335887531	0.240605615429168	1.32316274176139	0.188166726169126
UCEC	DSS	-0.671197666571666	0.511096088380749	0.193648056239084	1.3489379476941	0.175261641805646
UCEC	PFI	-0.551579159774238	0.576039433452679	0.275301143304474	1.20530349024195	0.143124151667292
UCS	OS	0.285065836084173	1.3298495773282	0.579609478742775	3.05119216158445	0.501089189644263
UCS	DSS	0.0572941860248134	1.0589672979554	0.450619628666654	2.48859940135571	0.895437612999569
UCS	PFI	0.516011299064097	1.67533190697325	0.767178164030943	3.65852044559679	0.195361296106737
UVM	OS	-1.40013463643305	0.246563765240908	0.0887157250672848	0.685263974156392	0.0072603974349397
UVM	DSS	-1.51015831607837	0.220875007126291	0.0722268888558548	0.675451615677401	0.00809775857203277
UVM	PFI	-1.20536182467574	0.299583583167737	0.116540508910689	0.770121257771413	0.0123423325836712
