Gene Symbol	SPOT	Profile	0h	0.5h	3h	6h	12h
DSCR1L1	4	38	0.00	0.96	0.86	1.16	1.08
TCF3	7	35	0.00	0.46	-0.00	0.57	0.99
SLC16A4	15	6	0.00	-0.53	0.01	0.55	1.13
C20ORF16	16	41	0.00	0.47	0.58	0.75	0.82
C3AR1	18	45	0.00	0.92	0.83	0.49	0.24
DAB2	21;2637;15755	19	0.00	0.09	-0.81	-1.20	-1.12
BIRC3	28;2483	43	0.00	0.35	3.27	2.98	2.58
0 (SPOT_33)	33	41	0.00	0.54	0.78	0.76	1.14
SLC1A3	41	9	0.00	-0.32	-0.69	-1.30	-1.85
CTH	43	41	0.00	0.85	0.93	1.62	1.58
C8A	48	41	0.00	0.56	0.66	1.02	1.03
MLF1	94	38	0.00	0.68	0.93	0.79	0.54
BEX1	109	46	0.00	0.90	0.50	0.70	0.65
0 (SPOT_111)	111	46	0.00	1.10	0.74	0.83	0.75
0 (SPOT_112)	112	45	0.00	1.64	0.87	0.52	0.32
0 (SPOT_114)	114	41	0.00	0.26	0.72	0.68	0.80
0 (SPOT_116)	116	46	0.00	0.97	0.49	0.55	0.85
0 (SPOT_118)	118	2	0.00	-2.46	-0.35	-1.98	-1.43
RC3	123	38	0.00	1.34	1.76	1.61	1.30
0 (SPOT_129)	129	38	0.00	1.01	0.94	0.85	0.71
0 (SPOT_141)	141	48	0.00	0.56	0.89	0.51	0.95
0 (SPOT_146)	146	38	0.00	0.66	0.96	0.96	1.03
0 (SPOT_150)	150	39	0.00	0.88	1.09	1.91	1.29
0 (SPOT_152)	152	38	0.00	0.77	0.92	0.61	0.65
0 (SPOT_154)	154	38	0.00	1.41	1.23	1.00	1.05
0 (SPOT_155)	155	38	0.00	1.45	1.35	1.01	0.99
PROS1	158	38	0.00	1.06	0.98	0.85	0.73
0 (SPOT_166)	166	46	0.00	0.92	0.75	0.60	0.58
0 (SPOT_181)	181	38	0.00	1.03	0.87	0.74	0.76
0 (SPOT_189)	189	38	0.00	1.04	0.85	0.92	1.06
KIAA1501	198	38	0.00	0.92	0.50	0.72	0.95
PTPN1	204;6811	46	0.00	0.98	0.78	0.43	0.73
0 (SPOT_208)	208	48	0.00	0.90	0.65	0.60	0.95
0 (SPOT_210)	210	46	0.00	0.84	0.58	0.42	0.53
PLIN	213	38	0.00	0.88	0.83	0.88	0.84
FGF18	221	44	0.00	0.47	-0.04	-0.83	-1.07
0 (SPOT_224)	224	38	0.00	0.81	0.94	0.64	0.74
0 (SPOT_228)	228	38	0.00	0.50	0.64	0.62	0.84
FLJ20036	232;23564	17	0.00	-0.07	1.04	0.78	0.02
POP3	234	38	0.00	1.22	0.96	0.94	0.76
0 (SPOT_241)	241	43	0.00	0.53	0.79	1.17	0.73
PP1201	242	33	0.00	-0.12	-0.65	-0.03	1.18
0 (SPOT_245)	245	39	0.00	0.22	0.26	0.88	0.68
0 (SPOT_248)	248	38	0.00	1.02	0.98	0.86	0.93
KCNA1	262	46	0.00	0.87	0.65	0.61	0.57
PIK4CA	264	46	0.00	1.23	0.67	0.69	1.00
HMGCS2	267	38	0.00	0.73	0.49	0.82	0.56
GALNT3	280	43	0.00	0.29	0.71	1.13	0.58
M17S2	283	39	0.00	0.58	0.43	0.85	0.68
NFIL3	284	39	0.00	0.12	0.70	1.28	0.96
GZMK	288	38	0.00	0.93	0.75	0.83	0.61
ISG20	293;19932	41	0.00	0.06	0.20	0.95	1.24
FLJ10193	296	46	0.00	0.92	0.47	0.51	0.51
KIAA1726	301;14765	43	0.00	0.46	0.80	0.75	0.64
0 (SPOT_303)	303	46	0.00	1.39	0.85	0.98	1.10
PLXNB3	308	33	0.00	0.30	-0.01	0.45	1.28
0 (SPOT_319)	319	38	0.00	2.29	1.85	1.94	2.17
0 (SPOT_320)	320	42	0.00	0.31	1.18	0.52	1.03
KIAA1705	323;5093;22226	38	0.00	0.73	0.71	0.55	0.81
0 (SPOT_324)	324	49	0.00	0.62	0.75	0.84	0.15
0 (SPOT_374)	374	38	0.00	0.84	0.82	0.80	0.51
0 (SPOT_378)	378	38	0.00	0.95	1.09	0.87	0.91
0 (SPOT_380)	380	38	0.00	0.80	0.97	0.58	0.59
0 (SPOT_381)	381	38	0.00	1.32	1.26	1.19	0.94
KIAA1474	385	38	0.00	1.04	1.06	0.86	0.71
NYD-SP15	386	38	0.00	0.96	0.89	1.04	0.79
HOOK3	388	39	0.00	0.33	0.08	0.88	0.95
0 (SPOT_394)	394	42	0.00	0.75	0.98	0.46	0.73
0 (SPOT_396)	396	46	0.00	0.90	0.78	0.48	0.54
0 (SPOT_402)	402	47	0.00	1.05	0.98	0.51	0.79
0 (SPOT_406)	406	46	0.00	1.21	0.93	0.91	0.78
0 (SPOT_410)	410	38	0.00	0.85	0.69	0.74	0.73
0 (SPOT_413)	413	38	0.00	0.97	0.82	0.75	0.90
ACE2	416	38	0.00	1.17	1.04	0.62	0.94
0 (SPOT_417)	417	38	0.00	0.95	0.74	0.75	1.07
0 (SPOT_418)	418	38	0.00	1.45	1.41	1.15	1.46
0 (SPOT_420)	420	38	0.00	1.47	1.97	1.30	1.80
0 (SPOT_429)	429	38	0.00	1.27	1.07	0.83	1.23
0 (SPOT_432)	432	48	0.00	0.59	0.44	-0.05	1.03
0 (SPOT_458)	458	48	0.00	0.77	1.00	0.59	0.97
0 (SPOT_460)	460	48	0.00	0.44	0.51	0.42	0.82
0 (SPOT_462)	462	43	0.00	0.43	0.77	0.81	0.54
0 (SPOT_463)	463	38	0.00	0.77	0.57	0.76	0.95
0 (SPOT_466)	466	28	0.00	0.27	0.46	0.20	0.87
0 (SPOT_467)	467	38	0.00	0.74	0.96	0.77	0.82
0 (SPOT_468)	468	38	0.00	0.67	0.74	0.77	0.85
0 (SPOT_471)	471	38	0.00	1.04	0.72	1.05	1.49
0 (SPOT_472)	472	38	0.00	0.77	0.80	0.65	0.85
0 (SPOT_475)	475	38	0.00	0.70	0.80	1.00	0.83
0 (SPOT_478)	478	48	0.00	0.85	0.45	0.54	1.06
C20ORF18	483	41	0.00	0.16	-0.04	0.40	0.92
0 (SPOT_498)	498	39	0.00	0.37	0.52	1.10	0.77
0 (SPOT_505)	505	40	0.00	0.93	1.26	0.82	0.31
0 (SPOT_516)	516	38	0.00	0.65	0.66	1.00	0.74
0 (SPOT_520)	520	38	0.00	0.75	0.93	0.76	0.77
0 (SPOT_521)	521	38	0.00	0.87	0.90	0.84	0.93
DKFZP547I048	526	38	0.00	0.80	0.85	0.61	0.59
0 (SPOT_527)	527	48	0.00	0.85	0.58	0.47	1.27
H-L(3)MBT	528	48	0.00	0.77	0.92	0.67	1.31
MAPRE1	540;13912	49	0.00	0.66	0.69	0.99	0.32
0 (SPOT_555)	555	38	0.00	0.91	0.85	0.81	0.75
0 (SPOT_556)	556	41	0.00	0.29	0.55	0.61	0.82
0 (SPOT_570)	570	38	0.00	0.71	0.73	0.69	0.90
0 (SPOT_574)	574	38	0.00	0.97	0.62	0.88	0.81
CLDN4	582;7384;8896;22190	41	0.00	0.05	0.85	1.00	1.16
TPM1	588;19657;23184	39	0.00	0.23	0.62	1.23	0.88
0 (SPOT_594)	594	49	0.00	0.87	0.59	0.92	0.52
0 (SPOT_599)	599	49	0.00	0.77	0.41	0.95	0.61
0 (SPOT_601)	601	38	0.00	0.94	1.04	1.09	0.98
0 (SPOT_603)	603	38	0.00	1.00	0.89	1.05	0.88
0 (SPOT_605)	605	38	0.00	0.65	0.83	0.89	0.67
0 (SPOT_607)	607	43	0.00	0.24	0.72	1.01	0.40
GRM8	614	38	0.00	0.86	0.76	0.86	0.91
0 (SPOT_635)	635	41	0.00	0.40	0.58	0.84	0.81
0 (SPOT_637)	637	35	0.00	1.46	-0.06	1.70	1.02
0 (SPOT_638)	638	38	0.00	0.70	0.98	0.75	0.72
0 (SPOT_639)	639	42	0.00	1.29	4.01	2.22	1.88
MUC13	652;2938	14	0.00	-0.12	0.04	0.54	0.88
0 (SPOT_655)	655	38	0.00	0.83	0.63	0.70	0.66
0 (SPOT_667)	667	29	0.00	0.35	0.57	1.05	0.15
0 (SPOT_668)	668	43	0.00	0.26	0.70	0.95	0.65
SLC21A12	681	6	0.00	-0.13	-0.39	0.11	0.84
REG-IV	682;1440;4464	5	0.00	-1.42	-0.97	-0.63	-0.24
0 (SPOT_692)	692	49	0.00	0.66	0.74	0.96	0.58
0 (SPOT_700)	700	48	0.00	0.65	0.61	0.54	0.84
0 (SPOT_703)	703	14	0.00	-0.14	0.14	0.51	0.89
0 (SPOT_745)	745	28	0.00	-0.05	2.10	0.32	3.81
SPRR1B	757	41	0.00	0.78	0.74	1.57	2.00
CCL4	758	41	0.00	1.16	2.02	2.87	2.55
C6ORF32	774	48	0.00	0.76	0.68	0.64	1.30
CRHR1	793	46	0.00	0.83	0.39	0.57	0.43
APOB	800;4702	38	0.00	0.81	0.83	0.72	0.72
INPPL1	807	46	0.00	1.02	0.50	0.69	0.98
VNN3	849	33	0.00	0.80	0.75	0.71	2.75
0 (SPOT_860)	860	39	0.00	0.29	0.47	0.82	0.43
0 (SPOT_868)	868	48	0.00	0.72	0.48	0.51	0.83
0 (SPOT_869)	869	46	0.00	0.99	0.50	0.50	0.60
0 (SPOT_871)	871	38	0.00	0.81	0.51	0.67	0.72
0 (SPOT_874)	874	38	0.00	0.95	0.75	0.70	0.67
0 (SPOT_876)	876	38	0.00	0.88	0.97	0.90	1.16
RBIG1	882	33	0.00	0.18	-0.09	0.25	0.87
0 (SPOT_892)	892	38	0.00	0.92	0.94	0.91	0.81
0 (SPOT_900)	900	38	0.00	1.20	0.89	0.94	1.11
0 (SPOT_901)	901	38	0.00	0.91	0.64	0.94	0.72
0 (SPOT_902)	902	38	0.00	1.05	0.94	0.99	0.95
0 (SPOT_905)	905	38	0.00	0.69	0.84	0.67	0.72
0 (SPOT_906)	906	38	0.00	0.88	0.95	0.89	0.86
0 (SPOT_938)	938	38	0.00	0.83	0.79	0.73	0.73
0 (SPOT_940)	940	38	0.00	1.12	0.86	0.92	0.73
0 (SPOT_941)	941	38	0.00	1.24	0.95	0.91	0.93
0 (SPOT_942)	942	38	0.00	0.89	0.83	0.80	0.99
0 (SPOT_955)	955	38	0.00	0.70	0.66	0.89	0.61
EGFR	967;22504;22716	16	0.00	-0.02	0.93	0.19	0.18
PDGFB	968;11922;15163	41	0.00	0.14	1.36	2.08	2.31
CASP3	972;15898	43	0.00	0.19	0.73	0.81	0.35
0 (SPOT_979)	979	38	0.00	0.87	0.89	0.70	0.88
0 (SPOT_989)	989	38	0.00	0.75	0.86	1.14	0.99
TZFP	992	38	0.00	0.85	0.66	0.85	0.86
FKBP6	995	38	0.00	0.85	0.84	0.78	0.79
0 (SPOT_997)	997	38	0.00	1.02	0.80	0.81	0.83
RIL	1002	43	0.00	0.49	0.66	0.91	0.71
IGFBP5	1016	38	0.00	0.74	0.72	0.76	1.12
ISL1	1019	42	0.00	0.28	1.22	0.66	0.74
PDK3	1029	41	0.00	0.10	0.29	0.89	0.98
0 (SPOT_1052)	1052	38	0.00	0.71	0.85	0.80	0.80
PSCD4	1056	41	0.00	0.66	0.41	0.73	1.03
0 (SPOT_1058)	1058	38	0.00	1.35	1.14	1.10	1.02
MADH3	1059;13126	43	0.00	0.67	1.46	1.05	0.97
0 (SPOT_1067)	1067	38	0.00	1.52	1.01	1.33	1.24
SAP30	1068	35	0.00	0.90	0.08	0.88	0.93
LOC57168	1070;23742	41	0.00	0.22	0.30	0.64	0.80
0 (SPOT_1072)	1072	38	0.00	1.09	0.66	1.18	1.23
0 (SPOT_1074)	1074	38	0.00	1.37	1.19	1.14	1.06
0 (SPOT_1075)	1075	38	0.00	1.20	0.86	0.85	0.95
KIAA1867	1076	38	0.00	1.28	1.15	1.16	1.11
0 (SPOT_1078)	1078	38	0.00	1.52	1.41	1.54	1.37
0 (SPOT_1079)	1079	48	0.00	1.11	1.08	0.55	0.98
0 (SPOT_1080)	1080	38	0.00	1.29	1.29	1.16	1.05
0 (SPOT_1130)	1130	38	0.00	0.96	1.45	1.00	1.12
0 (SPOT_1131)	1131	38	0.00	0.90	0.81	0.77	0.88
0 (SPOT_1134)	1134	38	0.00	0.90	1.11	0.86	0.93
0 (SPOT_1136)	1136	38	0.00	1.30	1.10	0.93	1.29
0 (SPOT_1137)	1137	46	0.00	1.24	0.85	1.07	0.63
0 (SPOT_1138)	1138	38	0.00	1.09	1.02	1.15	0.92
0 (SPOT_1141)	1141	38	0.00	1.26	1.29	0.89	1.14
DKFZP586H2123	1142	38	0.00	1.22	1.21	1.16	1.18
0 (SPOT_1143)	1143	38	0.00	1.20	1.21	0.94	0.88
0 (SPOT_1146)	1146	38	0.00	1.05	0.91	0.77	0.76
0 (SPOT_1147)	1147	38	0.00	1.06	1.11	0.99	1.27
0 (SPOT_1149)	1149	46	0.00	0.91	0.53	0.40	0.74
0 (SPOT_1151)	1151	46	0.00	1.21	0.91	0.69	0.66
0 (SPOT_1152)	1152	46	0.00	1.44	0.94	1.12	0.54
0 (SPOT_1154)	1154	38	0.00	0.72	0.79	0.65	0.82
TREM1	1157	46	0.00	0.87	0.61	0.54	0.64
0 (SPOT_1163)	1163	38	0.00	0.84	0.72	0.81	0.85
0 (SPOT_1165)	1165	38	0.00	0.89	0.96	1.16	1.09
0 (SPOT_1170)	1170	38	0.00	0.98	0.96	0.95	0.89
0 (SPOT_1173)	1173	48	0.00	0.74	0.88	0.52	0.94
0 (SPOT_1181)	1181	38	0.00	1.38	1.24	1.04	1.18
0 (SPOT_1182)	1182	46	0.00	0.96	0.52	0.46	0.51
0 (SPOT_1183)	1183	41	0.00	0.33	0.18	0.66	0.92
0 (SPOT_1187)	1187	38	0.00	1.37	1.22	1.15	1.14
0 (SPOT_1191)	1191	38	0.00	1.02	0.93	0.93	1.06
0 (SPOT_1196)	1196	38	0.00	0.77	0.85	1.13	0.93
0 (SPOT_1199)	1199	38	0.00	0.82	0.69	0.58	0.78
0 (SPOT_1200)	1200	38	0.00	0.76	0.93	1.02	0.83
EZFIT	1213	46	0.00	1.14	0.63	0.65	0.66
0 (SPOT_1220)	1220	38	0.00	0.82	0.74	0.80	0.87
0 (SPOT_1224)	1224	38	0.00	0.74	0.74	0.87	0.72
TNFRSF11B	1230	48	0.00	0.79	0.71	0.54	0.93
PCLO	1234	38	0.00	0.87	0.73	0.95	0.83
0 (SPOT_1240)	1240	38	0.00	1.01	0.75	0.63	0.83
0 (SPOT_1241)	1241	46	0.00	0.97	0.62	0.59	0.79
0 (SPOT_1246)	1246	46	0.00	1.61	1.05	1.07	1.05
SYNJ1	1275	38	0.00	1.15	0.93	1.08	1.04
0 (SPOT_1276)	1276	46	0.00	0.97	0.51	0.30	0.51
0 (SPOT_1278)	1278	46	0.00	0.88	0.57	0.44	0.43
0 (SPOT_1280)	1280	47	0.00	0.92	1.16	0.44	0.81
TNRC11	1290	48	0.00	0.91	0.82	0.59	1.01
IGSF1	1292	38	0.00	0.81	0.75	0.65	0.69
FEZ2	1295;20870	42	0.00	0.70	1.59	0.80	0.70
MCM6	1310;17642	9	0.00	0.02	-0.18	-0.60	-0.89
RAB17	1315	8	0.00	-0.10	-0.95	-0.81	-0.54
0 (SPOT_1319)	1319	38	0.00	0.92	0.62	0.91	0.77
0 (SPOT_1322)	1322	39	0.00	0.60	0.41	0.83	0.60
0 (SPOT_1326)	1326	46	0.00	1.20	0.86	0.87	0.75
CYP2D6	1327	46	0.00	0.82	0.41	0.45	0.62
0 (SPOT_1328)	1328	47	0.00	0.98	0.73	0.11	0.80
0 (SPOT_1333)	1333	46	0.00	1.28	0.87	0.65	0.74
DUSP6	1337;16905	10	0.00	-0.29	-0.83	-0.27	0.04
LCP1	1340;8572	41	0.00	0.24	0.72	1.64	1.57
STAT1	1343;20994;23482	8	0.00	-0.45	-0.69	-0.53	-0.81
PLAUR	1344;18908	43	0.00	0.04	2.43	2.70	2.41
0 (SPOT_1348)	1348	38	0.00	2.13	3.59	2.70	2.72
0 (SPOT_1353)	1353	38	0.00	0.76	0.91	0.72	0.91
0 (SPOT_1355)	1355	49	0.00	1.97	2.66	3.29	1.70
0 (SPOT_1368)	1368	38	0.00	1.28	1.34	1.23	1.28
0 (SPOT_1386)	1386	38	0.00	0.58	0.58	0.70	0.83
0 (SPOT_1390)	1390	38	0.00	0.96	0.69	1.04	1.10
ZNF333	1391;8186	49	0.00	0.87	1.52	2.14	0.49
0 (SPOT_1394)	1394	46	0.00	1.35	0.51	0.54	0.74
0 (SPOT_1398)	1398	38	0.00	0.93	1.06	1.25	1.05
0 (SPOT_1410)	1410	38	0.00	0.84	0.67	0.89	0.94
RLN1	1431;2946	42	0.00	0.52	0.84	0.41	0.44
0 (SPOT_1433)	1433	41	0.00	0.28	0.68	0.91	1.22
0 (SPOT_1438)	1438	49	0.00	0.40	0.64	0.87	0.38
0 (SPOT_1441)	1441	49	0.00	1.03	1.04	1.56	0.73
0 (SPOT_1443)	1443	38	0.00	1.03	1.23	1.01	0.82
0 (SPOT_1465)	1465	38	0.00	0.80	0.79	0.88	1.02
0 (SPOT_1468)	1468	48	0.00	0.78	0.68	0.76	1.20
0 (SPOT_1471)	1471	40	0.00	0.53	1.66	0.33	0.34
0 (SPOT_1483)	1483	38	0.00	0.92	1.08	0.85	0.81
EGF	1494	38	0.00	0.88	0.89	1.04	0.92
0 (SPOT_1495)	1495	39	0.00	0.96	0.91	2.12	1.20
0 (SPOT_1496)	1496	37	0.00	0.16	1.00	-0.15	-1.17
0 (SPOT_1497)	1497	45	0.00	1.17	0.72	-0.01	0.24
TJP1	1521	38	0.00	0.73	0.76	0.78	1.07
BIRC2	1540;2484	43	0.00	0.10	1.22	1.20	0.84
BTG2	1544	41	0.00	0.65	0.55	0.80	1.21
SMARCA3	1547	38	0.00	1.03	1.22	1.05	1.13
EMR1	1551	49	0.00	0.63	0.84	1.17	0.62
C5	1559	48	0.00	0.53	0.60	0.59	1.07
C6	1560	41	0.00	0.42	0.69	1.01	1.12
SFRS3	1562;18717	37	0.00	-0.10	0.04	-0.10	-0.81
ENPP1	1565	38	0.00	0.66	0.78	0.86	0.74
AADAC	1580	38	0.00	0.78	1.00	0.94	0.99
0 (SPOT_1624)	1624	40	0.00	0.09	1.46	0.75	0.21
0 (SPOT_1625)	1625	38	0.00	0.89	0.87	0.88	0.85
0 (SPOT_1632)	1632	35	0.00	0.82	0.36	0.73	0.68
0 (SPOT_1642)	1642	38	0.00	0.68	0.99	1.02	0.94
0 (SPOT_1645)	1645	38	0.00	0.69	0.63	0.69	0.85
0 (SPOT_1653)	1653	38	0.00	0.77	1.01	0.79	0.93
0 (SPOT_1655)	1655	38	0.00	0.75	0.88	0.72	0.84
FLJ31715	1656	38	0.00	1.44	1.03	1.00	1.14
0 (SPOT_1662)	1662	38	0.00	0.68	0.69	0.71	0.89
0 (SPOT_1665)	1665	38	0.00	0.67	0.80	0.72	0.66
0 (SPOT_1666)	1666	38	0.00	0.78	0.81	0.71	0.68
PDGFRA	1669	9	0.00	-0.15	-0.73	-0.95	-1.04
0 (SPOT_1673)	1673	43	0.00	0.44	0.89	0.94	0.56
0 (SPOT_1700)	1700	38	0.00	1.07	1.06	0.85	0.94
0 (SPOT_1703)	1703	38	0.00	0.46	0.80	0.63	0.86
0 (SPOT_1715)	1715	38	0.00	1.16	1.16	0.99	1.01
0 (SPOT_1718)	1718	38	0.00	0.92	1.00	1.11	0.89
0 (SPOT_1720)	1720	38	0.00	1.41	1.40	1.17	1.33
0 (SPOT_1721)	1721	38	0.00	0.74	0.88	0.65	0.72
0 (SPOT_1723)	1723	18	0.00	-0.04	1.11	0.71	0.87
FLJ14146	1725	38	0.00	1.00	1.17	1.16	1.33
MGC5576	1726	9	0.00	-0.02	-0.26	-0.37	-0.87
0 (SPOT_1738)	1738	38	0.00	1.32	1.67	1.86	1.85
0 (SPOT_1749)	1749	38	0.00	0.72	1.01	0.99	0.86
ALDH1A2	1751	43	0.00	0.48	1.01	1.12	0.79
0 (SPOT_1760)	1760	38	0.00	1.02	0.86	0.88	0.79
REG1A	1768	10	0.00	-1.01	-0.84	-0.70	-0.02
RRM1	1769	37	0.00	0.34	0.06	-0.07	-0.80
PTPNS1	1779	43	0.00	0.52	0.77	0.92	0.69
TSC22	1786;17902	14	0.00	-0.09	0.42	0.81	0.71
DAPK1	1796	43	0.00	0.39	0.79	0.92	0.74
GNA15	1799	41	0.00	0.71	0.67	1.22	1.22
GNRH1	1800	43	0.00	0.25	0.91	1.02	0.91
MRF2	1814;16988	8	0.00	-0.34	-0.97	-0.36	-0.66
0 (SPOT_1817)	1817	38	0.00	0.82	0.99	0.81	0.90
0 (SPOT_1821)	1821	43	0.00	0.76	2.09	1.81	1.08
0 (SPOT_1826)	1826	41	0.00	0.52	0.60	0.62	0.90
KIAA1641	1843	43	0.00	0.23	1.44	1.20	1.01
KIAA0346	1848	42	0.00	0.34	0.84	0.40	0.86
KLF7	1858;12293	39	0.00	0.32	0.45	0.93	0.48
0 (SPOT_1859)	1859	38	0.00	0.64	0.89	0.80	0.87
0 (SPOT_1860)	1860	43	0.00	0.44	1.07	0.78	0.63
0 (SPOT_1879)	1879	38	0.00	0.81	0.63	0.67	0.94
GG2-1	1881	43	0.00	0.39	1.37	1.29	0.96
0 (SPOT_1890)	1890	38	0.00	1.10	1.18	0.98	1.16
0 (SPOT_1891)	1891	38	0.00	1.07	0.82	0.95	0.89
0 (SPOT_1899)	1899	38	0.00	0.63	0.82	0.94	1.06
0 (SPOT_1900)	1900	35	0.00	0.63	0.26	0.63	0.93
0 (SPOT_1907)	1907	38	0.00	1.14	1.12	0.79	1.13
0 (SPOT_1908)	1908	48	0.00	0.90	0.86	0.46	0.94
0 (SPOT_1910)	1910	38	0.00	0.83	0.62	0.60	0.76
0 (SPOT_1915)	1915	38	0.00	0.83	0.87	0.81	0.97
0 (SPOT_1927)	1927	48	0.00	0.70	0.67	0.54	0.99
0 (SPOT_1933)	1933	38	0.00	0.90	1.09	0.81	1.02
0 (SPOT_1934)	1934	48	0.00	0.95	0.71	0.54	1.02
0 (SPOT_1935)	1935	38	0.00	1.00	0.91	0.70	0.80
0 (SPOT_1943)	1943	43	0.00	0.34	0.88	0.71	0.76
KIAA0590	1946	43	0.00	0.60	1.13	1.00	0.47
FLJ22944	1957	38	0.00	0.82	0.74	0.82	0.86
0 (SPOT_1963)	1963	38	0.00	0.45	0.65	0.61	0.81
0 (SPOT_1966)	1966	38	0.00	1.01	0.97	0.97	1.36
0 (SPOT_1973)	1973	43	0.00	0.55	1.10	1.01	0.99
FLJ12488	1976	29	0.00	0.03	0.62	0.96	0.12
0 (SPOT_2010)	2010	14	0.00	-0.06	0.52	1.01	0.82
0 (SPOT_2012)	2012	7	0.00	-1.16	0.76	1.12	-0.03
0 (SPOT_2030)	2030	38	0.00	0.97	1.16	0.97	1.35
NOL5A	2045	44	0.00	0.22	-0.03	-0.48	-0.83
0 (SPOT_2065)	2065	48	0.00	0.95	0.96	0.69	1.52
0 (SPOT_2074)	2074	38	0.00	0.69	0.83	0.72	0.80
KIAA1145	2080;16943	41	0.00	0.54	0.64	0.86	1.05
TRIM8	2082	48	0.00	0.73	0.60	0.71	1.08
0 (SPOT_2083)	2083	43	0.00	0.56	1.44	1.06	0.86
LYZ	2098;8571	10	0.00	-1.13	-1.05	-0.79	-0.04
0 (SPOT_2102)	2102	38	0.00	0.92	0.71	0.91	0.97
0 (SPOT_2106)	2106	48	0.00	0.68	0.74	0.47	0.97
SLC6A13	2112;9713	43	0.00	-0.01	0.90	0.76	0.70
0 (SPOT_2127)	2127	44	0.00	0.31	-0.33	-0.31	-0.81
0 (SPOT_2128)	2128	38	0.00	0.71	0.92	0.48	0.74
0 (SPOT_2131)	2131	38	0.00	0.81	1.22	0.91	0.92
0 (SPOT_2136)	2136	38	0.00	0.64	0.85	0.72	0.65
0 (SPOT_2148)	2148	43	0.00	0.03	0.77	0.86	0.77
RBP7	2152;11269	43	0.00	0.39	1.43	0.91	0.86
0 (SPOT_2161)	2161	39	0.00	0.41	0.49	1.00	0.85
0 (SPOT_2173)	2173	38	0.00	0.89	0.79	0.66	0.81
0 (SPOT_2177)	2177	43	0.00	-0.12	0.81	0.82	0.47
0 (SPOT_2190)	2190	42	0.00	0.22	1.63	0.89	1.34
SPINK4	2191;22619	28	0.00	0.12	0.20	0.19	0.95
0 (SPOT_2206)	2206	42	0.00	0.48	0.98	0.55	0.47
0 (SPOT_2217)	2217	46	0.00	1.26	0.53	0.70	0.84
0 (SPOT_2218)	2218	46	0.00	0.87	0.51	0.45	0.20
0 (SPOT_2219)	2219	46	0.00	1.68	0.93	0.76	0.80
0 (SPOT_2220)	2220	45	0.00	0.81	0.12	0.16	-0.05
0 (SPOT_2229)	2229	46	0.00	0.89	0.67	0.54	0.49
0 (SPOT_2233)	2233	46	0.00	1.50	0.96	0.93	1.03
0 (SPOT_2234)	2234	46	0.00	2.16	1.47	0.85	1.66
0 (SPOT_2235)	2235	45	0.00	1.09	0.30	0.31	-0.26
0 (SPOT_2236)	2236	46	0.00	1.84	1.32	1.08	1.17
0 (SPOT_2238)	2238	46	0.00	0.90	0.53	0.42	0.35
0 (SPOT_2240)	2240	45	0.00	0.92	0.54	0.24	0.24
0 (SPOT_2254)	2254	42	0.00	0.45	1.63	0.88	0.98
KLF3	2360	41	0.00	0.27	0.42	0.82	0.83
C6ORF37	2375;4222;15958;17716	10	0.00	-0.73	-1.03	-0.40	-0.26
CDCA7	2387;9553	19	0.00	-0.38	-1.42	-1.43	-1.37
0 (SPOT_2390)	2390	9	0.00	-0.02	-0.59	-0.55	-0.88
0 (SPOT_2407)	2407	48	0.00	0.41	0.60	0.10	0.97
0 (SPOT_2415)	2415	38	0.00	0.58	0.90	0.59	0.61
KIAA0737	2453;8857	12	0.00	-0.97	-0.46	-0.95	-0.42
0 (SPOT_2460)	2460	48	0.00	0.46	0.79	0.34	1.15
0 (SPOT_2467)	2467	42	0.00	0.61	0.83	0.39	0.55
0 (SPOT_2501)	2501	38	0.00	0.74	0.90	0.73	0.73
HLA-DOA	2522	14	0.00	-0.21	0.43	1.14	0.61
TFF3	2531	43	0.00	0.03	1.69	1.01	0.97
EDN1	2548	22	0.00	0.05	-0.31	-0.07	-1.20
C4A	2551	41	0.00	-0.04	0.54	0.85	0.93
CXCL1	2571;13893	43	0.00	1.30	2.93	2.19	2.73
0 (SPOT_2577)	2577	38	0.00	0.88	1.02	0.92	1.08
0 (SPOT_2581)	2581	38	0.00	0.62	0.77	0.66	0.92
0 (SPOT_2582)	2582	38	0.00	1.04	0.93	0.98	0.95
0 (SPOT_2583)	2583	38	0.00	0.69	0.57	0.72	0.86
0 (SPOT_2584)	2584	42	0.00	0.99	2.20	0.84	0.90
PPFIA2	2591	48	0.00	1.09	1.03	0.55	0.99
KIAA1437	2600	41	0.00	0.16	0.47	0.37	0.93
COPEB	2626;7069;11588;16110	43	0.00	0.24	1.55	1.28	1.09
0 (SPOT_2639)	2639	43	0.00	0.14	0.87	0.99	0.81
SLC38A2	2640;19230	14	0.00	-0.14	0.41	0.88	0.73
HEBP1	2647;5714	17	0.00	-0.49	1.43	0.56	-0.51
GIT2	2650	47	0.00	1.57	2.03	0.80	0.98
0 (SPOT_2652)	2652	40	0.00	0.45	1.74	0.48	0.14
0 (SPOT_2661)	2661	43	0.00	0.31	0.85	1.09	0.36
0 (SPOT_2662)	2662	43	0.00	0.31	1.54	1.43	0.54
0 (SPOT_2684)	2684	42	0.00	0.48	1.01	0.34	0.46
0 (SPOT_2686)	2686	42	0.00	0.96	1.37	0.45	0.86
0 (SPOT_2687)	2687	43	0.00	0.18	0.96	0.51	0.28
FLJ31951	2689	42	0.00	0.10	1.02	0.12	0.34
LOC65121	2694	42	0.00	0.49	1.03	0.37	0.46
0 (SPOT_2695)	2695	38	0.00	0.79	1.13	0.86	1.01
0 (SPOT_2700)	2700	40	0.00	0.55	1.68	0.39	0.26
0 (SPOT_2720)	2720	38	0.00	1.29	1.31	1.65	1.53
SOX4	2737;7043	14	0.00	-0.03	0.59	1.09	0.91
E2F1	2738;2853	19	0.00	0.21	-0.57	-0.91	-0.82
SLC11A3	2761;12560;17682;19484	10	0.00	-0.62	-1.04	-0.51	-0.41
0 (SPOT_2765)	2765	46	0.00	2.21	0.26	0.36	0.46
0 (SPOT_2786)	2786	43	0.00	0.66	1.16	1.13	0.94
HOXB13	2816;8212	42	0.00	0.40	1.14	0.65	0.81
0 (SPOT_2832)	2832	38	0.00	0.82	0.73	0.59	0.79
CDK7	2845;19180	9	0.00	-0.31	-0.47	-0.50	-1.02
FOS	2854;6307;24023	34	0.00	0.62	-0.50	1.05	0.00
MCM5	2856;14160;16303	9	0.00	0.09	-0.39	-0.64	-1.08
0 (SPOT_2878)	2878	42	0.00	0.66	0.93	0.43	0.67
0 (SPOT_2890)	2890	43	0.00	0.40	0.67	0.82	0.73
0 (SPOT_2901)	2901	40	0.00	0.35	0.84	0.18	0.14
0 (SPOT_2908)	2908	43	0.00	0.53	0.91	0.84	0.57
0 (SPOT_2910)	2910	37	0.00	0.08	-0.06	-0.37	-0.89
0 (SPOT_2920)	2920	47	0.00	0.72	1.15	0.36	0.45
0 (SPOT_2925)	2925	38	0.00	0.66	0.94	0.62	0.87
0 (SPOT_2945)	2945	42	0.00	0.85	1.78	1.04	1.14
0 (SPOT_2953)	2953	28	0.00	0.04	0.10	-0.02	0.85
CCKBR	2954	34	0.00	1.06	0.11	0.47	0.08
0 (SPOT_2960)	2960	46	0.00	0.94	0.29	0.44	0.24
0 (SPOT_2964)	2964	46	0.00	1.53	0.89	1.05	0.80
0 (SPOT_2984)	2984	46	0.00	1.32	0.76	0.51	0.58
0 (SPOT_2999)	2999	14	0.00	-0.35	-0.03	0.91	1.00
0 (SPOT_3007)	3007	29	0.00	0.31	0.46	0.97	0.07
0 (SPOT_3008)	3008	40	0.00	1.18	2.04	1.33	0.79
0 (SPOT_3009)	3009	15	0.00	-1.30	0.68	-0.73	-1.96
0 (SPOT_3011)	3011	43	0.00	0.27	1.37	1.28	0.68
0 (SPOT_3012)	3012	42	0.00	1.42	2.09	0.66	1.30
0 (SPOT_3025)	3025	41	0.00	0.62	0.32	0.71	1.16
KRT13	3026;19888	14	0.00	-0.17	0.42	1.36	0.90
IL2RG	3028	41	0.00	0.11	0.26	0.67	1.33
KLF4	3031	43	0.00	0.37	1.18	1.70	1.32
KCNK1	3033	39	0.00	0.05	0.24	0.88	0.64
0 (SPOT_3051)	3051	6	0.00	-0.33	-0.04	0.42	1.15
CXCL2	3055	38	0.00	1.13	1.79	1.46	2.06
KIAA0152	3077	9	0.00	-0.30	-0.58	-0.77	-0.99
0 (SPOT_3079)	3079	44	0.00	0.22	-0.14	-0.64	-0.97
0 (SPOT_3138)	3138	33	0.00	0.92	0.32	0.33	1.16
0 (SPOT_3150)	3150	39	0.00	0.01	0.17	0.93	0.40
MYO5B	3206;4965	43	0.00	0.56	0.96	0.93	0.55
0 (SPOT_3217)	3217	39	0.00	0.06	0.11	0.80	0.17
FLJ11565	3244	9	0.00	-0.20	-0.45	-0.86	-0.75
SNX5	3255	9	0.00	-0.09	-0.38	-0.72	-0.86
BST2	3285	10	0.00	-0.75	-0.92	-0.41	-0.18
UMPK	3286;6286	19	0.00	0.02	-0.49	-0.82	-0.58
C11ORF25	3344	42	0.00	0.32	0.81	0.09	0.37
LIPH	3362;8261;23393	41	0.00	0.03	0.44	0.96	1.55
NTE	3370	10	0.00	-0.33	-0.87	-0.54	0.01
GABARAPL1	3371	43	0.00	-0.12	1.19	1.03	0.23
0 (SPOT_3380)	3380	6	0.00	-0.03	0.17	0.39	1.51
0 (SPOT_3403)	3403	46	0.00	1.44	0.88	1.21	0.95
0 (SPOT_3405)	3405	38	0.00	2.11	1.67	1.74	1.25
0 (SPOT_3411)	3411	38	0.00	0.97	0.72	0.65	0.83
0 (SPOT_3413)	3413	23	0.00	-0.04	-0.44	0.44	0.88
0 (SPOT_3414)	3414	35	0.00	0.70	0.44	0.80	0.99
ASB13	3440	19	0.00	0.31	-0.54	-0.90	-0.34
DSG1	3452	36	0.00	0.93	0.55	-0.17	0.74
0 (SPOT_3453)	3453	38	0.00	0.67	0.91	0.64	0.77
NMES1	3468	48	0.00	0.55	0.67	0.59	0.93
0 (SPOT_3475)	3475	38	0.00	0.83	0.74	0.49	0.60
0 (SPOT_3478)	3478	46	0.00	0.89	0.53	0.54	0.37
0 (SPOT_3505)	3505	8	0.00	-0.28	-1.15	-1.08	-1.16
0 (SPOT_3515)	3515	19	0.00	-0.22	-0.72	-0.90	-0.70
0 (SPOT_3517)	3517	43	0.00	0.41	0.81	0.64	0.55
0 (SPOT_3521)	3521	42	0.00	0.32	0.96	0.43	0.36
0 (SPOT_3522)	3522	42	0.00	0.44	1.11	0.59	0.50
0 (SPOT_3532)	3532	14	0.00	-0.18	0.34	0.83	0.60
0 (SPOT_3538)	3538	42	0.00	0.37	0.88	0.26	0.78
MXI1	3562;4517;5878;10413;11925;17831	14	0.00	-0.40	-0.16	0.50	0.86
KIAA1157	3592;19083	0	0.00	-0.41	-0.64	-1.06	-0.70
0 (SPOT_3601)	3601	36	0.00	1.32	1.55	0.02	1.46
0 (SPOT_3605)	3605	11	0.00	-0.86	-3.85	4.14	0.06
0 (SPOT_3607)	3607	36	0.00	1.14	0.26	-1.76	0.75
0 (SPOT_3608)	3608	18	0.00	-0.38	2.01	1.41	1.61
0 (SPOT_3614)	3614	9	0.00	-0.53	-0.22	-0.99	-1.25
0 (SPOT_3619)	3619	49	0.00	3.96	2.15	5.19	-0.33
0 (SPOT_3659)	3659	48	0.00	0.80	0.95	0.53	0.97
C20ORF180	3661;17138	42	0.00	0.63	1.21	0.80	0.73
0 (SPOT_3665)	3665	48	0.00	0.69	0.80	0.21	0.75
0 (SPOT_3666)	3666	48	0.00	0.92	0.66	0.33	0.84
0 (SPOT_3685)	3685	38	0.00	0.94	0.79	0.72	0.75
0 (SPOT_3715)	3715	41	0.00	0.24	0.43	0.96	1.31
TMPRSS4	3734	28	0.00	-0.09	0.13	0.18	0.84
TMPRSS2	3759;14329;17325	6	0.00	-0.89	-0.10	0.50	1.00
0 (SPOT_3763)	3763	40	0.00	1.42	1.81	1.47	0.41
0 (SPOT_3765)	3765	1	0.00	-2.08	-2.21	-2.10	-2.38
0 (SPOT_3768)	3768	9	0.00	-0.83	-0.94	-0.86	-1.47
TNFAIP3	3786;7866	43	0.00	0.17	1.52	1.51	1.29
MCM3	3790	9	0.00	0.02	-0.36	-0.78	-0.92
KIAA0125	3793	43	0.00	0.48	0.83	0.57	0.41
TM9SF1	3833	6	0.00	-0.37	-0.14	0.39	1.14
PLAB	3836;17546	41	0.00	0.16	0.84	0.79	1.23
C20ORF129	3928	31	0.00	0.02	-0.80	-0.46	-0.89
KIAA1971	3968	43	0.00	0.29	0.66	0.88	0.69
0 (SPOT_3998)	3998	42	0.00	0.37	1.26	0.54	0.41
0 (SPOT_4006)	4006	47	0.00	0.96	0.57	0.13	0.43
0 (SPOT_4017)	4017	16	0.00	-0.23	0.87	0.18	0.28
0 (SPOT_4029)	4029	41	0.00	0.47	0.71	0.60	1.12
PTPRU	4035	0	0.00	-0.28	-0.62	-0.81	-0.53
RGS5	4047;6215	6	0.00	-0.99	-0.87	0.08	0.96
CEBPG	4058	39	0.00	0.40	0.43	0.83	0.68
SPHK2	4066	10	0.00	-0.33	-0.91	-0.54	-0.12
HMGN3	4080;6873	9	0.00	-0.07	-0.37	-0.50	-0.87
0 (SPOT_4081)	4081	38	0.00	0.81	0.73	0.51	0.70
0 (SPOT_4082)	4082	38	0.00	1.01	0.98	0.68	0.98
0 (SPOT_4083)	4083	42	0.00	0.56	0.89	0.38	0.44
0 (SPOT_4084)	4084	38	0.00	0.95	0.85	0.77	0.94
0 (SPOT_4086)	4086	43	0.00	0.66	0.99	0.89	0.61
DNLC2A	4088	43	0.00	0.38	1.69	1.08	0.60
0 (SPOT_4091)	4091	38	0.00	0.88	0.76	0.84	0.87
0 (SPOT_4159)	4159	38	0.00	0.85	0.56	0.56	0.73
0 (SPOT_4165)	4165	46	0.00	1.69	1.38	0.97	0.64
0 (SPOT_4167)	4167	38	0.00	1.20	1.53	1.13	0.98
0 (SPOT_4171)	4171	42	0.00	0.77	1.29	0.80	0.66
0 (SPOT_4172)	4172	44	0.00	0.28	-0.18	-0.89	-0.91
0 (SPOT_4198)	4198	46	0.00	1.09	0.50	0.35	0.34
SPEC1	4223;21591	13	0.00	-0.33	-0.31	-0.27	-0.87
TEM7R	4284	40	0.00	0.18	2.39	0.12	-0.56
0 (SPOT_4285)	4285	41	0.00	0.06	0.59	0.61	0.87
DKK1	4302	9	0.00	-0.55	-1.95	-2.43	-2.81
0 (SPOT_4304)	4304	40	0.00	0.53	1.03	0.56	0.28
0 (SPOT_4306)	4306	1	0.00	-1.16	-1.14	-0.88	-0.89
UTX	4315	39	0.00	0.09	0.33	1.14	0.39
KIAA1796	4354;6933;7624;8689;19112	42	0.00	0.42	1.04	0.59	0.60
NCF2	4357	42	0.00	0.44	0.94	0.30	0.70
TIEG	4361;6888	38	0.00	0.53	0.86	0.60	0.75
0 (SPOT_4364)	4364	42	0.00	0.95	1.77	0.81	1.25
CDH13	4368;6075	42	0.00	0.37	0.88	0.58	0.85
0 (SPOT_4374)	4374	15	0.00	-0.19	1.18	-0.62	-0.48
0 (SPOT_4379)	4379	43	0.00	-0.07	1.73	0.96	0.65
0 (SPOT_4380)	4380	40	0.00	3.65	4.58	3.63	1.93
LOC93109	4388	41	0.00	0.41	0.42	0.86	0.99
0 (SPOT_4392)	4392	42	0.00	0.48	0.95	0.57	0.61
0 (SPOT_4393)	4393	42	0.00	0.43	1.01	0.20	0.40
0 (SPOT_4406)	4406	28	0.00	-0.04	1.11	0.63	1.61
0 (SPOT_4416)	4416	42	0.00	0.56	1.27	0.43	0.70
0 (SPOT_4418)	4418	16	0.00	-2.81	1.88	0.27	-0.56
0 (SPOT_4420)	4420	42	0.00	-0.00	0.87	0.47	0.73
0 (SPOT_4437)	4437	43	0.00	0.28	1.11	0.80	0.88
0 (SPOT_4438)	4438	43	0.00	0.51	0.87	0.88	0.50
0 (SPOT_4448)	4448	40	0.00	0.57	1.41	0.60	0.48
0 (SPOT_4463)	4463	42	0.00	0.16	0.84	0.10	0.13
0 (SPOT_4472)	4472	27	0.00	-0.04	0.91	-0.66	-0.41
0 (SPOT_4481)	4481	38	0.00	0.93	1.17	0.72	0.74
MSMB	4484;6779	41	0.00	0.03	0.47	1.77	2.38
0 (SPOT_4487)	4487	40	0.00	0.35	0.93	0.19	0.18
0 (SPOT_4497)	4497	38	0.00	0.91	1.18	0.97	1.11
0 (SPOT_4498)	4498	42	0.00	0.66	1.09	0.45	0.58
0 (SPOT_4499)	4499	40	0.00	0.53	0.82	0.43	0.23
CCND1	4514;12171	19	0.00	0.31	-0.74	-1.12	-0.70
KLK4	4518;5232	38	0.00	1.15	1.59	0.91	1.20
0 (SPOT_4519)	4519	38	0.00	1.98	1.82	1.53	1.38
0 (SPOT_4522)	4522	46	0.00	1.48	0.94	0.47	0.89
0 (SPOT_4523)	4523	36	0.00	1.32	0.31	-0.36	0.72
IFIT1	4540;10841;19481	9	0.00	-0.24	-0.29	-0.44	-1.34
CRA	4554	14	0.00	-0.13	0.09	0.91	1.26
GRIA1	4569	48	0.00	0.55	0.64	0.41	1.12
LPIN1	4585	18	0.00	-0.05	0.85	0.98	1.02
FPR1	4606	41	0.00	0.42	0.33	0.90	1.22
FLNA	4608	43	0.00	0.01	0.87	1.26	0.82
H11	4619;6630	43	0.00	-0.15	1.46	1.19	0.78
0 (SPOT_4652)	4652	42	0.00	0.69	1.01	0.52	0.68
0 (SPOT_4657)	4657	38	0.00	1.09	0.97	0.88	0.77
0 (SPOT_4665)	4665	42	0.00	0.52	0.87	0.51	0.58
0 (SPOT_4666)	4666	42	0.00	0.45	1.12	0.45	0.67
0 (SPOT_4667)	4667	38	0.00	0.85	1.03	0.76	0.68
0 (SPOT_4668)	4668	38	0.00	1.04	1.24	0.68	0.74
FLJ20748	4682;10787;11262	40	0.00	0.23	1.15	0.69	0.24
FLJ13231	4712	42	0.00	0.50	0.88	0.51	0.54
0 (SPOT_4724)	4724	40	0.00	0.45	0.80	0.59	0.25
MGC45562	4832	48	0.00	0.53	0.69	0.47	0.91
0 (SPOT_4837)	4837	40	0.00	0.85	1.10	0.75	0.51
0 (SPOT_4855)	4855	42	0.00	0.44	1.10	0.72	0.73
JTB	4856	42	0.00	0.88	1.61	0.94	0.83
0 (SPOT_4910)	4910	42	0.00	0.47	0.92	0.41	0.54
0 (SPOT_4911)	4911	40	0.00	0.69	1.12	0.47	0.41
0 (SPOT_4922)	4922	42	0.00	0.59	1.25	0.49	0.87
DMRT2	4924	6	0.00	0.01	-0.02	0.22	0.81
0 (SPOT_4926)	4926	42	0.00	0.50	0.99	0.25	0.54
0 (SPOT_4929)	4929	38	0.00	0.62	0.96	0.83	0.82
0 (SPOT_4931)	4931	42	0.00	0.52	0.96	0.50	0.44
0 (SPOT_4932)	4932	42	0.00	0.57	0.95	0.41	0.82
GAGED2	4979	18	0.00	-1.41	0.81	0.42	0.42
0 (SPOT_4991)	4991	42	0.00	0.64	1.20	0.43	0.54
0 (SPOT_5000)	5000	27	0.00	0.12	0.57	-0.99	0.10
PHLDA1	5018;14173;21991	41	0.00	-0.14	0.71	1.03	1.46
0 (SPOT_5024)	5024	40	0.00	0.53	0.83	0.36	0.31
0 (SPOT_5029)	5029	42	0.00	0.42	1.42	0.67	0.48
0 (SPOT_5045)	5045	42	0.00	-0.02	0.98	-0.16	0.42
FLJ14503	5048	42	0.00	0.14	0.87	0.09	0.39
0 (SPOT_5049)	5049	47	0.00	0.62	0.90	0.30	0.41
ULBP2	5051	41	0.00	-0.14	0.62	1.05	1.30
ATP2B4	5053	41	0.00	0.10	0.53	0.78	0.82
ADM	5057	41	0.00	-0.09	0.34	0.51	0.91
0 (SPOT_5080)	5080	16	0.00	-0.06	1.04	0.11	0.17
0 (SPOT_5086)	5086	40	0.00	0.57	1.02	0.31	0.28
0 (SPOT_5087)	5087	43	0.00	0.33	2.40	2.08	1.51
ALS2CR8	5089	40	0.00	0.42	1.03	0.11	0.23
0 (SPOT_5098)	5098	15	0.00	-0.47	1.15	0.09	-0.36
ZNF288	5112	18	0.00	-0.92	0.75	0.40	0.46
0 (SPOT_5113)	5113	42	0.00	-0.08	1.47	0.28	0.58
0 (SPOT_5114)	5114	40	0.00	0.89	2.10	0.60	0.63
0 (SPOT_5115)	5115	42	0.00	0.74	2.73	0.06	1.02
0 (SPOT_5116)	5116	42	0.00	0.27	1.44	-0.22	0.75
0 (SPOT_5125)	5125	40	0.00	1.00	2.67	0.59	-0.34
0 (SPOT_5131)	5131	38	0.00	2.98	3.88	2.22	2.76
0 (SPOT_5135)	5135	47	0.00	5.11	4.34	1.87	1.70
0 (SPOT_5151)	5151	42	0.00	0.46	0.98	0.25	0.68
0 (SPOT_5153)	5153	42	0.00	0.41	0.98	0.57	0.89
0 (SPOT_5159)	5159	40	0.00	0.06	0.83	0.25	0.12
0 (SPOT_5161)	5161	42	0.00	0.44	0.80	0.45	0.38
0 (SPOT_5165)	5165	42	0.00	0.32	0.85	0.36	0.37
0 (SPOT_5173)	5173	42	0.00	0.32	0.91	0.05	0.56
0 (SPOT_5186)	5186	40	0.00	0.74	1.30	0.51	0.51
0 (SPOT_5188)	5188	42	0.00	0.53	1.06	0.22	0.59
0 (SPOT_5192)	5192	42	0.00	0.37	1.51	0.32	0.49
0 (SPOT_5193)	5193	13	0.00	-0.51	-0.01	-0.16	-0.86
0 (SPOT_5237)	5237	40	0.00	0.13	0.84	0.36	-0.32
0 (SPOT_5242)	5242	42	0.00	0.05	0.80	0.09	0.56
CDH17	5248;8643;21882	8	0.00	-0.64	-0.78	-0.80	-0.86
0 (SPOT_5250)	5250	43	0.00	0.08	0.96	0.72	0.41
0 (SPOT_5264)	5264	47	0.00	0.47	0.81	0.17	0.26
0 (SPOT_5268)	5268	42	0.00	0.29	0.90	0.13	0.33
EDN2	5269	43	0.00	0.31	0.98	0.74	0.35
0 (SPOT_5278)	5278	15	0.00	-0.33	1.21	-0.03	-0.99
0 (SPOT_5280)	5280	9	0.00	-0.87	-0.39	-1.18	-1.86
SOS1	5313	43	0.00	0.08	0.96	0.53	0.27
VCL	5333	29	0.00	-0.00	0.46	0.94	0.41
VCAM1	5334;7562	42	0.00	0.68	1.00	0.45	0.69
NDRG1	5349	14	0.00	-0.24	0.49	2.16	2.55
0 (SPOT_5409)	5409	4	0.00	-1.04	-0.01	0.11	-1.06
0 (SPOT_5503)	5503	42	0.00	0.73	1.31	0.53	0.59
0 (SPOT_5505)	5505	24	0.00	-0.26	0.01	-0.86	-0.67
ERO1L	5511;19225	41	0.00	-0.10	0.38	0.74	0.93
0 (SPOT_5545)	5545	39	0.00	0.16	0.34	1.01	0.70
MATN2	5554	43	0.00	-0.05	0.80	0.84	0.68
ATF4	5571	43	0.00	0.07	0.70	0.89	0.47
KIAA0455	5598	42	0.00	0.62	0.86	0.40	0.72
0 (SPOT_5600)	5600	19	0.00	-0.18	-0.72	-1.07	-0.65
0 (SPOT_5603)	5603	42	0.00	0.95	1.72	0.62	1.16
0 (SPOT_5659)	5659	8	0.00	-0.44	-0.83	-0.62	-0.43
0 (SPOT_5671)	5671	42	0.00	0.68	0.94	0.50	0.57
LOC92129	5672	42	0.00	0.63	0.98	0.48	0.74
KIAA0918	5681	42	0.00	0.53	0.97	0.41	0.89
0 (SPOT_5683)	5683	38	0.00	1.16	0.92	0.90	1.34
0 (SPOT_5703)	5703	27	0.00	0.21	0.88	-0.04	0.17
PPFIA3	5721	33	0.00	0.55	0.17	0.20	0.86
0 (SPOT_5743)	5743	42	0.00	0.37	0.89	0.34	0.70
0 (SPOT_5748)	5748	42	0.00	0.32	1.04	0.17	0.35
0 (SPOT_5757)	5757	42	0.00	0.35	0.85	0.16	0.29
0 (SPOT_5759)	5759	9	0.00	-0.23	-0.53	-0.61	-1.06
PANK	5768	8	0.00	-0.38	-0.97	-0.82	-0.88
0 (SPOT_5781)	5781	38	0.00	0.57	0.93	0.64	0.67
STAM2	5813	9	0.00	-0.48	-1.71	-2.07	-2.55
DMN	5825	42	0.00	0.64	1.41	0.76	0.96
PCAF	5842;13626	12	0.00	-1.23	-0.15	-0.57	-0.15
DKFZP434K0427	5849	18	0.00	-0.42	0.35	0.81	0.53
AKT3	5857	42	0.00	1.03	1.77	1.00	1.09
KIAA1789	5861	42	0.00	0.30	0.81	0.41	0.38
0 (SPOT_5871)	5871	47	0.00	0.62	1.16	-0.19	0.19
TFF1	5873	6	0.00	-0.38	0.01	0.23	1.05
TIMP4	5874	42	0.00	0.03	0.86	0.19	0.62
0 (SPOT_5885)	5885	43	0.00	1.23	2.91	2.36	1.44
0 (SPOT_5923)	5923	42	0.00	1.09	1.82	0.92	1.11
0 (SPOT_5931)	5931	18	0.00	-0.20	0.50	0.82	0.64
0 (SPOT_6033)	6033	47	0.00	1.94	2.09	0.86	0.90
0 (SPOT_6036)	6036	27	0.00	0.55	1.20	-0.38	-0.41
VEGF	6050	41	0.00	0.32	1.09	1.24	1.91
TM4SF3	6056	1	0.00	-0.60	-0.70	-0.67	-0.84
ARHB	6058;6685;12675;14573	41	0.00	0.06	0.63	1.14	1.10
GABRP	6077	38	0.00	0.92	0.49	0.78	0.76
0 (SPOT_6148)	6148	2	0.00	-0.91	-0.35	-1.48	-1.44
0 (SPOT_6167)	6167	33	0.00	0.53	-0.31	0.38	1.16
LOC201164	6241	19	0.00	0.30	-0.45	-0.80	-0.33
KIAA1949	6257	43	0.00	0.03	0.95	1.18	1.07
FZD7	6281	44	0.00	0.26	-0.10	-0.67	-1.17
GARS	6331	39	0.00	0.45	0.42	1.07	0.87
WEE1	6353	43	0.00	0.09	1.00	1.41	0.62
0 (SPOT_6358)	6358	42	0.00	0.37	1.04	0.59	0.72
0 (SPOT_6364)	6364	46	0.00	0.82	0.65	0.32	0.40
KIAA0964	6386	41	0.00	0.11	0.16	0.33	0.89
FLJ20315	6415	8	0.00	0.02	-0.94	-0.49	-0.26
0 (SPOT_6421)	6421	46	0.00	0.91	0.77	0.58	0.56
0 (SPOT_6473)	6473	48	0.00	0.64	0.98	0.06	0.99
0 (SPOT_6475)	6475	47	0.00	0.69	0.85	0.18	0.59
CXCL10	6577	40	0.00	0.27	1.00	0.44	-0.23
H4FG	6580	37	0.00	0.39	0.47	0.01	-0.80
ACTN1	6597;19397	15	0.00	0.06	1.03	-0.05	0.02
0 (SPOT_6623)	6623	0	0.00	-0.60	-0.45	-0.81	-0.23
0 (SPOT_6652)	6652	21	0.00	-0.28	-0.28	-3.95	-0.02
0 (SPOT_6656)	6656	43	0.00	0.30	0.62	0.87	0.42
0 (SPOT_6659)	6659	40	0.00	0.88	1.96	0.58	0.29
0 (SPOT_6660)	6660	48	0.00	0.54	0.77	0.54	0.85
0 (SPOT_6674)	6674	8	0.00	-0.28	-0.88	-0.62	-0.52
0 (SPOT_6703)	6703	42	0.00	0.46	0.83	0.44	0.60
0 (SPOT_6716)	6716	33	0.00	0.37	0.34	0.14	1.27
TGFBR1	6720	20	0.00	-0.28	-0.86	-0.10	-0.18
0 (SPOT_6723)	6723	14	0.00	-0.02	-0.13	0.74	1.13
SPRY1	6747;15651	8	0.00	-0.18	-0.87	-0.71	-0.24
0 (SPOT_6749)	6749	18	0.00	-0.27	1.28	0.94	0.70
0 (SPOT_6750)	6750	28	0.00	-0.14	0.35	0.28	0.84
0 (SPOT_6759)	6759	20	0.00	0.26	-1.18	0.25	0.20
0 (SPOT_6784)	6784	40	0.00	0.08	1.72	0.76	-0.14
0 (SPOT_6789)	6789	42	0.00	0.46	2.01	0.58	1.40
HBP1	6837;16400	42	0.00	-0.42	1.30	-0.12	0.96
CFLAR	6839;20620	43	0.00	0.13	0.81	0.87	0.58
LCK	6882;8528	41	0.00	0.05	0.27	0.50	1.03
SLC12A5	6885	43	0.00	0.27	0.88	0.79	0.78
DKFZP761H1710	6921	30	0.00	0.93	-0.18	-0.47	0.82
0 (SPOT_6928)	6928	42	0.00	0.52	0.84	0.43	0.78
0 (SPOT_6940)	6940	42	0.00	0.45	0.82	0.16	0.57
0 (SPOT_6941)	6941	42	0.00	0.33	0.98	0.26	0.52
0 (SPOT_6956)	6956	47	0.00	0.61	0.95	0.23	0.44
EIF2B3	6968	42	0.00	0.40	1.08	0.38	0.40
ARHGEF2	6985	18	0.00	-0.13	0.76	0.71	0.86
0 (SPOT_6989)	6989	42	0.00	0.58	0.87	0.33	0.62
0 (SPOT_6997)	6997	41	0.00	-0.03	0.11	0.45	1.02
ETL	7032	42	0.00	0.47	0.96	0.47	0.55
CHK	7089	19	0.00	0.04	-0.55	-0.81	-0.49
CDR2	7091	43	0.00	-0.04	0.95	1.48	0.87
0 (SPOT_7094)	7094	38	0.00	0.71	0.95	0.74	0.77
0 (SPOT_7109)	7109	47	0.00	0.72	1.03	0.35	0.48
OXTR	7110	42	0.00	0.48	0.89	0.41	0.54
0 (SPOT_7118)	7118	42	0.00	0.62	0.90	0.34	0.53
FLJ30834	7122	47	0.00	0.63	1.12	0.01	0.21
TEM7	7127	48	0.00	0.79	0.68	0.46	0.90
0 (SPOT_7128)	7128	40	0.00	0.61	1.17	0.29	0.08
APOBEC3G	7144	41	0.00	0.35	0.72	1.22	1.15
0 (SPOT_7180)	7180	39	0.00	0.71	0.14	1.82	0.85
0 (SPOT_7182)	7182	43	0.00	0.33	0.61	0.85	0.37
0 (SPOT_7185)	7185	16	0.00	-0.18	1.72	0.60	0.38
0 (SPOT_7189)	7189	34	0.00	0.82	0.36	0.77	0.00
0 (SPOT_7191)	7191	47	0.00	1.38	1.61	0.43	1.23
0 (SPOT_7192)	7192	42	0.00	0.42	0.99	0.17	0.83
MGC3020	7201	42	0.00	0.28	0.89	0.36	0.85
0 (SPOT_7207)	7207	43	0.00	0.01	0.83	0.68	0.33
EIF5A2	7210	38	0.00	0.58	0.83	0.91	0.71
0 (SPOT_7215)	7215	42	0.00	0.64	1.05	0.31	0.46
0 (SPOT_7228)	7228	48	0.00	0.91	1.03	0.52	2.20
0 (SPOT_7239)	7239	42	0.00	0.59	0.83	0.43	0.61
DAAM2	7273	42	0.00	0.45	0.91	0.24	0.41
CDC42EP2	7276;14547	43	0.00	0.03	1.64	1.06	1.17
0 (SPOT_7278)	7278	40	0.00	0.65	1.14	0.60	0.45
0 (SPOT_7289)	7289	42	0.00	0.41	0.85	0.13	0.33
GDA	7290;18631;23745	8	0.00	-0.46	-0.80	-0.74	-0.87
0 (SPOT_7294)	7294	42	0.00	0.52	1.18	0.80	0.84
0 (SPOT_7299)	7299	47	0.00	1.97	2.02	1.02	0.93
IL23A	7302	41	0.00	0.44	1.39	2.41	2.27
0 (SPOT_7325)	7325	28	0.00	0.00	0.83	-0.17	0.88
0 (SPOT_7326)	7326	38	0.00	1.22	1.82	1.44	1.40
SMC2L1	7327	38	0.00	1.53	1.45	1.45	0.96
DKFZP434N0820	7334	42	0.00	0.56	1.26	0.71	0.55
GJA4	7354	38	0.00	1.39	1.87	1.33	1.51
0 (SPOT_7357)	7357	42	0.00	0.47	1.06	0.28	0.71
0 (SPOT_7358)	7358	42	0.00	0.38	1.21	0.21	1.00
0 (SPOT_7360)	7360	15	0.00	-0.35	1.00	-0.30	0.10
RTP801	7380;17130	41	0.00	0.78	2.55	3.22	3.71
CTGF	7387;12174	44	0.00	0.83	-0.42	-1.96	-2.07
0 (SPOT_7408)	7408	42	0.00	0.12	0.93	-0.20	0.63
0 (SPOT_7410)	7410	43	0.00	0.45	0.75	0.83	0.40
LOC113179	7416;11944	21	0.00	-0.25	-0.15	-0.97	-0.06
0 (SPOT_7418)	7418	42	0.00	0.34	1.16	0.72	0.74
0 (SPOT_7435)	7435	42	0.00	0.21	1.10	0.13	0.26
COPE	7442	48	0.00	0.65	0.85	0.41	0.93
0 (SPOT_7445)	7445	42	0.00	0.13	1.05	0.24	0.51
0 (SPOT_7446)	7446	47	0.00	0.51	0.98	0.17	0.28
0 (SPOT_7453)	7453	43	0.00	-0.00	1.02	0.91	0.83
0 (SPOT_7472)	7472	9	0.00	-0.20	-0.47	-0.84	-0.77
0 (SPOT_7477)	7477	41	0.00	0.01	0.55	1.73	2.36
0 (SPOT_7491)	7491	2	0.00	-0.54	-0.09	-0.65	-0.97
0 (SPOT_7497)	7497	42	0.00	0.33	0.99	0.45	0.38
0 (SPOT_7499)	7499	16	0.00	-0.05	1.24	0.43	0.34
0 (SPOT_7504)	7504	42	0.00	0.39	0.93	0.28	0.54
B7-H1	7512	42	0.00	0.40	1.06	0.56	0.56
0 (SPOT_7514)	7514	47	0.00	0.80	0.85	0.36	0.50
0 (SPOT_7515)	7515	15	0.00	-0.92	0.08	-0.66	-0.89
0 (SPOT_7527)	7527	42	0.00	0.44	0.90	0.22	0.28
0 (SPOT_7528)	7528	15	0.00	0.04	0.87	-0.05	-0.07
0 (SPOT_7529)	7529	40	0.00	0.16	0.97	0.39	-0.18
0 (SPOT_7532)	7532	47	0.00	0.42	0.93	-0.05	0.27
VASP	7561	48	0.00	0.50	0.85	0.57	1.47
TNFAIP6	7568	49	0.00	0.65	0.74	1.10	0.70
0 (SPOT_7569)	7569	43	0.00	0.29	0.96	0.83	0.66
GABRE	7589	38	0.00	0.90	0.97	0.97	0.79
CXCR6	7590	38	0.00	0.63	0.87	0.62	0.54
DGKG	7601	16	0.00	-0.22	1.02	0.29	0.48
COL11A1	7604	42	0.00	0.45	0.96	0.51	0.79
NFKB1	7611	43	0.00	0.05	1.82	1.19	0.66
FACL2	7616	43	0.00	-0.12	1.49	1.76	0.93
PSG9	7651	0	0.00	-0.35	-0.42	-0.81	-0.22
0 (SPOT_7679)	7679	15	0.00	-0.36	1.81	-0.35	-1.24
0 (SPOT_7681)	7681	42	0.00	-0.09	0.91	0.14	0.44
0 (SPOT_7682)	7682	42	0.00	-0.00	0.87	0.16	0.51
0 (SPOT_7707)	7707	40	0.00	0.27	0.89	0.28	0.17
MGC861	7716	9	0.00	0.07	-0.46	-0.70	-1.11
CARP	7771	24	0.00	0.21	-0.19	-1.67	-1.35
0 (SPOT_7777)	7777	39	0.00	0.24	0.12	0.96	0.53
0 (SPOT_7778)	7778	38	0.00	1.32	1.53	0.75	1.16
0 (SPOT_7783)	7783	42	0.00	-0.17	0.90	-0.01	0.68
0 (SPOT_7804)	7804	42	0.00	0.24	0.87	0.17	0.66
0 (SPOT_7825)	7825	42	0.00	0.19	0.87	0.22	0.23
RGS4	7835;10129	43	0.00	0.31	0.88	0.93	0.77
GSTA3	7845	42	0.00	0.22	0.95	0.23	0.50
SYN1	7864	40	0.00	0.49	1.27	0.87	0.03
0 (SPOT_7868)	7868	47	0.00	0.63	0.89	0.30	0.50
0 (SPOT_7873)	7873	40	0.00	0.12	1.00	0.55	0.13
0 (SPOT_7875)	7875	42	0.00	0.77	1.24	0.25	0.93
0 (SPOT_7877)	7877	42	0.00	0.10	1.94	0.02	0.61
0 (SPOT_7878)	7878	42	0.00	0.97	1.49	0.57	0.74
0 (SPOT_7881)	7881	28	0.00	-0.06	0.42	-0.05	0.98
0 (SPOT_7894)	7894	42	0.00	0.23	0.81	0.26	0.41
PLCB4	7909;18911;20304;20622;23398;24012	14	0.00	-0.65	0.05	0.87	0.75
0 (SPOT_7919)	7919	42	0.00	0.30	0.83	0.17	0.36
0 (SPOT_7953)	7953	38	0.00	1.07	1.06	0.60	0.70
0 (SPOT_7954)	7954	38	0.00	1.06	1.27	1.06	0.97
0 (SPOT_7957)	7957	38	0.00	0.86	1.13	0.97	0.83
HOOK1	7966	16	0.00	-0.47	1.18	-0.12	0.52
0 (SPOT_7968)	7968	40	0.00	0.44	0.84	0.32	0.19
0 (SPOT_7972)	7972	42	0.00	0.49	0.94	0.11	0.45
0 (SPOT_7974)	7974	40	0.00	0.39	0.95	0.70	0.29
0 (SPOT_7975)	7975	40	0.00	0.43	0.86	0.29	0.30
0 (SPOT_7977)	7977	47	0.00	0.92	0.71	0.15	0.27
0 (SPOT_7978)	7978	45	0.00	0.97	0.46	0.15	0.22
0 (SPOT_7981)	7981	40	0.00	0.83	1.72	1.07	0.72
0 (SPOT_7982)	7982	42	0.00	0.54	0.90	0.40	0.43
FLJ25471	7984	42	0.00	0.78	1.21	0.42	0.72
0 (SPOT_7985)	7985	40	0.00	0.15	1.64	1.14	0.01
0 (SPOT_7994)	7994	42	0.00	0.24	1.17	0.39	0.84
0 (SPOT_7995)	7995	47	0.00	0.51	0.86	-0.10	0.59
0 (SPOT_8006)	8006	27	0.00	0.47	1.21	-0.04	0.38
0 (SPOT_8010)	8010	42	0.00	0.19	1.15	0.31	0.28
MLLT4	8014;11583;14634;20925	41	0.00	0.08	0.45	0.62	0.82
0 (SPOT_8016)	8016	42	0.00	0.28	0.91	0.35	0.41
0 (SPOT_8024)	8024	42	0.00	0.20	0.98	0.36	0.35
0 (SPOT_8027)	8027	42	0.00	0.22	1.14	0.57	0.88
0 (SPOT_8029)	8029	42	0.00	0.39	1.02	0.14	0.58
0 (SPOT_8033)	8033	42	0.00	0.68	1.06	0.28	0.67
0 (SPOT_8035)	8035	47	0.00	0.56	1.24	0.05	0.41
0 (SPOT_8037)	8037	37	0.00	0.04	-0.13	-0.21	-0.83
0 (SPOT_8038)	8038	16	0.00	-0.06	1.10	0.35	0.30
0 (SPOT_8039)	8039	42	0.00	-0.01	0.83	0.05	0.19
0 (SPOT_8040)	8040	42	0.00	0.36	1.08	0.13	0.86
0 (SPOT_8044)	8044	42	0.00	0.55	1.17	0.43	0.51
0 (SPOT_8056)	8056	42	0.00	0.34	0.81	0.21	0.58
NR2F2	8062	8	0.00	-0.32	-1.03	-0.45	-0.54
0 (SPOT_8063)	8063	47	0.00	0.53	0.95	0.16	0.40
0 (SPOT_8066)	8066	28	0.00	-0.35	1.70	-0.14	2.12
0 (SPOT_8068)	8068	27	0.00	-0.18	0.83	-0.28	0.25
0 (SPOT_8070)	8070	3	0.00	-1.67	-0.54	-1.17	-0.74
FLJ20449	8072	16	0.00	-0.84	1.08	-0.15	0.45
0 (SPOT_8090)	8090	40	0.00	0.25	0.93	0.19	0.13
IL1A	8096	42	0.00	0.09	0.88	0.02	0.55
GYPB	8100;10614;16697;16756	42	0.00	0.25	0.82	0.41	0.32
STK38L	8101;13836	18	0.00	-0.14	0.69	1.02	0.62
MMP10	8110	14	0.00	-0.03	1.05	2.16	1.82
0 (SPOT_8118)	8118	40	0.00	0.59	1.20	0.52	0.37
0 (SPOT_8121)	8121	42	0.00	-0.00	1.00	0.00	0.25
0 (SPOT_8125)	8125	27	0.00	0.15	0.97	-0.08	0.24
0 (SPOT_8135)	8135	40	0.00	0.53	0.83	0.33	0.35
0 (SPOT_8149)	8149	42	0.00	0.47	0.96	0.43	0.41
0 (SPOT_8153)	8153	42	0.00	-0.16	1.13	0.30	0.59
0 (SPOT_8156)	8156	42	0.00	0.13	1.12	0.36	0.40
0 (SPOT_8157)	8157	40	0.00	0.18	1.72	0.40	-0.05
CUBN	8158	42	0.00	-0.06	1.51	0.45	0.69
0 (SPOT_8164)	8164	15	0.00	-0.25	1.30	-0.33	0.11
0 (SPOT_8165)	8165	16	0.00	-0.33	1.00	-0.32	0.20
0 (SPOT_8168)	8168	47	0.00	1.15	1.19	0.05	1.03
0 (SPOT_8173)	8173	16	0.00	-0.12	0.86	0.38	0.13
0 (SPOT_8178)	8178	42	0.00	0.34	1.11	0.20	0.52
0 (SPOT_8179)	8179	42	0.00	-0.07	1.22	-0.03	0.37
0 (SPOT_8180)	8180	42	0.00	0.24	0.95	0.42	0.41
0 (SPOT_8181)	8181	42	0.00	0.27	1.00	0.52	0.53
0 (SPOT_8182)	8182	42	0.00	0.39	1.07	0.53	0.71
0 (SPOT_8183)	8183	40	0.00	0.44	1.24	0.35	0.27
0 (SPOT_8184)	8184	40	0.00	0.18	1.15	0.06	0.10
0 (SPOT_8185)	8185	40	0.00	0.48	1.78	1.48	0.03
URG4	8188	48	0.00	0.59	0.62	0.23	0.97
0 (SPOT_8191)	8191	42	0.00	0.34	1.65	0.49	0.85
0 (SPOT_8193)	8193	42	0.00	0.06	0.98	0.13	0.24
0 (SPOT_8194)	8194	42	0.00	0.47	1.12	0.42	0.67
0 (SPOT_8195)	8195	42	0.00	0.46	0.95	0.34	0.40
0 (SPOT_8198)	8198	40	0.00	-0.09	1.34	0.28	-0.10
0 (SPOT_8202)	8202	24	0.00	-0.08	-0.47	-1.91	-0.93
0 (SPOT_8209)	8209	42	0.00	0.29	1.48	0.41	0.54
0 (SPOT_8215)	8215	42	0.00	0.06	1.22	0.30	0.48
0 (SPOT_8219)	8219	27	0.00	-0.07	0.81	-0.45	0.30
0 (SPOT_8224)	8224	40	0.00	0.57	1.54	0.23	-0.04
0 (SPOT_8235)	8235	42	0.00	0.33	0.87	0.29	0.30
0 (SPOT_8237)	8237	15	0.00	-0.28	0.84	-0.17	0.01
0 (SPOT_8239)	8239	42	0.00	0.68	2.10	0.20	0.96
0 (SPOT_8245)	8245	42	0.00	0.17	0.83	0.33	0.51
HT021	8246;10790	42	0.00	0.20	1.21	0.31	0.51
0 (SPOT_8247)	8247	40	0.00	0.27	0.84	0.30	0.22
0 (SPOT_8248)	8248	42	0.00	0.45	1.34	0.29	0.38
0 (SPOT_8251)	8251	42	0.00	0.30	0.98	0.55	0.47
0 (SPOT_8254)	8254	40	0.00	0.68	1.59	0.75	0.38
0 (SPOT_8255)	8255	43	0.00	0.34	1.15	0.78	0.48
0 (SPOT_8262)	8262	42	0.00	0.18	0.93	0.14	0.27
0 (SPOT_8271)	8271	42	0.00	0.60	1.13	0.50	0.73
0 (SPOT_8276)	8276	42	0.00	0.92	1.44	0.63	0.70
0 (SPOT_8277)	8277	40	0.00	0.27	1.02	0.02	0.02
0 (SPOT_8282)	8282	42	0.00	0.19	0.87	0.02	0.26
0 (SPOT_8286)	8286	42	0.00	0.20	1.29	-0.11	0.65
0 (SPOT_8287)	8287	42	0.00	0.62	1.18	0.20	0.60
0 (SPOT_8288)	8288	42	0.00	0.62	0.92	0.14	0.75
0 (SPOT_8289)	8289	42	0.00	0.62	1.74	0.48	0.92
0 (SPOT_8291)	8291	42	0.00	0.11	0.95	-0.05	0.29
0 (SPOT_8294)	8294	40	0.00	0.51	1.60	0.03	0.15
0 (SPOT_8295)	8295	42	0.00	-0.09	1.47	-0.11	0.33
0 (SPOT_8296)	8296	40	0.00	0.51	4.24	0.42	0.21
0 (SPOT_8297)	8297	43	0.00	1.12	2.21	2.17	1.32
0 (SPOT_8298)	8298	43	0.00	0.26	4.40	2.70	2.18
0 (SPOT_8299)	8299	48	0.00	1.78	1.38	1.53	2.71
0 (SPOT_8301)	8301	47	0.00	1.01	1.73	0.31	0.74
0 (SPOT_8303)	8303	47	0.00	1.64	1.55	0.54	1.34
0 (SPOT_8304)	8304	18	0.00	-0.37	1.09	0.49	1.06
S100P	8321;20996	41	0.00	0.38	0.53	1.56	2.22
CDKN3	8388	44	0.00	0.38	-0.12	-0.36	-0.84
0 (SPOT_8484)	8484	43	0.00	0.13	1.16	0.76	0.80
0 (SPOT_8542)	8542	39	0.00	0.01	0.03	0.89	0.58
PRRG1	8588	42	0.00	0.12	0.94	0.34	0.45
0 (SPOT_8631)	8631	42	0.00	0.35	1.09	0.34	0.49
0 (SPOT_8632)	8632	21	0.00	0.05	-0.75	-1.72	-0.44
0 (SPOT_8635)	8635	42	0.00	0.32	0.86	0.12	0.41
0 (SPOT_8638)	8638	42	0.00	0.53	1.00	0.46	0.77
0 (SPOT_8639)	8639	42	0.00	0.58	1.06	0.22	0.61
DUSP10	8651	18	0.00	-0.24	0.99	1.12	1.46
0 (SPOT_8669)	8669	8	0.00	-0.82	-1.68	-1.39	-1.35
DKC1	8671	9	0.00	-0.13	-0.18	-0.63	-0.81
0 (SPOT_8691)	8691	42	0.00	0.34	1.45	0.32	0.54
0 (SPOT_8692)	8692	18	0.00	-0.46	0.85	0.71	0.34
0 (SPOT_8696)	8696	19	0.00	-0.10	-0.79	-0.93	-0.60
0 (SPOT_8702)	8702	49	0.00	0.80	1.33	1.58	0.64
0 (SPOT_8711)	8711	38	0.00	0.85	1.10	0.71	0.81
0 (SPOT_8714)	8714	22	0.00	0.11	-0.50	0.26	-1.02
0 (SPOT_8715)	8715	40	0.00	0.54	0.88	0.23	0.05
0 (SPOT_8738)	8738	42	0.00	0.46	1.08	0.48	0.61
0 (SPOT_8740)	8740	42	0.00	0.48	1.07	0.04	0.50
0 (SPOT_8749)	8749	42	0.00	0.01	0.81	0.04	0.35
0 (SPOT_8770)	8770	42	0.00	0.30	0.82	0.08	0.25
KIAA0763	8793	24	0.00	-0.19	0.05	-0.91	-0.32
0 (SPOT_8795)	8795	40	0.00	0.40	0.90	0.15	0.21
0 (SPOT_8799)	8799	40	0.00	0.43	1.05	0.39	0.17
KIAA0759	8801	0	0.00	-0.25	-0.48	-0.93	-0.45
LOC112609	8811	3	0.00	-0.80	-0.24	-0.56	-0.36
BAG2	8813	22	0.00	-0.25	-0.34	-0.32	-0.91
CUGBP2	8854	16	0.00	-0.19	0.82	0.05	0.32
0 (SPOT_8856)	8856	40	0.00	0.22	1.62	0.84	0.26
0 (SPOT_8879)	8879	42	0.00	0.12	1.09	0.41	0.58
0 (SPOT_8882)	8882	42	0.00	0.08	1.28	0.30	0.34
0 (SPOT_8893)	8893	37	0.00	-0.03	0.01	-0.31	-0.88
OAS1	8897	14	0.00	-0.59	-0.10	0.70	0.93
KIAA0101	8901;10638	37	0.00	0.09	-0.03	-0.07	-1.12
T	8933	42	0.00	0.64	1.22	0.63	0.91
0 (SPOT_8935)	8935	42	0.00	0.10	0.83	0.22	0.46
0 (SPOT_8939)	8939	43	0.00	0.05	0.97	1.09	0.57
0 (SPOT_8942)	8942	48	0.00	0.54	0.82	0.14	0.90
0 (SPOT_8945)	8945	15	0.00	-0.11	0.90	-0.07	0.08
0 (SPOT_8962)	8962	15	0.00	-1.01	0.69	-0.72	-0.63
0 (SPOT_8963)	8963	42	0.00	0.16	1.20	0.18	0.21
0 (SPOT_8965)	8965	40	0.00	-0.05	1.35	0.34	-0.04
0 (SPOT_8966)	8966	40	0.00	0.74	1.30	0.50	0.38
0 (SPOT_8967)	8967	42	0.00	0.39	1.05	0.61	0.62
0 (SPOT_8970)	8970	42	0.00	0.14	0.98	0.29	0.64
0 (SPOT_8981)	8981	2	0.00	-2.64	-2.01	-2.99	-2.51
0 (SPOT_8983)	8983	0	0.00	-0.40	-0.64	-0.85	-0.53
0 (SPOT_8986)	8986	1	0.00	-2.57	-1.95	-1.90	-2.41
0 (SPOT_8987)	8987	8	0.00	-0.67	-1.37	-1.28	-0.98
0 (SPOT_8990)	8990	40	0.00	0.53	1.38	0.79	0.52
0 (SPOT_8993)	8993	40	0.00	0.49	1.09	0.61	0.30
0 (SPOT_8996)	8996	43	0.00	0.32	1.15	0.83	1.04
0 (SPOT_8997)	8997	16	0.00	-0.37	0.87	-0.14	0.43
0 (SPOT_9002)	9002	12	0.00	-1.03	0.10	-0.59	-0.11
0 (SPOT_9012)	9012	2	0.00	-0.93	-0.76	-0.79	-1.04
0 (SPOT_9019)	9019	42	0.00	0.02	0.86	0.09	0.26
0 (SPOT_9030)	9030	40	0.00	0.56	0.88	0.28	-0.10
0 (SPOT_9048)	9048	42	0.00	0.51	1.17	0.55	0.65
0 (SPOT_9070)	9070	32	0.00	0.99	-2.51	-2.11	1.96
IGFBP2	9076	10	0.00	-0.41	-0.97	-0.51	-0.23
MERTK	9089	8	0.00	-0.09	-0.85	-0.42	-0.53
KIFAP3	9096	14	0.00	0.06	0.11	0.82	0.90
GYPE	9102	39	0.00	0.63	0.35	0.86	0.65
PCNA	9116;17976	9	0.00	-0.11	-0.22	-0.49	-1.37
P4HA1	9118	6	0.00	-0.89	-0.57	0.54	1.04
GSA7	9123	19	0.00	0.23	-0.45	-0.87	-0.87
TNIP1	9124	14	0.00	-0.07	0.76	1.49	1.22
0 (SPOT_9144)	9144	9	0.00	-0.13	-0.35	-0.48	-0.91
CENPE	9167;13653	8	0.00	-0.49	-0.88	-0.57	-0.83
0 (SPOT_9170)	9170	8	0.00	-0.55	-1.00	-0.73	-0.45
0 (SPOT_9186)	9186	39	0.00	0.45	-0.07	1.73	0.58
0 (SPOT_9207)	9207	41	0.00	0.37	0.68	0.65	0.87
C1ORF33	9230	44	0.00	0.18	-0.29	-0.80	-0.76
NOLA2	9234	22	0.00	-0.01	-0.48	-0.38	-0.99
0 (SPOT_9252)	9252	38	0.00	0.97	0.95	0.83	0.97
0 (SPOT_9287)	9287	9	0.00	-0.33	-0.41	-0.49	-0.82
0 (SPOT_9303)	9303	48	0.00	0.57	0.60	0.42	0.83
SLC16A1	9323	9	0.00	-0.38	-0.53	-0.81	-0.87
SLBP	9336	9	0.00	0.06	-0.18	-0.41	-0.87
HSPA8	9343;18700	13	0.00	-0.33	-0.15	-0.19	-0.90
0 (SPOT_9373)	9373	43	0.00	0.55	1.12	0.77	0.64
0 (SPOT_9380)	9380	43	0.00	0.32	1.60	1.20	1.47
0 (SPOT_9381)	9381	47	0.00	1.24	1.37	0.16	0.73
0 (SPOT_9384)	9384	38	0.00	0.81	0.95	0.77	0.68
0 (SPOT_9386)	9386	38	0.00	1.57	1.50	1.57	1.66
0 (SPOT_9448)	9448	49	0.00	1.07	0.95	1.01	0.11
0 (SPOT_9461)	9461	28	0.00	0.13	0.24	0.06	0.92
0 (SPOT_9466)	9466	38	0.00	0.92	1.03	1.02	0.70
SORBS1	9542	14	0.00	-0.33	0.08	0.94	0.86
0 (SPOT_9573)	9573	2	0.00	-0.56	-0.61	-0.74	-0.80
FLJ22353	9584	0	0.00	-0.66	-0.78	-0.85	-0.60
0 (SPOT_9585)	9585	48	0.00	0.53	1.00	0.04	1.04
MMP3	9605	14	0.00	-0.24	0.72	1.86	1.87
EMP3	9606	14	0.00	-0.41	-0.02	0.97	1.33
MGC15523	9634	48	0.00	0.53	0.41	0.36	0.90
0 (SPOT_9640)	9640	33	0.00	0.59	0.27	0.41	0.98
0 (SPOT_9650)	9650	42	0.00	0.42	1.16	0.13	0.59
0 (SPOT_9652)	9652	48	0.00	1.12	1.19	0.62	1.14
0 (SPOT_9657)	9657	12	0.00	-3.58	-1.11	-3.45	1.86
0 (SPOT_9660)	9660	12	0.00	-0.81	1.92	-0.86	1.10
0 (SPOT_9666)	9666	44	0.00	0.43	-0.38	-1.18	-1.92
0 (SPOT_9667)	9667	2	0.00	-2.19	-1.52	-1.68	-2.90
0 (SPOT_9754)	9754	9	0.00	-0.26	-0.31	-0.65	-0.95
PANX1	9772;16376	43	0.00	-0.10	0.55	0.84	0.40
0 (SPOT_9799)	9799	12	0.00	-1.39	0.44	-0.72	-0.01
0 (SPOT_9800)	9800	17	0.00	-0.99	0.23	0.23	-0.98
0 (SPOT_9801)	9801	7	0.00	-0.95	0.06	0.68	-0.00
0 (SPOT_9807)	9807	43	0.00	0.01	1.04	1.29	0.82
0 (SPOT_9808)	9808	43	0.00	0.29	1.63	1.69	0.38
0 (SPOT_9809)	9809	15	0.00	-1.23	0.36	-0.93	-1.39
0 (SPOT_9812)	9812	12	0.00	-1.51	-0.15	-1.15	-0.73
0 (SPOT_9813)	9813	17	0.00	-1.47	0.56	-0.07	-1.25
0 (SPOT_9814)	9814	29	0.00	0.26	1.11	1.33	0.33
0 (SPOT_9816)	9816	7	0.00	-0.95	-0.05	0.18	-0.28
0 (SPOT_9827)	9827	42	0.00	0.76	1.41	0.53	0.61
MMP7	9835;14950	43	0.00	0.16	1.37	1.94	1.43
MMP12	9836	41	0.00	0.11	0.91	1.06	1.07
MBL2	9838	40	0.00	0.11	1.16	0.59	0.09
RAMP	9939;17606	44	0.00	0.05	-0.21	-0.82	-0.99
0 (SPOT_9948)	9948	43	0.00	0.18	1.07	0.64	0.43
0 (SPOT_9949)	9949	43	0.00	0.14	0.73	0.86	0.36
LOC91614	10043	40	0.00	0.05	0.89	0.43	0.19
0 (SPOT_10049)	10049	40	0.00	0.22	0.99	0.31	0.18
0 (SPOT_10054)	10054	47	0.00	0.70	1.05	0.32	0.41
SEMA3C	10088	9	0.00	-0.42	-0.70	-1.29	-1.94
OLR1	10092	43	0.00	0.09	1.51	2.04	1.32
0 (SPOT_10130)	10130	42	0.00	0.43	1.04	0.04	0.42
0 (SPOT_10131)	10131	43	0.00	0.28	0.98	0.70	0.67
KCNV1	10132	38	0.00	0.81	1.16	0.89	0.91
0 (SPOT_10134)	10134	43	0.00	0.32	1.00	0.64	0.52
0 (SPOT_10138)	10138	42	0.00	0.56	1.07	0.49	0.73
0 (SPOT_10212)	10212	40	0.00	0.51	1.03	0.41	0.22
AD24	10217	42	0.00	0.53	1.25	0.10	0.49
ROD1	10270	43	0.00	0.30	0.70	1.04	0.75
0 (SPOT_10288)	10288	42	0.00	0.54	1.01	0.55	0.56
0 (SPOT_10296)	10296	2	0.00	-0.75	-0.72	-0.87	-0.74
KIAA1214	10302	43	0.00	0.12	0.97	0.59	0.41
0 (SPOT_10342)	10342	16	0.00	-0.00	2.58	1.21	0.70
0 (SPOT_10386)	10386	43	0.00	-0.03	1.56	0.96	0.28
FLJ20202	10402	5	0.00	-0.80	-0.46	-0.39	0.03
0 (SPOT_10411)	10411	38	0.00	3.21	4.11	3.32	3.49
GGTL3	10412;11449	42	0.00	0.34	1.02	0.63	0.68
0 (SPOT_10419)	10419	37	0.00	0.36	0.89	-0.19	-1.21
0 (SPOT_10420)	10420	40	0.00	1.21	2.61	0.85	-0.14
0 (SPOT_10421)	10421	29	0.00	-1.13	1.26	2.10	-0.26
0 (SPOT_10428)	10428	38	0.00	3.26	4.78	3.30	2.70
0 (SPOT_10439)	10439	16	0.00	-0.12	0.82	0.27	0.32
0 (SPOT_10449)	10449	42	0.00	0.41	1.40	0.52	0.86
0 (SPOT_10462)	10462	40	0.00	0.15	1.24	0.30	0.02
PPP1R14B	10470	46	0.00	1.61	1.20	0.78	0.96
ICAM4	10489	2	0.00	-0.43	-0.36	-0.90	-0.71
0 (SPOT_10491)	10491	39	0.00	0.16	0.32	0.96	0.58
FLJ38281	10544;13954	43	0.00	0.46	0.74	0.80	0.50
0 (SPOT_10553)	10553	43	0.00	0.60	1.01	0.91	0.59
0 (SPOT_10563)	10563	47	0.00	1.54	1.88	0.90	0.90
0 (SPOT_10564)	10564	49	0.00	0.94	1.21	1.11	0.27
0 (SPOT_10568)	10568	40	0.00	0.10	1.15	0.63	0.17
0 (SPOT_10571)	10571	40	0.00	0.12	1.63	0.27	-0.17
ITGA2	10586;22506	43	0.00	0.45	1.18	0.95	1.09
INSL4	10589	42	0.00	0.26	1.07	0.22	0.29
FUT4	10617	41	0.00	0.00	0.44	0.91	0.95
FPRL1	10619	42	0.00	0.34	1.01	0.57	0.42
RAB21	10635;15307	44	0.00	0.35	-0.21	-0.81	-0.99
EXT1	10656;19488	29	0.00	-0.17	0.66	1.13	0.50
0 (SPOT_10660)	10660	44	0.00	0.15	0.05	-0.55	-0.99
0 (SPOT_10682)	10682	42	0.00	0.35	0.92	0.18	0.48
0 (SPOT_10700)	10700	40	0.00	0.09	0.89	0.36	0.13
0 (SPOT_10712)	10712	42	0.00	0.39	0.85	0.08	0.33
0 (SPOT_10719)	10719	47	0.00	0.93	1.00	0.29	0.68
LEF1	10726	43	0.00	0.31	1.28	0.75	0.57
0 (SPOT_10727)	10727	38	0.00	0.43	0.72	0.63	0.81
FLJ23311	10735	9	0.00	0.09	-0.69	-0.59	-1.32
TM4SF11	10751	19	0.00	-0.09	-0.72	-1.03	-0.47
0 (SPOT_10756)	10756	42	0.00	0.26	1.04	0.17	0.64
0 (SPOT_10764)	10764	42	0.00	0.28	0.81	0.11	0.33
0 (SPOT_10765)	10765	40	0.00	0.68	1.14	0.26	0.25
RGS18	10796	47	0.00	0.84	1.18	0.51	0.63
0 (SPOT_10815)	10815	42	0.00	0.41	0.89	0.22	0.33
SRM	10831	44	0.00	0.23	-0.35	-0.47	-0.84
ECE1	10862;15190	41	0.00	0.11	0.55	0.97	1.52
0 (SPOT_10891)	10891	18	0.00	-0.25	0.82	0.31	0.68
0 (SPOT_10893)	10893	42	0.00	0.64	1.17	0.55	0.58
0 (SPOT_10894)	10894	42	0.00	0.11	0.83	0.41	0.26
LOC51705	10953	40	0.00	0.44	1.27	0.30	0.23
UGT8	10954	9	0.00	-0.28	-0.54	-0.84	-0.77
0 (SPOT_10957)	10957	38	0.00	1.28	1.99	1.26	1.27
0 (SPOT_10958)	10958	46	0.00	1.69	1.37	0.88	1.22
0 (SPOT_10959)	10959	38	0.00	2.66	3.08	2.01	2.52
COL9A1	10962	47	0.00	0.76	1.13	0.09	0.89
BRPF3	10963	43	0.00	1.08	1.60	1.60	0.93
0 (SPOT_10965)	10965	38	0.00	0.92	1.17	1.11	1.34
FLJ20156	10969	38	0.00	0.93	0.71	0.77	0.76
0 (SPOT_10976)	10976	38	0.00	0.70	0.92	0.68	0.75
0 (SPOT_10978)	10978	42	0.00	0.36	0.96	0.61	0.68
0 (SPOT_10979)	10979	42	0.00	0.02	0.96	0.34	0.25
0 (SPOT_10980)	10980	42	0.00	0.23	1.18	0.48	0.61
0 (SPOT_10981)	10981	42	0.00	0.42	1.26	0.01	0.39
0 (SPOT_10991)	10991	43	0.00	-0.05	0.85	0.66	0.19
HOMER-2B	10992	2	0.00	-0.82	-0.34	-0.66	-0.51
0 (SPOT_11011)	11011	47	0.00	1.43	1.71	0.38	1.13
0 (SPOT_11014)	11014	47	0.00	1.29	1.15	0.45	0.96
0 (SPOT_11031)	11031	40	0.00	0.75	1.28	0.44	0.33
0 (SPOT_11033)	11033	42	0.00	0.30	1.44	0.37	0.37
0 (SPOT_11035)	11035	42	0.00	0.09	1.38	0.28	0.37
0 (SPOT_11036)	11036	15	0.00	0.08	1.59	0.00	-0.20
0 (SPOT_11037)	11037	42	0.00	0.47	1.47	0.49	0.71
SAGE	11048	38	0.00	1.57	2.22	1.59	1.58
C11ORF14	11053	40	0.00	0.99	1.17	0.63	0.53
HIMAP4	11065	42	0.00	0.48	1.47	0.17	0.38
FLJ14440	11072	43	0.00	0.63	1.44	1.04	0.78
0 (SPOT_11082)	11082	42	0.00	0.42	0.91	0.12	0.59
GTF3C4	11090	42	0.00	1.72	3.38	0.88	1.74
OPN3	11094;18392	9	0.00	-0.69	-0.72	-1.28	-1.58
GABRA1	11098	16	0.00	-0.50	2.03	1.03	1.08
0 (SPOT_11100)	11100	42	0.00	0.65	1.15	0.54	0.53
GMNN	11127;15614	9	0.00	-0.18	-0.34	-0.34	-0.80
0 (SPOT_11128)	11128	42	0.00	0.29	0.94	0.42	0.92
0 (SPOT_11129)	11129	42	0.00	0.02	0.99	0.06	0.23
0 (SPOT_11155)	11155	47	0.00	0.77	1.23	0.20	0.65
0 (SPOT_11157)	11157	47	0.00	1.11	1.47	0.25	1.05
0 (SPOT_11158)	11158	43	0.00	0.30	0.94	0.73	0.53
0 (SPOT_11161)	11161	42	0.00	0.31	1.15	0.22	0.63
0 (SPOT_11162)	11162	43	0.00	0.06	1.05	0.56	0.35
0 (SPOT_11163)	11163	36	0.00	0.18	1.23	-0.89	1.05
0 (SPOT_11186)	11186	46	0.00	0.89	0.77	0.42	0.62
0 (SPOT_11202)	11202	42	0.00	0.12	0.83	0.10	0.41
0 (SPOT_11213)	11213	27	0.00	-0.25	0.94	-0.42	-0.00
0 (SPOT_11227)	11227	38	0.00	0.61	1.04	0.81	0.87
0 (SPOT_11244)	11244	38	0.00	1.24	1.51	0.80	1.32
0 (SPOT_11248)	11248	43	0.00	0.05	0.88	0.55	0.62
0 (SPOT_11258)	11258	15	0.00	-0.39	1.58	-1.10	-1.69
0 (SPOT_11267)	11267	34	0.00	1.05	-0.04	0.78	-0.02
0 (SPOT_11286)	11286	40	0.00	0.04	0.96	0.46	0.17
0 (SPOT_11302)	11302	7	0.00	-1.49	-0.19	-0.34	-0.61
0 (SPOT_11308)	11308	40	0.00	0.60	0.96	0.48	0.45
0 (SPOT_11311)	11311	49	0.00	1.43	1.09	2.00	0.32
0 (SPOT_11314)	11314	3	0.00	-2.45	-1.42	-1.50	-2.06
0 (SPOT_11322)	11322	44	0.00	0.84	0.39	-0.24	-0.59
0 (SPOT_11323)	11323	34	0.00	0.96	0.35	0.58	-0.32
0 (SPOT_11328)	11328	48	0.00	1.14	1.18	0.94	2.37
ABHD2	11341	14	0.00	-0.09	0.03	0.76	1.06
PPP1R2	11342;13153;19008	37	0.00	0.07	-0.04	-0.41	-0.91
PSG2	11344;14375	0	0.00	-1.04	-1.04	-1.07	-0.63
MMP1	11348	18	0.00	-0.56	0.98	1.19	1.07
BAT8	11376	8	0.00	-0.26	-0.94	-0.79	-0.39
PCK2	11408	41	0.00	0.44	0.31	0.99	1.41
0 (SPOT_11462)	11462	42	0.00	0.07	0.86	0.26	0.32
0 (SPOT_11475)	11475	16	0.00	-0.27	1.13	0.41	0.08
MUTYH	11498	41	0.00	-0.01	0.29	0.36	1.02
0 (SPOT_11519)	11519	43	0.00	0.54	1.14	0.79	0.50
0 (SPOT_11559)	11559	48	0.00	0.52	0.78	0.51	0.97
0 (SPOT_11560)	11560	36	0.00	0.54	0.75	-0.21	0.89
TIGD2	11561	8	0.00	-0.14	-0.89	-0.40	-0.69
DKFZP566I1024	11578;21644	0	0.00	-0.56	-0.41	-0.85	-0.42
CDC7L1	11608	9	0.00	-0.05	-0.37	-0.50	-0.82
SERPINA4	11610	23	0.00	0.06	-0.81	0.15	0.18
0 (SPOT_11641)	11641	48	0.00	0.94	0.87	0.50	0.93
MGC33510	11642	38	0.00	1.37	1.17	0.86	1.11
0 (SPOT_11644)	11644	38	0.00	0.70	0.84	0.78	0.97
MAFF	11654	42	0.00	0.37	2.13	1.07	1.24
SCRG1	11660	42	0.00	0.36	0.77	0.48	0.83
0 (SPOT_11713)	11713	42	0.00	0.43	0.82	0.52	0.88
LOC51668	11718	44	0.00	0.26	-0.06	-0.38	-1.08
0 (SPOT_11727)	11727	42	0.00	0.65	1.10	0.61	0.82
0 (SPOT_11735)	11735	49	0.00	0.72	0.73	1.17	0.54
0 (SPOT_11758)	11758	24	0.00	-0.04	-0.05	-1.57	-0.17
0 (SPOT_11759)	11759	12	0.00	-0.73	0.21	-0.90	0.03
0 (SPOT_11786)	11786	38	0.00	0.87	0.60	0.86	0.83
0 (SPOT_11800)	11800	18	0.00	-0.17	1.98	2.20	1.71
0 (SPOT_11824)	11824	24	0.00	0.00	-0.06	-0.85	-0.22
0 (SPOT_11835)	11835	3	0.00	-0.82	-0.55	-0.51	-0.33
0 (SPOT_11856)	11856	9	0.00	-0.27	-0.64	-1.47	-1.31
0 (SPOT_11857)	11857	9	0.00	-0.16	-0.23	-0.53	-1.29
ADA	11881	8	0.00	-0.48	-0.85	-0.82	-0.81
SCN8A	11907	48	0.00	0.63	0.55	0.29	0.91
0 (SPOT_11913)	11913	49	0.00	0.71	0.88	0.85	0.43
0 (SPOT_11930)	11930	42	0.00	1.34	3.27	1.36	3.72
0 (SPOT_11931)	11931	42	0.00	0.74	3.49	1.04	0.97
0 (SPOT_11932)	11932	41	0.00	0.26	0.67	1.01	2.20
0 (SPOT_11942)	11942	39	0.00	0.37	0.32	0.87	0.74
0 (SPOT_11948)	11948	44	0.00	0.08	-0.32	-1.11	-1.12
0 (SPOT_12008)	12008	42	0.00	0.83	2.18	1.03	0.90
0 (SPOT_12016)	12016	42	0.00	0.45	1.05	0.50	0.76
0 (SPOT_12022)	12022	2	0.00	-2.50	-1.56	-2.19	-3.21
0 (SPOT_12037)	12037	8	0.00	-0.14	-0.93	-0.78	-0.90
0 (SPOT_12066)	12066	9	0.00	-0.52	-0.65	-0.82	-0.97
0 (SPOT_12067)	12067	2	0.00	-1.45	-1.24	-1.30	-1.23
0 (SPOT_12073)	12073	45	0.00	1.71	1.39	0.94	0.15
0 (SPOT_12076)	12076	47	0.00	1.26	0.97	0.25	0.57
0 (SPOT_12077)	12077	45	0.00	2.13	1.55	0.40	0.20
0 (SPOT_12078)	12078	16	0.00	-0.20	0.80	0.39	0.18
0 (SPOT_12082)	12082	46	0.00	2.01	0.53	0.96	1.09
0 (SPOT_12089)	12089	39	0.00	2.12	1.88	8.39	4.37
UNG	12098	9	0.00	-0.19	-0.47	-0.85	-1.16
SLC21A2	12109	25	0.00	-0.59	-0.58	-0.88	0.33
CTSE	12143	6	0.00	-0.85	-0.63	-0.27	0.32
NEDD4	12147	43	0.00	0.01	0.64	0.87	0.46
MTHFD2	12148	39	0.00	0.67	0.97	1.72	0.90
MGC39325	12157;23459	10	0.00	-0.27	-0.88	-0.30	-0.18
0 (SPOT_12195)	12195	40	0.00	0.59	2.33	0.81	0.38
0 (SPOT_12207)	12207	0	0.00	-0.35	-0.93	-1.05	-0.66
EEF1E1	12291	9	0.00	-0.09	-0.28	-0.43	-0.91
0 (SPOT_12308)	12308	38	0.00	0.65	0.88	1.01	1.00
POLD1	12351	8	0.00	-0.20	-0.77	-0.67	-0.81
C6ORF33	12392;22228	0	0.00	-0.85	-1.38	-1.15	-0.57
0 (SPOT_12402)	12402	41	0.00	0.20	0.30	0.75	0.98
0 (SPOT_12420)	12420	38	0.00	0.82	0.69	0.70	0.60
NME1	12422	9	0.00	-0.05	-0.28	-0.34	-1.03
0 (SPOT_12426)	12426	41	0.00	-0.02	0.74	1.07	1.37
0 (SPOT_12501)	12501	45	0.00	1.31	0.21	-0.02	0.07
0 (SPOT_12505)	12505	46	0.00	1.08	0.02	0.32	0.35
0 (SPOT_12513)	12513	46	0.00	1.09	0.46	0.34	0.41
0 (SPOT_12523)	12523	39	0.00	0.76	0.50	1.04	0.86
0 (SPOT_12565)	12565	42	0.00	0.28	0.97	0.51	0.45
0 (SPOT_12606)	12606	17	0.00	-0.17	1.00	1.05	-0.80
0 (SPOT_12609)	12609	16	0.00	-0.13	1.02	0.09	0.11
0 (SPOT_12637)	12637	9	0.00	-0.34	-0.73	-0.99	-1.00
RELB	12648	18	0.00	-0.15	2.11	2.39	2.14
0 (SPOT_12652)	12652	12	0.00	-1.29	-0.22	-1.84	-0.74
BSN	12669	3	0.00	-0.86	-0.48	-0.44	-0.52
TAGLN	12677	39	0.00	0.35	0.37	0.89	0.72
ANK3	12678;20981;23716	2	0.00	-0.55	-0.46	-0.86	-0.68
0 (SPOT_12694)	12694	45	0.00	1.35	0.20	-0.46	-0.07
0 (SPOT_12713)	12713	29	0.00	0.16	0.32	0.85	0.13
SET	12716;14569;21971	37	0.00	-0.03	-0.07	-0.21	-0.83
0 (SPOT_12723)	12723	15	0.00	-0.04	0.98	0.02	-0.08
0 (SPOT_12744)	12744	11	0.00	-0.90	-1.09	-0.00	-0.38
0 (SPOT_12766)	12766	1	0.00	-0.91	-0.93	-0.70	-1.49
0 (SPOT_12780)	12780	10	0.00	-0.71	-0.82	-0.65	-0.21
0 (SPOT_12792)	12792	27	0.00	-0.01	0.90	-0.40	0.49
0 (SPOT_12830)	12830	11	0.00	-1.00	-1.37	0.21	-0.91
0 (SPOT_12831)	12831	13	0.00	-0.28	1.12	0.15	-1.10
0 (SPOT_12832)	12832	15	0.00	-0.83	0.23	-1.46	-1.58
0 (SPOT_12836)	12836	24	0.00	0.22	0.15	-0.91	-0.35
0 (SPOT_12837)	12837	22	0.00	-0.24	-0.26	-0.31	-1.32
0 (SPOT_12840)	12840	22	0.00	-0.65	-1.42	-0.91	-2.17
RPA2	12858	9	0.00	0.00	-0.35	-0.43	-0.82
PFC	12862	42	0.00	0.59	2.52	0.54	0.88
0 (SPOT_12922)	12922	41	0.00	0.21	1.49	1.54	1.64
SIVA	12932	9	0.00	-0.02	-0.41	-0.39	-0.85
0 (SPOT_12967)	12967	2	0.00	-1.93	-1.01	-1.75	-1.96
0 (SPOT_13070)	13070	38	0.00	0.87	0.98	0.60	0.93
0 (SPOT_13073)	13073	38	0.00	0.46	0.65	0.81	0.76
PROL2	13121	18	0.00	-0.46	0.69	1.08	0.95
0 (SPOT_13146)	13146	9	0.00	-0.54	-0.59	-1.07	-1.60
0 (SPOT_13147)	13147	8	0.00	-0.50	-0.95	-0.55	-0.40
FLJ25157	13156	38	0.00	0.71	0.87	0.71	0.51
BMI1	13163;18195;20102;22837	29	0.00	-0.29	0.44	1.02	0.36
0 (SPOT_13164)	13164	41	0.00	0.13	0.35	0.80	0.81
0 (SPOT_13173)	13173	48	0.00	0.89	0.90	0.34	0.92
0 (SPOT_13175)	13175	38	0.00	0.77	1.13	1.03	0.75
FEN1	13177	9	0.00	-0.02	-0.30	-0.47	-0.89
EHD4	13193	43	0.00	0.18	0.64	0.81	0.42
0 (SPOT_13196)	13196	2	0.00	-1.05	-0.86	-1.24	-0.97
MYBBP1A	13217	9	0.00	-0.02	-0.61	-0.83	-0.91
0 (SPOT_13225)	13225	49	0.00	0.69	0.98	0.91	0.30
0 (SPOT_13228)	13228	38	0.00	0.99	1.21	1.03	0.90
0 (SPOT_13231)	13231	42	0.00	1.58	2.34	1.03	1.20
0 (SPOT_13238)	13238	46	0.00	1.47	1.12	0.79	0.92
0 (SPOT_13239)	13239	38	0.00	1.45	1.32	1.15	1.05
DKFZP434K0621	13240	38	0.00	1.69	2.08	1.57	1.33
0 (SPOT_13242)	13242	46	0.00	1.54	1.01	0.94	1.26
ICOS	13245	38	0.00	0.94	0.99	0.83	0.83
0 (SPOT_13268)	13268	38	0.00	1.50	1.77	1.54	1.60
0 (SPOT_13270)	13270	46	0.00	1.07	0.86	0.69	0.75
MARCKS	13283;13661	14	0.00	-0.19	0.44	1.07	0.65
0 (SPOT_13287)	13287	9	0.00	0.06	-0.30	-0.82	-0.92
C20ORF96	13315	43	0.00	0.20	0.87	1.10	0.69
0 (SPOT_13334)	13334	43	0.00	-0.23	1.43	0.93	0.54
SYTL4	13366	39	0.00	0.12	0.28	0.82	0.74
0 (SPOT_13370)	13370	49	0.00	0.48	0.59	0.82	0.48
COL4A5	13400	5	0.00	-0.83	-0.41	-0.15	-0.11
0 (SPOT_13413)	13413	29	0.00	-0.37	0.66	1.06	0.35
0 (SPOT_13428)	13428	41	0.00	0.11	0.84	0.82	1.20
KRT17	13433;18725	14	0.00	-0.12	0.83	2.02	1.42
0 (SPOT_13452)	13452	41	0.00	0.57	1.50	1.54	2.42
0 (SPOT_13462)	13462	13	0.00	-0.45	-0.11	-0.13	-1.24
FLJ20591	13465	14	0.00	-0.29	0.26	1.01	1.21
0 (SPOT_13479)	13479	43	0.00	0.48	0.82	0.79	0.54
0 (SPOT_13518)	13518	13	0.00	-0.59	-0.19	-0.01	-1.06
0 (SPOT_13540)	13540	27	0.00	-0.01	1.15	-1.96	-0.32
0 (SPOT_13541)	13541	34	0.00	0.95	0.28	0.66	0.15
0 (SPOT_13584)	13584	49	0.00	0.79	0.63	0.90	0.07
0 (SPOT_13585)	13585	49	0.00	1.18	1.11	1.08	0.17
0 (SPOT_13588)	13588	37	0.00	0.08	0.81	-0.09	-0.94
0 (SPOT_13589)	13589	44	0.00	0.72	0.81	-0.37	-0.48
0 (SPOT_13591)	13591	40	0.00	0.43	1.18	0.60	0.15
0 (SPOT_13594)	13594	37	0.00	0.21	0.17	-0.49	-1.00
0 (SPOT_13595)	13595	37	0.00	0.86	0.76	0.24	-0.55
PCYT2	13630	0	0.00	-0.26	-0.80	-0.87	-0.28
CTSD	13655	33	0.00	0.52	0.22	0.06	1.54
0 (SPOT_13658)	13658	43	0.00	1.06	1.72	1.88	1.59
NK4	13659	41	0.00	-0.35	1.50	2.47	2.93
LDLR	13663	42	0.00	0.25	1.05	0.50	1.10
0 (SPOT_13722)	13722	42	0.00	0.74	1.03	0.51	0.81
0 (SPOT_13729)	13729	38	0.00	0.69	0.74	0.64	0.86
0 (SPOT_13730)	13730	42	0.00	0.46	1.08	0.50	1.00
0 (SPOT_13762)	13762	42	0.00	0.04	0.82	0.51	0.78
0 (SPOT_13764)	13764	9	0.00	0.05	-0.54	-0.68	-1.06
PLAA	13771	19	0.00	-0.04	-0.39	-0.83	-0.52
GOLPH2	13785	1	0.00	-0.90	-0.88	-0.85	-0.80
0 (SPOT_13788)	13788	0	0.00	-0.39	-0.49	-0.80	-0.57
0 (SPOT_13807)	13807	0	0.00	-0.41	-0.47	-0.86	-0.67
0 (SPOT_13819)	13819	43	0.00	0.05	1.85	1.61	0.90
DKFZP762L0311	13834;15464;19286	44	0.00	0.18	-0.22	-0.89	-0.75
MGC41924	13840	43	0.00	0.05	0.68	1.09	0.73
PDGFA	13863	18	0.00	-0.26	0.49	0.68	0.86
MGC17330	13880	28	0.00	0.24	0.26	0.25	0.91
HTR2B	13917	38	0.00	1.94	1.56	1.70	2.02
DGKI	13927	46	0.00	1.15	1.03	0.77	0.58
0 (SPOT_13981)	13981	38	0.00	0.98	1.04	0.78	1.07
0 (SPOT_13985)	13985	38	0.00	1.09	1.04	0.89	1.02
0 (SPOT_13989)	13989	47	0.00	0.88	0.91	0.43	0.61
HS747E2A	13997	35	0.00	0.78	0.14	0.87	0.74
0 (SPOT_14001)	14001	38	0.00	0.71	0.81	0.92	0.82
0 (SPOT_14005)	14005	49	0.00	0.79	1.05	1.13	0.39
0 (SPOT_14023)	14023	38	0.00	0.79	0.81	0.55	0.59
PIF1	14045	8	0.00	-0.22	-0.94	-0.60	-0.54
0 (SPOT_14063)	14063	49	0.00	1.13	0.88	1.31	0.37
0 (SPOT_14078)	14078	48	0.00	0.62	0.66	0.47	0.85
0 (SPOT_14082)	14082	43	0.00	0.01	0.91	1.20	0.90
0 (SPOT_14083)	14083	49	0.00	0.72	0.82	0.85	0.26
MGC4308	14102	37	0.00	0.40	0.26	0.25	-0.93
0 (SPOT_14105)	14105	44	0.00	0.36	0.39	-0.57	-0.83
0 (SPOT_14130)	14130	38	0.00	1.30	1.76	1.24	1.79
REG1B	14140	3	0.00	-1.24	-1.01	-0.80	-0.23
0 (SPOT_14170)	14170	34	0.00	2.11	0.74	1.82	-0.65
SLC22A8	14182	27	0.00	1.53	4.97	-0.25	0.73
HPCAL1	14183	39	0.00	-0.06	0.02	1.11	0.47
0 (SPOT_14204)	14204	49	0.00	0.90	0.63	0.76	0.14
0 (SPOT_14211)	14211	38	0.00	0.70	0.81	0.73	0.57
0 (SPOT_14222)	14222	29	0.00	0.15	0.17	1.04	0.07
0 (SPOT_14226)	14226	43	0.00	0.43	1.08	1.05	0.45
CLDN14	14229	41	0.00	0.32	0.40	0.84	0.95
0 (SPOT_14241)	14241	49	0.00	0.49	0.51	0.92	0.48
0 (SPOT_14249)	14249	38	0.00	0.76	0.88	0.70	0.41
TNFRSF14	14255	34	0.00	1.54	0.29	1.14	0.53
0 (SPOT_14263)	14263	49	0.00	0.81	0.85	0.98	0.57
0 (SPOT_14264)	14264	43	0.00	-0.03	1.00	0.85	0.82
0 (SPOT_14277)	14277	26	0.00	0.91	0.59	0.95	-0.42
0 (SPOT_14307)	14307	8	0.00	-0.37	-0.82	-0.51	-0.50
0 (SPOT_14316)	14316	49	0.00	0.84	0.59	1.10	0.49
0 (SPOT_14317)	14317	46	0.00	0.92	0.68	0.74	0.37
0 (SPOT_14322)	14322	49	0.00	0.81	0.51	0.90	0.36
0 (SPOT_14332)	14332	49	0.00	0.97	0.58	1.33	0.25
0 (SPOT_14342)	14342	1	0.00	-1.59	-1.09	-0.50	-1.20
0 (SPOT_14347)	14347	46	0.00	2.64	1.08	1.49	1.81
0 (SPOT_14364)	14364	36	0.00	1.45	1.57	-1.94	2.86
MMRN	14422	29	0.00	0.23	0.44	0.94	0.13
SLC2A1	14445;23233	41	0.00	-0.01	0.51	0.64	0.89
0 (SPOT_14467)	14467	8	0.00	-0.30	-1.06	-0.36	-0.45
0 (SPOT_14505)	14505	38	0.00	0.82	0.68	0.62	0.64
ITPKC	14548	18	0.00	-0.18	0.81	0.46	0.73
0 (SPOT_14551)	14551	7	0.00	-1.19	-0.01	-0.12	-0.04
OASIS	14582;22455	33	0.00	0.49	-0.02	-0.00	1.00
0 (SPOT_14588)	14588	48	0.00	0.38	0.72	0.11	0.83
0 (SPOT_14590)	14590	38	0.00	0.89	0.83	0.67	0.51
0 (SPOT_14592)	14592	48	0.00	1.03	1.30	0.67	1.16
0 (SPOT_14594)	14594	49	0.00	0.35	0.53	0.80	0.26
0 (SPOT_14611)	14611	41	0.00	-0.01	0.49	0.64	1.08
KEL	14620	42	0.00	0.25	0.99	0.54	0.42
MGST2	14637	1	0.00	-0.79	-0.90	-0.64	-0.70
0 (SPOT_14671)	14671	48	0.00	0.70	0.88	0.28	0.82
LAMA4	14674;21934	43	0.00	0.47	1.15	0.89	0.80
0 (SPOT_14679)	14679	46	0.00	1.41	0.76	0.74	0.98
0 (SPOT_14681)	14681	48	0.00	1.26	1.08	0.58	1.05
0 (SPOT_14683)	14683	38	0.00	0.60	0.84	0.53	0.75
C8ORF4	14685	46	0.00	2.36	1.29	1.83	1.81
P8	14698	41	0.00	0.32	0.20	0.78	1.39
0 (SPOT_14737)	14737	46	0.00	1.20	0.61	0.86	0.92
0 (SPOT_14738)	14738	38	0.00	1.63	1.43	1.37	1.37
0 (SPOT_14743)	14743	39	0.00	1.52	0.89	2.05	1.44
GCM2	14749	43	0.00	0.58	0.96	0.83	0.75
0 (SPOT_14750)	14750	43	0.00	0.23	0.86	0.68	0.44
MGC16212	14751	42	0.00	0.69	1.84	0.73	0.86
0 (SPOT_14752)	14752	38	0.00	0.94	0.82	0.72	0.60
0 (SPOT_14757)	14757	42	0.00	0.52	0.92	0.51	0.63
0 (SPOT_14831)	14831	49	0.00	1.52	1.55	2.10	1.16
0 (SPOT_14855)	14855	38	0.00	0.88	0.86	0.98	0.73
0 (SPOT_14876)	14876	29	0.00	0.40	0.36	1.21	0.18
0 (SPOT_14885)	14885	38	0.00	1.04	0.93	0.99	0.93
0 (SPOT_14886)	14886	38	0.00	1.39	1.11	1.50	0.97
DUSP2	14899	37	0.00	0.34	0.89	-0.22	-0.53
LAMB2	14912	10	0.00	-0.64	-0.90	-0.42	-0.11
SLAM	14913	38	0.00	0.64	0.70	0.81	0.62
ABCG1	14916	38	0.00	1.61	1.71	1.96	1.40
0 (SPOT_14939)	14939	49	0.00	0.70	0.54	0.82	0.29
0 (SPOT_14964)	14964	10	0.00	-0.33	-1.32	-0.31	-0.23
0 (SPOT_14965)	14965	43	0.00	0.12	0.85	0.92	0.40
0 (SPOT_14967)	14967	49	0.00	1.53	1.48	1.89	0.42
0 (SPOT_14977)	14977	1	0.00	-0.50	-0.65	-0.31	-0.90
0 (SPOT_14980)	14980	0	0.00	-1.65	-1.93	-2.04	-1.65
0 (SPOT_14999)	14999	49	0.00	0.76	0.79	1.00	0.07
0 (SPOT_15000)	15000	49	0.00	0.44	0.48	0.93	0.35
0 (SPOT_15009)	15009	49	0.00	1.30	0.80	1.32	0.54
0 (SPOT_15012)	15012	22	0.00	0.42	-0.02	0.67	-1.44
0 (SPOT_15018)	15018	43	0.00	0.27	0.67	1.13	0.48
0 (SPOT_15030)	15030	29	0.00	0.35	0.31	1.06	-0.06
0 (SPOT_15036)	15036	39	0.00	0.40	0.34	1.06	0.48
0 (SPOT_15042)	15042	49	0.00	0.56	0.35	0.96	0.39
0 (SPOT_15043)	15043	46	0.00	0.87	0.50	0.74	0.52
0 (SPOT_15046)	15046	11	0.00	-0.22	-0.17	0.98	0.21
0 (SPOT_15047)	15047	34	0.00	0.87	-0.33	2.08	-0.27
0 (SPOT_15049)	15049	39	0.00	0.46	-0.06	0.97	0.39
0 (SPOT_15051)	15051	40	0.00	1.12	2.02	1.15	0.60
0 (SPOT_15088)	15088	29	0.00	-0.04	0.10	1.05	0.08
0 (SPOT_15097)	15097	49	0.00	0.54	0.34	1.47	0.33
0 (SPOT_15098)	15098	39	0.00	0.44	0.64	1.55	1.14
0 (SPOT_15099)	15099	46	0.00	1.62	0.43	1.14	0.72
0 (SPOT_15100)	15100	38	0.00	1.05	1.04	1.26	0.84
0 (SPOT_15101)	15101	39	0.00	0.68	0.25	1.34	1.08
0 (SPOT_15102)	15102	4	0.00	-0.63	-0.81	0.03	-1.08
0 (SPOT_15103)	15103	13	0.00	-0.56	0.06	-0.25	-1.54
0 (SPOT_15104)	15104	49	0.00	2.47	1.96	2.70	0.10
0 (SPOT_15105)	15105	49	0.00	2.15	1.18	2.21	0.92
0 (SPOT_15106)	15106	34	0.00	1.51	0.36	1.02	0.12
0 (SPOT_15107)	15107	42	0.00	0.01	1.02	0.30	0.23
0 (SPOT_15108)	15108	49	0.00	1.59	1.02	1.91	0.06
ID2	15121	9	0.00	-0.31	-0.66	-0.58	-0.93
GBP2	15125	43	0.00	0.36	0.88	0.88	0.85
SR-BP1	15131;21723	19	0.00	-0.17	-0.55	-0.81	-0.71
H_GS165L15.1	15135	43	0.00	0.03	1.35	1.81	1.35
SMARCC2	15140	10	0.00	-0.32	-0.82	-0.50	-0.27
FMOD	15152	3	0.00	-0.96	-0.65	-0.48	-0.56
SERPINB2	15164	43	0.00	-0.03	3.28	3.44	2.32
GPX2	15186	6	0.00	-0.86	-0.74	-0.26	0.25
HELLS	15209	9	0.00	-0.40	-0.44	-0.53	-1.02
BNIP3L	15210	14	0.00	-0.47	-0.42	0.83	1.01
AQP3	15212	14	0.00	-1.14	0.16	1.14	1.52
FLJ12668	15243	0	0.00	-0.72	-1.09	-1.36	-1.16
0 (SPOT_15275)	15275	41	0.00	-0.11	0.99	1.55	1.49
TTYH2	15301	41	0.00	0.00	0.77	1.42	1.94
LSR68	15349	29	0.00	-0.06	0.33	0.83	0.33
HSPG2	15379	0	0.00	-0.69	-1.03	-0.83	-0.56
HSRTSBETA	15392	9	0.00	-0.21	-0.51	-0.41	-0.85
NME4	15396	8	0.00	-0.28	-0.75	-0.57	-0.82
0 (SPOT_15409)	15409	9	0.00	-0.20	-0.39	-0.33	-0.87
0 (SPOT_15427)	15427	39	0.00	0.88	1.23	2.02	1.56
0 (SPOT_15442)	15442	0	0.00	-0.46	-0.67	-0.81	-0.66
SOX12	15480;23202;24142	10	0.00	-0.53	-0.97	-0.66	-0.28
SSBP3	15505	10	0.00	-0.04	-0.88	-0.08	0.45
0 (SPOT_15514)	15514	41	0.00	0.48	0.60	0.66	0.90
DKFZP434M098	15524	20	0.00	-0.23	-0.83	0.05	-0.09
0 (SPOT_15537)	15537	40	0.00	0.11	1.12	0.79	-0.31
TLR7	15538	14	0.00	-0.39	0.18	0.82	0.24
0 (SPOT_15542)	15542	48	0.00	0.67	0.45	0.25	0.94
FLJ21791	15597;22778	43	0.00	0.44	1.51	1.68	1.45
APG-1	15600	22	0.00	-0.44	-0.52	-0.29	-0.86
0 (SPOT_15629)	15629	12	0.00	-1.00	-0.03	-0.62	0.08
BDKRB2	15638	43	0.00	0.07	2.43	2.82	2.15
CIRBP	15648	10	0.00	-0.42	-1.01	-0.55	-0.29
SPP1	15652	29	0.00	-0.18	0.06	1.06	-0.09
POP4	15681	11	0.00	-0.52	-0.54	1.22	-0.38
GM117	15684	22	0.00	-1.45	-1.50	-0.30	-3.11
0 (SPOT_15685)	15685	41	0.00	1.17	0.85	1.43	1.84
0 (SPOT_15700)	15700	43	0.00	0.65	1.12	1.66	0.86
0 (SPOT_15702)	15702	8	0.00	0.09	-1.70	-1.36	-1.30
0 (SPOT_15703)	15703	17	0.00	-1.64	1.10	1.54	-2.00
0 (SPOT_15704)	15704	43	0.00	-0.21	1.16	1.69	0.70
0 (SPOT_15710)	15710	17	0.00	-1.55	2.52	0.73	-1.47
0 (SPOT_15713)	15713	26	0.00	0.51	0.16	0.89	-1.32
0 (SPOT_15714)	15714	1	0.00	-3.60	-2.91	-2.80	-4.54
0 (SPOT_15718)	15718	35	0.00	1.12	0.37	1.37	1.46
0 (SPOT_15719)	15719	26	0.00	0.33	0.01	0.70	-1.01
0 (SPOT_15720)	15720	2	0.00	-1.23	-0.71	-0.74	-1.51
0 (SPOT_15729)	15729	7	0.00	-1.76	0.53	-0.25	-1.36
SDCCAG16	15746;23392	9	0.00	-0.34	-0.61	-0.77	-1.82
0 (SPOT_15784)	15784	18	0.00	-0.53	0.68	1.00	0.43
FCGRT	15786;17333;19929;21453	10	0.00	-0.59	-0.85	-0.60	-0.32
0 (SPOT_15794)	15794	5	0.00	-1.00	-0.32	0.02	-0.09
0 (SPOT_15796)	15796	22	0.00	-0.48	-0.58	-0.13	-1.26
0 (SPOT_15853)	15853	4	0.00	-2.02	-1.35	-0.33	-1.49
0 (SPOT_15854)	15854	7	0.00	-0.86	0.21	-0.22	-0.83
0 (SPOT_15857)	15857	13	0.00	-0.37	0.08	0.33	-1.42
0 (SPOT_15859)	15859	4	0.00	-1.21	-0.79	-0.40	-1.87
0 (SPOT_15860)	15860	2	0.00	-1.64	-0.82	-1.46	-2.02
0 (SPOT_15861)	15861	43	0.00	0.16	1.32	0.69	0.49
0 (SPOT_15862)	15862	1	0.00	-1.18	-1.01	-0.12	-0.97
0 (SPOT_15864)	15864	40	0.00	0.97	1.81	1.41	-0.22
CEACAM6	15880	6	0.00	-1.03	-0.85	-0.56	0.09
NFKBIA	15886	43	0.00	0.41	2.28	1.83	1.35
TAP1	15917	14	0.00	-0.46	0.02	0.86	0.58
0 (SPOT_15985)	15985	35	0.00	1.99	0.56	2.09	2.03
KIAA1856	16029	8	0.00	-0.13	-0.81	-0.35	-0.22
0 (SPOT_16111)	16111	29	0.00	-0.21	0.62	0.98	0.29
LRP8	16135	0	0.00	-0.24	-0.56	-0.96	-0.45
SULT2B1	16144	10	0.00	-0.39	-0.91	-0.73	-0.25
BTG1	16154	18	0.00	-0.29	0.55	1.03	0.87
KIAA1889	16179	46	0.00	0.96	0.53	0.63	0.63
FLJ23056	16183	42	0.00	0.59	0.85	0.31	0.56
0 (SPOT_16257)	16257	38	0.00	0.59	0.60	0.86	0.64
0 (SPOT_16306)	16306	47	0.00	1.14	1.17	0.63	0.60
0 (SPOT_16383)	16383	43	0.00	-0.16	0.97	0.97	0.59
TIF1	16411;18991	23	0.00	-0.38	-0.80	0.14	0.13
TBL3	16416	1	0.00	-2.20	-2.32	-1.48	-1.92
0 (SPOT_16422)	16422	47	0.00	2.08	2.49	0.87	0.79
0 (SPOT_16447)	16447	28	0.00	0.17	0.62	0.20	0.84
FGF1	16464;16665	38	0.00	0.69	0.79	0.99	0.89
0 (SPOT_16469)	16469	42	0.00	1.18	2.20	0.33	1.31
0 (SPOT_16470)	16470	29	0.00	-0.44	-0.06	3.19	-0.73
0 (SPOT_16476)	16476	18	0.00	-0.50	1.09	1.03	0.38
0 (SPOT_16478)	16478	9	0.00	-0.22	-0.59	-0.58	-1.31
0 (SPOT_16495)	16495	29	0.00	0.17	0.34	1.12	0.12
0 (SPOT_16527)	16527	18	0.00	-0.35	0.56	0.85	0.62
0 (SPOT_16543)	16543	1	0.00	-0.66	-0.82	-0.47	-1.09
RNF40	16572	33	0.00	0.22	0.01	0.11	0.82
0 (SPOT_16590)	16590	1	0.00	-0.44	-0.80	-0.25	-0.78
0 (SPOT_16609)	16609	1	0.00	-2.57	-2.90	-1.72	-2.39
0 (SPOT_16610)	16610	34	0.00	1.02	0.16	0.56	-0.02
0 (SPOT_16611)	16611	2	0.00	-1.54	-0.26	-0.91	-1.27
0 (SPOT_16615)	16615	38	0.00	1.53	1.50	1.22	1.12
SPRR2C	16641	41	0.00	0.38	0.70	1.49	1.60
BTN3A2	16648;19720	10	0.00	-0.62	-0.93	-0.59	-0.27
PLA2G2A	16677	3	0.00	-2.18	-1.84	-1.38	-0.48
GBP1	16695	29	0.00	-0.06	1.00	1.77	0.78
EGR1	16703	9	0.00	0.01	-0.61	-0.57	-0.93
ABCC13	16755	38	0.00	0.69	0.83	0.76	0.66
0 (SPOT_16763)	16763	38	0.00	0.84	0.92	0.95	0.72
LOC51762	16785	18	0.00	-0.33	0.88	1.12	0.54
0 (SPOT_16839)	16839	20	0.00	-0.16	-1.30	-0.11	-0.08
0 (SPOT_16846)	16846	19	0.00	-0.22	-1.34	-1.44	-1.24
PCDHB16	16867	18	0.00	-1.73	0.35	0.26	0.38
TGFBI	16877	40	0.00	0.97	1.21	0.81	0.45
BTN3A1	16904	10	0.00	-0.71	-0.94	-0.62	-0.25
0 (SPOT_16992)	16992	19	0.00	-0.05	-0.62	-0.96	-0.58
C20ORF177	16993	8	0.00	-0.16	-0.85	-0.36	-0.40
0 (SPOT_17005)	17005	46	0.00	1.04	0.55	0.69	0.72
0 (SPOT_17008)	17008	49	0.00	0.74	0.51	0.84	0.29
TBX15	17013	38	0.00	1.59	0.98	1.49	1.59
FLJ21159	17027	49	0.00	0.89	0.68	0.79	0.48
LIM	17029;22810	43	0.00	-0.01	0.75	0.88	0.30
0 (SPOT_17040)	17040	0	0.00	-1.10	-1.22	-1.08	-0.70
0 (SPOT_17048)	17048	34	0.00	0.60	0.02	0.94	-0.19
0 (SPOT_17060)	17060	40	0.00	1.20	1.49	1.22	0.63
LOC51028	17101	20	0.00	-0.19	-0.94	-0.20	-0.46
0 (SPOT_17110)	17110	9	0.00	-0.49	-0.61	-0.90	-1.09
PA26	17125	8	0.00	-0.67	-1.35	-0.54	-0.83
0 (SPOT_17131)	17131	14	0.00	-0.90	-0.79	0.54	0.72
0 (SPOT_17135)	17135	9	0.00	-0.56	-0.74	-1.17	-1.24
0 (SPOT_17141)	17141	29	0.00	0.14	0.66	1.90	0.53
0 (SPOT_17147)	17147	38	0.00	0.77	0.69	0.78	0.96
CYP1A1	17152	40	0.00	0.18	3.35	2.00	0.09
TLE2	17158	10	0.00	-0.64	-0.85	-0.54	-0.44
ASNS	17159	41	0.00	0.98	1.10	2.07	2.18
FASTK	17161	10	0.00	-0.23	-0.83	-0.51	-0.03
BENE	17163	39	0.00	0.19	1.02	1.84	1.40
CYR61	17164	37	0.00	0.40	0.57	0.02	-0.98
ZWINT	17169	9	0.00	0.01	-0.22	-0.29	-0.87
CDC45L	17171	44	0.00	0.16	-0.25	-0.45	-0.90
0 (SPOT_17187)	17187	43	0.00	0.52	1.06	0.92	0.52
0 (SPOT_17199)	17199	49	0.00	0.95	0.46	0.99	0.44
0 (SPOT_17202)	17202	48	0.00	1.01	0.49	0.68	1.09
0 (SPOT_17209)	17209	46	0.00	3.36	1.06	0.51	1.03
0 (SPOT_17219)	17219	39	0.00	1.30	0.85	1.90	1.19
0 (SPOT_17220)	17220	49	0.00	0.66	1.03	1.52	0.29
0 (SPOT_17223)	17223	28	0.00	0.74	2.28	1.48	3.85
0 (SPOT_17224)	17224	32	0.00	0.54	-0.61	0.33	1.19
0 (SPOT_17237)	17237	46	0.00	0.88	0.15	0.26	0.06
0 (SPOT_17255)	17255	46	0.00	1.13	0.62	0.94	0.76
0 (SPOT_17257)	17257	46	0.00	0.85	0.58	0.33	0.46
0 (SPOT_17311)	17311	41	0.00	0.29	0.38	0.47	0.85
0 (SPOT_17317)	17317	6	0.00	-0.20	0.06	0.18	1.40
0 (SPOT_17320)	17320	49	0.00	0.47	0.36	0.84	0.35
0 (SPOT_17323)	17323	46	0.00	0.97	0.29	0.52	0.36
0 (SPOT_17326)	17326	35	0.00	0.92	0.25	1.11	0.69
0 (SPOT_17327)	17327	39	0.00	0.49	0.60	0.90	0.61
0 (SPOT_17328)	17328	8	0.00	-0.43	-1.16	-0.92	-0.63
0 (SPOT_17334)	17334	40	0.00	0.56	0.89	0.36	-0.03
0 (SPOT_17370)	17370	33	0.00	0.45	-0.64	0.25	1.89
0 (SPOT_17373)	17373	38	0.00	1.60	1.34	1.26	1.19
DUSP1	17397	43	0.00	0.37	1.69	1.34	1.22
TGFBR2	17429	10	0.00	-0.47	-1.28	-0.77	-0.29
PPAP2A	17453	13	0.00	-0.17	-0.14	-0.08	-0.94
FLJ20189	17512	21	0.00	-0.14	-0.33	-1.04	-0.21
0 (SPOT_17591)	17591	29	0.00	0.12	0.27	0.81	-0.02
0 (SPOT_17592)	17592	8	0.00	-0.11	-0.87	-0.52	-0.28
OCLN	17646	14	0.00	-0.33	0.10	0.86	0.50
ZNF261	17652	10	0.00	-0.51	-0.96	-0.56	-0.40
TRIM29	17659	41	0.00	0.21	0.78	1.61	2.00
BCL3	17666	42	0.00	0.32	1.44	0.78	1.35
ATP5G2	17676	9	0.00	-0.34	-0.38	-0.45	-0.81
HOOK2	17758	10	0.00	-0.40	-0.91	-0.62	-0.20
0 (SPOT_17775)	17775	49	0.00	0.63	0.73	0.86	0.43
0 (SPOT_17777)	17777	41	0.00	0.26	0.69	0.60	0.89
0 (SPOT_17783)	17783	38	0.00	1.16	0.96	1.19	1.05
LCE	17821	0	0.00	-0.62	-0.77	-0.84	-0.36
0 (SPOT_17844)	17844	49	0.00	0.78	0.61	0.96	0.62
0 (SPOT_17904)	17904	29	0.00	0.12	0.26	0.99	0.07
0 (SPOT_17907)	17907	8	0.00	-0.62	-0.98	-0.65	-0.78
0 (SPOT_17912)	17912	1	0.00	-2.31	-2.37	-1.54	-1.95
NTRK3	17920	40	0.00	0.68	1.49	1.18	-0.36
DNM2	17922	33	0.00	0.22	-0.27	0.05	0.95
0 (SPOT_17953)	17953	38	0.00	1.03	0.93	1.03	0.95
0 (SPOT_17965)	17965	33	0.00	0.65	-0.10	0.23	1.01
0 (SPOT_17972)	17972	35	0.00	0.70	-0.01	0.95	0.78
0 (SPOT_18002)	18002	11	0.00	-0.92	-0.94	0.41	-0.57
0 (SPOT_18007)	18007	8	0.00	-0.59	-1.53	-1.46	-1.22
0 (SPOT_18030)	18030	20	0.00	0.53	-0.91	0.91	-0.06
0 (SPOT_18040)	18040	11	0.00	-1.01	-0.93	0.10	-0.41
0 (SPOT_18069)	18069	29	0.00	0.11	0.05	2.37	0.22
0 (SPOT_18103)	18103	29	0.00	0.06	1.68	3.14	0.65
ID2B	18111	8	0.00	-0.52	-1.80	-1.08	-1.84
0 (SPOT_18121)	18121	39	0.00	1.60	1.89	3.01	1.87
0 (SPOT_18122)	18122	34	0.00	1.39	0.01	1.03	-0.41
0 (SPOT_18123)	18123	3	0.00	-1.58	-0.57	-0.73	-0.44
0 (SPOT_18124)	18124	44	0.00	1.03	-0.34	-0.55	-0.75
0 (SPOT_18126)	18126	22	0.00	-0.31	-1.21	-0.56	-1.80
0 (SPOT_18127)	18127	20	0.00	0.00	-0.98	0.01	-0.83
0 (SPOT_18130)	18130	1	0.00	-1.56	-1.76	-0.59	-1.04
0 (SPOT_18139)	18139	32	0.00	3.25	-1.93	-0.16	2.79
SAT	18152	18	0.00	-0.47	0.66	0.91	1.13
HMGN2	18160	22	0.00	0.02	-0.36	-0.25	-0.93
SEMA5A	18172	9	0.00	-0.15	-0.57	-0.55	-0.84
CDC6	18173	9	0.00	-0.11	-0.17	-0.65	-1.01
CARS	18186	14	0.00	0.04	0.40	0.98	0.91
MYH9	18193	39	0.00	0.09	0.59	1.08	0.67
CKS2	18224;21328	13	0.00	-0.41	-0.24	-0.34	-0.80
0 (SPOT_18294)	18294	9	0.00	-0.10	-0.41	-0.97	-0.97
RAMP1	18341	0	0.00	-0.67	-0.77	-0.82	-0.71
NTN4	18352	6	0.00	-0.54	0.23	0.10	1.12
MMP15	18408	10	0.00	-0.74	-0.98	-0.85	-0.24
AIF1	18414	9	0.00	-0.18	-0.25	-0.28	-0.84
FLJ33167	18448	22	0.00	0.12	-0.14	0.09	-0.81
0 (SPOT_18449)	18449	33	0.00	0.14	-0.18	0.00	0.85
0 (SPOT_18468)	18468	48	0.00	0.74	0.94	0.23	0.89
CGI-203	18481	9	0.00	-0.39	-0.59	-0.50	-1.04
CKAP2	18496	8	0.00	-0.27	-0.94	-0.42	-0.71
TSPYL	18510	1	0.00	-0.64	-0.56	-0.46	-0.81
0 (SPOT_18548)	18548	17	0.00	-0.24	0.89	0.68	0.11
0 (SPOT_18583)	18583	38	0.00	1.22	1.07	1.14	1.60
NOH61	18628	9	0.00	-0.48	-0.63	-0.68	-0.87
0 (SPOT_18649)	18649	19	0.00	-0.02	-0.89	-0.84	-0.92
TOPK	18660	22	0.00	0.19	-0.29	-0.21	-0.83
SPINK1	18673	1	0.00	-0.98	-0.94	-0.79	-0.98
GALT	18678	8	0.00	-0.38	-0.80	-0.80	-0.68
0 (SPOT_18698)	18698	46	0.00	0.89	0.49	0.57	0.27
FHOD1	18713	0	0.00	-0.33	-0.95	-1.00	-0.59
0 (SPOT_18718)	18718	9	0.00	-0.37	-0.33	-0.45	-0.92
STX1B2	18720	8	0.00	-0.48	-1.12	-0.62	-0.76
MGC11242	18731	10	0.00	-0.98	-1.46	-0.81	-0.32
0 (SPOT_18759)	18759	16	0.00	-0.54	0.91	0.58	0.18
0 (SPOT_18763)	18763	34	0.00	0.62	-0.49	0.94	-0.11
0 (SPOT_18769)	18769	46	0.00	0.88	0.14	0.43	0.13
0 (SPOT_18787)	18787	3	0.00	-1.25	-0.90	-0.54	-0.41
0 (SPOT_18791)	18791	8	0.00	-0.43	-0.94	-0.69	-0.65
0 (SPOT_18798)	18798	34	0.00	0.94	0.18	0.46	-0.22
0 (SPOT_18804)	18804	35	0.00	1.08	0.31	1.16	0.95
0 (SPOT_18827)	18827	13	0.00	-0.44	-0.28	-0.12	-0.96
0 (SPOT_18837)	18837	1	0.00	-0.55	-0.47	-0.34	-0.85
LDHB	18851	9	0.00	-0.34	-0.38	-0.35	-0.98
0 (SPOT_18858)	18858	46	0.00	0.90	0.58	0.36	0.58
0 (SPOT_18863)	18863	45	0.00	0.92	0.25	0.19	-0.13
0 (SPOT_18877)	18877	8	0.00	-0.84	-1.24	-1.09	-1.20
0 (SPOT_18878)	18878	1	0.00	-2.19	-1.66	-1.22	-1.67
0 (SPOT_18879)	18879	1	0.00	-1.84	-2.25	-1.75	-3.13
0 (SPOT_18882)	18882	27	0.00	0.55	0.99	-0.34	-0.37
0 (SPOT_18883)	18883	1	0.00	-0.81	-1.09	-0.06	-1.30
0 (SPOT_18884)	18884	1	0.00	-1.26	-0.87	-0.86	-1.18
0 (SPOT_18887)	18887	20	0.00	-0.04	-2.04	0.68	-0.54
0 (SPOT_18889)	18889	6	0.00	-0.29	-0.38	-0.37	1.16
KANK	18919	10	0.00	-0.34	-0.81	-0.30	-0.28
HPCA	18933	14	0.00	0.13	0.15	0.94	0.89
TNC	18935	14	0.00	-0.03	0.13	1.22	1.41
CDC20	18956	9	0.00	0.10	-0.58	-0.65	-0.86
APRT	18966	9	0.00	-0.30	-0.59	-0.47	-0.84
PIG11	18981	14	0.00	-0.16	-0.10	0.53	0.83
TNKS1BP1	19000	14	0.00	-0.07	0.28	0.83	0.72
0 (SPOT_19006)	19006	0	0.00	-0.53	-0.99	-0.87	-0.42
KIAA1754	19028	29	0.00	-0.11	0.76	1.06	0.31
CABIN1	19069	10	0.00	-0.66	-1.45	-0.91	-0.30
JUND	19106;19711	41	0.00	0.02	0.79	0.82	0.93
FN14	19111	48	0.00	0.40	0.84	0.36	0.95
0 (SPOT_19128)	19128	16	0.00	-0.14	1.00	0.09	0.18
0 (SPOT_19148)	19148	8	0.00	-0.29	-1.01	-0.60	-0.70
IL8	19153	18	0.00	-0.21	0.86	0.64	0.48
ICAM1	19157	16	0.00	-0.18	2.36	1.18	1.18
UBE2L6	19170	3	0.00	-0.80	-0.72	-0.46	-0.40
0 (SPOT_19215)	19215	46	0.00	0.86	0.49	0.51	0.44
0 (SPOT_19217)	19217	49	0.00	0.61	0.87	0.73	0.42
0 (SPOT_19218)	19218	18	0.00	-0.12	0.53	0.81	0.82
EDG8	19279	17	0.00	-0.95	1.33	1.03	-0.08
0 (SPOT_19294)	19294	43	0.00	0.90	1.52	1.42	0.86
FOXP1	19328	8	0.00	-0.56	-0.91	-0.46	-0.50
BUB1B	19370	9	0.00	0.01	-0.52	-0.56	-0.83
0 (SPOT_19374)	19374	1	0.00	-0.79	-0.96	-0.46	-0.80
POLE2	19375	9	0.00	0.13	-0.37	-0.58	-0.96
DRLM	19385	1	0.00	-0.85	-0.62	-0.35	-0.58
LOC55885	19396	16	0.00	-0.17	1.50	0.50	0.35
0 (SPOT_19409)	19409	9	0.00	-0.18	-0.43	-0.52	-0.83
CDK10	19436	8	0.00	-0.47	-1.19	-0.98	-0.67
KNSL1	19444	22	0.00	0.20	-0.32	-0.18	-0.85
STK25	19447	34	0.00	1.58	-0.09	0.86	-0.47
0 (SPOT_19453)	19453	8	0.00	-0.34	-0.90	-0.83	-0.78
0 (SPOT_19491)	19491	17	0.00	-0.42	2.76	0.96	-0.41
0 (SPOT_19518)	19518	2	0.00	-0.54	-0.30	-0.95	-0.75
SIRT6	19535	9	0.00	-0.20	-0.65	-0.52	-0.90
0 (SPOT_19537)	19537	1	0.00	-1.21	-1.08	-0.27	-0.74
0 (SPOT_19554)	19554	22	0.00	-0.03	-0.41	0.06	-1.00
0 (SPOT_19557)	19557	3	0.00	-0.81	-0.44	-0.19	-0.29
0 (SPOT_19610)	19610	1	0.00	-0.83	-0.76	-0.42	-0.99
0 (SPOT_19635)	19635	1	0.00	-1.89	-1.54	-1.46	-1.55
0 (SPOT_19637)	19637	8	0.00	-1.16	-1.47	-1.17	-1.10
0 (SPOT_19638)	19638	1	0.00	-2.02	-2.43	-1.96	-2.79
0 (SPOT_19639)	19639	13	0.00	-1.36	-0.28	-0.40	-1.64
0 (SPOT_19643)	19643	9	0.00	-0.34	-0.32	-0.62	-1.18
0 (SPOT_19644)	19644	42	0.00	0.30	1.79	-0.29	0.83
SLC4A1	19666	48	0.00	0.31	0.33	0.27	0.83
DFFA	19681	24	0.00	0.14	-0.23	-1.69	-1.34
KIAA0449	19684	41	0.00	0.12	0.36	1.43	1.84
MEN1	19707	14	0.00	-0.52	0.23	0.75	1.08
MEST	19708	9	0.00	-0.11	-0.35	-0.45	-0.95
NIFU	19723	9	0.00	-0.42	-0.59	-0.57	-0.82
0 (SPOT_19756)	19756	34	0.00	0.75	0.21	1.67	-0.00
0 (SPOT_19870)	19870	0	0.00	-0.37	-0.60	-0.95	-0.40
FLJ14466	19883	10	0.00	-0.36	-0.86	-0.30	0.10
DUSP4	19927	18	0.00	-0.22	0.92	1.03	0.96
FBL	19942	22	0.00	-0.01	-0.17	-0.22	-0.84
AKR7A2	19949	8	0.00	-0.47	-0.84	-0.60	-0.59
0 (SPOT_19955)	19955	8	0.00	-0.64	-1.30	-0.97	-1.01
LOC91663	19963	43	0.00	0.32	1.38	1.60	0.84
B3GAT3	19977	10	0.00	-0.25	-0.86	-0.45	-0.14
NHP2L1	19992	9	0.00	-0.39	-0.48	-0.88	-0.98
0 (SPOT_20047)	20047	36	0.00	0.84	0.44	0.01	0.66
0 (SPOT_20048)	20048	46	0.00	0.84	0.51	0.60	0.63
0 (SPOT_20113)	20113	16	0.00	-0.17	0.99	0.16	-0.03
CHN2	20205	0	0.00	-0.30	-0.63	-0.82	-0.59
NDUFS8	20206	8	0.00	-0.41	-0.82	-0.38	-0.71
0 (SPOT_20214)	20214	16	0.00	-0.45	0.81	-0.00	0.13
DPYSL3	20238	9	0.00	-0.21	-0.56	-0.85	-1.30
0 (SPOT_20325)	20325	18	0.00	-0.21	1.48	1.09	1.07
0 (SPOT_20326)	20326	40	0.00	1.16	1.24	0.54	0.15
GLRB	20343	36	0.00	1.29	1.77	-0.05	1.59
0 (SPOT_20351)	20351	43	0.00	0.21	1.00	1.01	0.82
0 (SPOT_20352)	20352	8	0.00	-0.56	-0.95	-0.66	-0.52
0 (SPOT_20356)	20356	8	0.00	-0.66	-1.51	-1.29	-1.26
0 (SPOT_20366)	20366	43	0.00	-0.03	0.80	0.89	0.60
0 (SPOT_20367)	20367	1	0.00	-1.06	-1.10	-0.93	-0.80
0 (SPOT_20385)	20385	19	0.00	-0.48	-2.02	-2.05	-2.01
0 (SPOT_20389)	20389	8	0.00	-0.59	-1.71	-1.13	-1.62
0 (SPOT_20391)	20391	22	0.00	-0.29	-0.74	-0.08	-1.17
0 (SPOT_20392)	20392	40	0.00	0.47	1.37	0.91	0.26
0 (SPOT_20394)	20394	29	0.00	-0.23	0.05	0.92	-0.12
0 (SPOT_20396)	20396	49	0.00	1.35	0.71	1.94	0.91
0 (SPOT_20398)	20398	40	0.00	0.61	1.34	0.73	0.02
0 (SPOT_20399)	20399	8	0.00	-0.66	-1.18	-1.28	-1.26
0 (SPOT_20400)	20400	40	0.00	1.43	1.87	0.90	0.63
0 (SPOT_20412)	20412	24	0.00	-1.15	-0.31	-3.60	-1.26
PLAT	20420	43	0.00	-0.17	1.88	1.96	1.38
PIM1	20421;20618	42	0.00	0.23	0.94	0.49	0.36
PCK1	20423	41	0.00	0.13	0.03	0.68	1.00
PIGA	20424	18	0.00	-0.12	0.43	0.83	0.40
CCNG2	20437	14	0.00	-0.47	-0.02	0.83	0.67
TNFAIP2	20449	18	0.00	-0.15	1.11	0.65	0.86
ATF3	20455	43	0.00	0.25	2.23	1.89	0.88
APOBEC3B	20486	41	0.00	0.23	0.48	0.96	0.99
PIG3	20492	10	0.00	-0.58	-0.85	-0.49	-0.42
MGC26651	20504	6	0.00	-0.90	-0.73	-0.16	0.33
0 (SPOT_20594)	20594	0	0.00	-0.39	-0.59	-0.94	-0.43
0 (SPOT_20595)	20595	9	0.00	-0.38	-0.49	-0.74	-0.81
KIAA1009	20634	10	0.00	-0.55	-0.88	-0.35	-0.35
ITGAV	20669	18	0.00	-0.40	0.87	1.38	1.15
CYP2J2	20690	10	0.00	-0.86	-0.91	-0.58	-0.32
CCNE1	20693	9	0.00	-0.31	-0.57	-0.98	-1.22
LOC254531	20722	10	0.00	-0.68	-1.02	-0.68	-0.28
0 (SPOT_20723)	20723	1	0.00	-0.59	-0.84	-0.46	-0.44
0 (SPOT_20727)	20727	46	0.00	1.17	0.75	0.85	0.45
0 (SPOT_20741)	20741	1	0.00	-0.75	-0.83	-0.38	-0.48
0 (SPOT_20762)	20762	8	0.00	-0.21	-0.92	-0.90	-0.61
0 (SPOT_20782)	20782	8	0.00	-0.47	-0.82	-0.48	-0.48
0 (SPOT_20791)	20791	26	0.00	-0.24	0.30	0.94	-0.75
0 (SPOT_20794)	20794	20	0.00	0.07	-1.21	0.42	-0.28
0 (SPOT_20799)	20799	42	0.00	0.57	0.83	0.21	0.59
0 (SPOT_20800)	20800	30	0.00	0.89	-0.20	-0.64	0.55
0 (SPOT_20805)	20805	14	0.00	-0.43	0.64	1.77	0.87
0 (SPOT_20810)	20810	49	0.00	0.69	0.73	0.90	0.18
0 (SPOT_20845)	20845	10	0.00	-0.25	-0.82	-0.33	0.04
MGC5338	20916	10	0.00	-0.17	-0.83	-0.29	-0.17
FLJ14299	20924	10	0.00	-0.35	-1.47	-0.60	0.10
0 (SPOT_20939)	20939	29	0.00	-0.21	0.27	0.90	0.05
GTF3C1	20950	8	0.00	-0.24	-0.83	-0.32	-0.53
PMS1	20956	8	0.00	-0.64	-0.95	-0.67	-0.78
STAR	20960	46	0.00	1.13	0.46	0.53	1.00
0 (SPOT_20965)	20965	10	0.00	-0.61	-0.81	-0.54	-0.32
0 (SPOT_20979)	20979	2	0.00	-0.96	-0.35	-0.98	-0.82
0 (SPOT_20991)	20991	10	0.00	-0.59	-0.92	-0.46	-0.01
0 (SPOT_20995)	20995	0	0.00	-1.33	-1.45	-1.68	-0.75
0 (SPOT_21002)	21002	15	0.00	0.13	1.87	-0.74	-0.81
0 (SPOT_21018)	21018	22	0.00	-0.20	-0.64	-0.39	-1.59
0 (SPOT_21028)	21028	20	0.00	-0.47	-0.85	-0.02	-0.49
0 (SPOT_21036)	21036	8	0.00	-0.46	-0.95	-0.71	-0.90
0 (SPOT_21037)	21037	3	0.00	-1.15	-0.87	-0.64	-0.45
0 (SPOT_21039)	21039	13	0.00	-0.33	-0.24	-0.05	-0.83
0 (SPOT_21045)	21045	10	0.00	-0.52	-0.88	-0.23	-0.36
0 (SPOT_21054)	21054	8	0.00	-0.45	-0.91	-0.31	-0.66
0 (SPOT_21062)	21062	8	0.00	-0.51	-0.88	-0.50	-0.65
0 (SPOT_21090)	21090	8	0.00	-0.73	-1.04	-0.72	-0.71
0 (SPOT_21094)	21094	8	0.00	-0.44	-0.81	-0.47	-0.37
0 (SPOT_21098)	21098	3	0.00	-1.02	-0.27	-0.63	-0.52
0 (SPOT_21124)	21124	3	0.00	-1.01	-0.22	-0.44	-0.24
0 (SPOT_21135)	21135	20	0.00	-0.25	-1.15	-0.20	-0.90
0 (SPOT_21142)	21142	22	0.00	-0.31	-0.74	-0.21	-0.95
0 (SPOT_21143)	21143	42	0.00	1.22	3.11	1.37	3.42
0 (SPOT_21147)	21147	41	0.00	1.15	1.51	2.43	3.09
0 (SPOT_21149)	21149	0	0.00	-1.22	-0.95	-1.52	-0.85
0 (SPOT_21150)	21150	25	0.00	-0.55	-0.31	-0.80	1.15
0 (SPOT_21151)	21151	6	0.00	-0.43	-0.73	0.33	1.31
0 (SPOT_21152)	21152	5	0.00	-1.96	-1.01	-0.49	-0.07
HMBS	21172	19	0.00	-0.24	-0.82	-0.90	-0.56
RIN2	21178	22	0.00	-0.37	-0.89	-0.46	-1.21
GJB2	21197	3	0.00	-0.90	-0.72	-0.26	-0.43
FKBP2	21199	1	0.00	-0.75	-0.81	-0.43	-0.41
C14ORF2	21259	13	0.00	-0.37	-0.33	-0.20	-0.87
HIBADH	21261	1	0.00	-0.59	-0.48	-0.45	-0.81
PLA2G13	21266	6	0.00	-0.02	-0.40	0.41	1.34
MGC16386	21277	9	0.00	-0.30	-0.39	-0.35	-0.92
0 (SPOT_21284)	21284	0	0.00	-0.46	-0.65	-0.98	-0.49
0 (SPOT_21285)	21285	9	0.00	-0.41	-0.61	-0.40	-0.89
0 (SPOT_21294)	21294	37	0.00	-0.19	0.13	-0.34	-1.16
CROT	21337	8	0.00	-0.42	-0.83	-0.55	-0.43
0 (SPOT_21395)	21395	3	0.00	-0.87	-0.53	-0.53	-0.44
ELMO3	21404	10	0.00	-0.70	-1.17	-0.75	-0.35
MRPL1	21408	22	0.00	-0.30	-0.38	-0.21	-0.80
TYMS	21410	9	0.00	-0.21	-0.47	-0.55	-1.43
LARS2	21423	1	0.00	-0.60	-0.84	-0.54	-0.74
ENIGMA	21429	14	0.00	-0.38	0.18	1.12	0.95
MMP14	21441	14	0.00	-0.70	0.46	1.20	1.43
PTTG1	21445	9	0.00	-0.06	-0.42	-0.45	-0.83
PRNPIP	21449	8	0.00	-0.33	-1.13	-0.71	-0.77
0 (SPOT_21472)	21472	25	0.00	0.30	0.17	-0.89	0.91
0 (SPOT_21484)	21484	33	0.00	-0.04	-0.32	-0.37	1.01
0 (SPOT_21486)	21486	45	0.00	0.86	0.09	0.03	0.19
0 (SPOT_21490)	21490	9	0.00	-0.25	-0.16	-0.58	-1.30
LOC54543	21506	22	0.00	-0.39	-0.58	-0.28	-0.80
CLIC3	21512	9	0.00	-0.43	-0.53	-0.47	-0.99
CTNNAL1	21516	9	0.00	-0.45	-0.39	-0.46	-1.19
0 (SPOT_21526)	21526	10	0.00	-0.51	-0.85	-0.44	-0.11
0 (SPOT_21528)	21528	9	0.00	-0.36	-0.45	-0.83	-0.91
0 (SPOT_21542)	21542	10	0.00	-2.37	-2.31	-2.08	-1.05
0 (SPOT_21545)	21545	0	0.00	-0.40	-0.60	-0.81	-0.53
DAPPER1	21546	19	0.00	-0.37	-0.82	-0.90	-0.78
0 (SPOT_21551)	21551	22	0.00	-0.41	-0.44	-0.22	-0.84
0 (SPOT_21553)	21553	32	0.00	0.03	-0.82	-0.47	-0.01
0 (SPOT_21554)	21554	30	0.00	0.81	-0.53	-0.36	0.39
0 (SPOT_21556)	21556	48	0.00	1.11	0.52	0.13	1.04
KIAA1493	21557	32	0.00	0.97	0.11	0.05	0.69
0 (SPOT_21563)	21563	21	0.00	-0.09	-0.67	-0.84	-0.29
0 (SPOT_21568)	21568	8	0.00	-0.55	-0.87	-0.54	-0.46
0 (SPOT_21582)	21582	22	0.00	0.01	-0.41	-0.32	-0.88
0 (SPOT_21590)	21590	21	0.00	0.27	-0.59	-1.00	0.28
0 (SPOT_21606)	21606	0	0.00	-0.48	-0.55	-0.97	-0.48
0 (SPOT_21607)	21607	13	0.00	-0.35	-0.31	-0.26	-1.11
0 (SPOT_21608)	21608	9	0.00	-0.40	-0.35	-0.43	-0.88
0 (SPOT_21611)	21611	9	0.00	-0.25	-0.29	-0.38	-1.13
0 (SPOT_21613)	21613	13	0.00	-0.40	0.03	-0.11	-0.82
PEX6	21625	8	0.00	-0.75	-1.08	-0.76	-0.67
0 (SPOT_21645)	21645	9	0.00	-0.54	-0.58	-0.90	-1.01
SNCAIP	21653	19	0.00	-0.95	-1.88	-2.16	-1.98
0 (SPOT_21662)	21662	13	0.00	-0.46	-0.33	-0.36	-0.82
0 (SPOT_21676)	21676	2	0.00	-0.86	-0.73	-1.08	-1.02
0 (SPOT_21677)	21677	0	0.00	-0.73	-0.68	-0.99	-0.45
0 (SPOT_21679)	21679	3	0.00	-1.87	-0.63	-0.84	-0.88
OTOF	21681	30	0.00	0.24	-0.79	-0.86	-0.42
COX8	21688	9	0.00	-0.38	-0.49	-0.39	-0.80
KIAA0562	21701	3	0.00	-0.91	-0.49	-0.46	-0.42
BCRP1	21707	9	0.00	-0.36	-0.52	-0.43	-0.92
0 (SPOT_21711)	21711	9	0.00	-0.37	-0.36	-0.83	-0.93
0 (SPOT_21713)	21713	2	0.00	-0.56	-0.38	-0.50	-0.81
0 (SPOT_21721)	21721	19	0.00	-0.15	-0.59	-1.11	-0.52
PCDHB5	21736	10	0.00	-0.63	-1.15	-0.93	-0.28
FLJ38482	21738;21786;23298	9	0.00	-0.10	-0.52	-0.83	-0.95
0 (SPOT_21746)	21746	11	0.00	-0.89	-0.40	0.79	0.27
0 (SPOT_21747)	21747	29	0.00	-0.72	0.70	1.34	0.16
0 (SPOT_21757)	21757	22	0.00	-1.09	-1.71	-0.65	-2.50
0 (SPOT_21758)	21758	31	0.00	0.25	-2.55	-1.12	-2.01
0 (SPOT_21763)	21763	33	0.00	0.47	-0.69	-0.36	1.30
0 (SPOT_21764)	21764	25	0.00	1.19	0.69	-1.14	2.96
0 (SPOT_21765)	21765	10	0.00	-0.61	-2.54	-0.95	0.10
0 (SPOT_21767)	21767	10	0.00	-2.17	-4.60	-0.87	-0.01
0 (SPOT_21773)	21773	1	0.00	-0.91	-0.98	-0.56	-1.06
0 (SPOT_21785)	21785	8	0.00	-0.31	-3.31	-1.42	-1.67
0 (SPOT_21832)	21832	34	0.00	0.46	-0.63	1.03	0.13
0 (SPOT_21835)	21835	22	0.00	-0.43	-0.50	-0.07	-1.91
0 (SPOT_21842)	21842	9	0.00	-0.51	-0.48	-0.69	-0.82
0 (SPOT_21869)	21869	4	0.00	-0.88	-0.48	-0.26	-0.73
0 (SPOT_21870)	21870	43	0.00	-0.34	2.05	2.39	1.24
0 (SPOT_21877)	21877	10	0.00	-0.77	-0.94	-0.64	-0.03
0 (SPOT_21881)	21881	2	0.00	-0.69	-0.66	-0.84	-0.86
0 (SPOT_21885)	21885	4	0.00	-0.73	-0.73	-0.18	-1.41
TUFM	21900	3	0.00	-1.79	-1.29	-1.11	-0.32
0 (SPOT_21903)	21903	7	0.00	-0.95	-0.10	0.16	-0.51
0 (SPOT_21904)	21904	1	0.00	-0.53	-0.73	-0.48	-0.91
0 (SPOT_21905)	21905	29	0.00	-0.24	0.08	0.91	-0.16
0 (SPOT_21907)	21907	1	0.00	-1.93	-1.99	-1.06	-1.75
0 (SPOT_21909)	21909	3	0.00	-2.67	-1.58	-1.70	-2.18
0 (SPOT_21912)	21912	4	0.00	-2.20	-1.78	0.52	-1.98
APEH	21928	9	0.00	-0.46	-0.57	-0.62	-0.94
MYL5	21930	10	0.00	-0.53	-0.87	-0.62	-0.31
0 (SPOT_21947)	21947	1	0.00	-0.67	-0.82	-0.69	-0.90
CCNG1	21954	22	0.00	-0.24	-0.39	-0.31	-0.93
IER3	21958	42	0.00	0.28	1.97	0.75	1.01
TCEB3	21962	44	0.00	0.28	-0.56	-1.71	-1.81
MSLN	21974	10	0.00	-0.52	-0.88	-0.49	-0.30
0 (SPOT_22022)	22022	1	0.00	-0.71	-1.09	-0.59	-0.80
0 (SPOT_22040)	22040	10	0.00	-0.57	-0.86	-0.54	-0.38
0 (SPOT_22072)	22072	33	0.00	0.23	0.04	-0.04	0.85
0 (SPOT_22106)	22106	0	0.00	-0.45	-0.79	-1.13	-0.39
0 (SPOT_22126)	22126	30	0.00	0.86	-0.22	0.04	0.24
0 (SPOT_22145)	22145	1	0.00	-0.59	-0.96	-0.41	-0.55
FLJ10956	22153	13	0.00	-0.68	-0.44	-0.57	-1.15
RALGPS1A	22185	6	0.00	-0.82	-0.50	-0.46	0.02
ZFPL1	22194	8	0.00	-0.11	-0.80	-0.36	-0.29
PIGQ	22200;23141	0	0.00	-0.33	-0.88	-0.81	-0.43
ATP5G1	22207	9	0.00	-0.46	-0.51	-0.38	-0.93
APEX1	22211	9	0.00	-0.39	-0.61	-0.64	-0.90
KIAA1894	22231	48	0.00	0.74	0.47	0.13	0.95
0 (SPOT_22236)	22236	47	0.00	1.16	0.81	0.30	0.82
0 (SPOT_22246)	22246	29	0.00	-0.18	0.50	1.18	0.05
PTGES2	22257	8	0.00	-0.29	-0.90	-0.79	-0.69
DLEU1	22262	9	0.00	-0.35	-0.79	-0.71	-1.17
MKKS	22288	9	0.00	-0.54	-0.67	-0.65	-0.90
0 (SPOT_22293)	22293	9	0.00	-0.22	-0.51	-0.47	-0.81
0 (SPOT_22302)	22302	18	0.00	-0.36	0.42	0.86	0.61
0 (SPOT_22304)	22304	9	0.00	-0.20	-0.60	-1.24	-1.27
0 (SPOT_22311)	22311	39	0.00	-0.13	0.37	0.88	0.47
0 (SPOT_22312)	22312	14	0.00	-0.64	0.50	1.62	0.65
KIAA1533	22329	10	0.00	-0.25	-0.89	-0.29	-0.21
D2S448	22332	37	0.00	-0.07	-0.02	-0.18	-1.31
0 (SPOT_22345)	22345	13	0.00	-0.36	-0.32	-0.26	-0.98
C20ORF132	22359	9	0.00	-0.19	-0.67	-0.56	-0.88
0 (SPOT_22371)	22371	3	0.00	-1.09	-0.36	-0.37	-0.31
GPR49	22401	8	0.00	-0.69	-1.06	-0.93	-0.75
LACTB	22407	29	0.00	-0.42	0.54	0.92	0.16
0 (SPOT_22427)	22427	39	0.00	0.19	0.47	1.22	1.06
FLJ10545	22434	22	0.00	-0.01	-0.31	0.06	-2.11
DKFZP762N2316	22435	9	0.00	-0.43	-0.67	-0.76	-0.89
DKFZP564F013	22437	37	0.00	-0.03	-0.28	-0.59	-1.81
0 (SPOT_22438)	22438	9	0.00	-0.19	-0.23	-0.36	-0.83
0 (SPOT_22447)	22447	2	0.00	-1.81	-0.73	-1.47	-1.22
RBMS1	22454	31	0.00	0.26	-0.78	-0.32	-1.09
RAD23A	22461	10	0.00	-0.61	-0.86	-0.54	-0.21
LRPPRC	22465	9	0.00	-0.29	-0.30	-0.38	-1.02
HMGCR	22467	3	0.00	-0.86	-0.59	-0.51	-0.51
HPGD	22468	9	0.00	-0.67	-0.92	-0.85	-1.20
FLJ20323	22487	19	0.00	-0.09	-0.77	-0.93	-0.52
CHAC	22499	9	0.00	-0.35	-0.52	-0.49	-0.94
0 (SPOT_22501)	22501	30	0.00	1.21	-0.30	-0.28	0.82
GFRA1	22502	33	0.00	1.66	0.37	0.25	1.60
0 (SPOT_22507)	22507	48	0.00	1.62	1.02	0.65	2.19
0 (SPOT_22508)	22508	46	0.00	1.81	0.52	0.40	0.81
0 (SPOT_22513)	22513	7	0.00	-1.55	0.14	0.27	-1.28
0 (SPOT_22518)	22518	45	0.00	1.10	0.10	-0.22	-0.15
0 (SPOT_22520)	22520	4	0.00	-3.20	-2.30	0.59	-4.53
0 (SPOT_22537)	22537	2	0.00	-0.72	-0.23	-0.60	-0.98
0 (SPOT_22538)	22538	13	0.00	-0.21	-0.18	-0.11	-0.90
0 (SPOT_22541)	22541	45	0.00	0.94	0.04	-0.40	-0.31
REPS1	22552	8	0.00	-0.55	-0.89	-0.77	-0.65
0 (SPOT_22559)	22559	10	0.00	-0.81	-1.45	-1.01	-0.62
0 (SPOT_22574)	22574	10	0.00	-0.71	-0.92	-0.33	-0.20
0 (SPOT_22578)	22578	0	0.00	-0.41	-0.72	-0.83	-0.47
0 (SPOT_22583)	22583	6	0.00	-0.29	0.01	0.48	1.29
0 (SPOT_22593)	22593	22	0.00	-0.13	-0.32	-0.29	-0.85
0 (SPOT_22596)	22596	4	0.00	-1.33	-0.54	-0.24	-1.00
0 (SPOT_22611)	22611	13	0.00	-0.42	-0.19	-0.31	-1.11
0 (SPOT_22614)	22614	2	0.00	-0.59	-0.35	-0.48	-0.86
0 (SPOT_22638)	22638	0	0.00	-0.87	-0.89	-1.07	-0.66
0 (SPOT_22640)	22640	9	0.00	-0.43	-0.44	-0.47	-0.82
0 (SPOT_22641)	22641	8	0.00	-0.66	-0.99	-0.68	-0.78
0 (SPOT_22652)	22652	1	0.00	-0.59	-0.57	-0.41	-0.83
0 (SPOT_22657)	22657	1	0.00	-1.59	-1.33	-0.72	-1.35
0 (SPOT_22659)	22659	22	0.00	-0.26	-0.91	-0.31	-0.99
0 (SPOT_22660)	22660	25	0.00	-0.38	-0.74	-1.84	0.94
0 (SPOT_22665)	22665	22	0.00	0.01	-0.72	0.06	-0.90
0 (SPOT_22667)	22667	8	0.00	-2.61	-4.42	-3.06	-3.61
0 (SPOT_22672)	22672	35	0.00	3.09	-2.40	3.15	2.07
0 (SPOT_22673)	22673	2	0.00	-3.90	-2.56	-4.24	-3.11
EPOR	22714	10	0.00	-0.59	-0.98	-0.49	-0.09
POLD3	22732	10	0.00	-0.22	-0.87	-0.43	-0.21
NOLC1	22733	9	0.00	-0.01	-0.19	-0.62	-0.85
GCH1	22746	43	0.00	0.15	1.39	1.38	0.39
CA11	22759	10	0.00	-0.48	-0.90	-0.51	-0.25
HCLA-ISO	22760	10	0.00	-0.37	-0.93	-0.78	-0.24
ATP5J2	22768	1	0.00	-0.49	-0.52	-0.41	-0.94
0 (SPOT_22787)	22787	0	0.00	-0.62	-1.01	-1.25	-0.82
H2BFB	22811	10	0.00	-0.90	-0.80	-0.52	-0.12
FLJ14675	22858	9	0.00	-0.29	-0.48	-0.47	-0.91
0 (SPOT_22871)	22871	19	0.00	-0.22	-0.82	-0.81	-0.79
0 (SPOT_22896)	22896	8	0.00	-0.53	-0.96	-0.39	-0.48
FABP5	22920	9	0.00	-0.34	-0.55	-0.78	-1.12
S100A3	22927	18	0.00	-0.33	1.83	2.77	2.37
FLJ23231	22936	43	0.00	0.01	0.97	0.71	0.51
NLP_1	22946;23384	13	0.00	-0.64	-0.41	-0.40	-0.91
LAMC2	22953	14	0.00	-0.71	0.57	1.49	1.69
FLJ21918	22969	9	0.00	-0.15	-0.54	-0.83	-0.90
GK003	22970	22	0.00	-0.20	-0.40	-0.31	-0.89
0 (SPOT_22976)	22976	3	0.00	-1.02	-0.94	-0.91	-0.77
0 (SPOT_22989)	22989	22	0.00	-0.36	-0.49	-0.33	-0.93
0 (SPOT_23054)	23054	37	0.00	1.09	1.02	0.21	-0.31
0 (SPOT_23060)	23060	46	0.00	1.64	1.10	0.51	1.18
MGC11296	23064	22	0.00	-0.48	-0.49	-0.26	-1.04
0 (SPOT_23066)	23066	43	0.00	0.40	0.77	1.06	0.84
FLJ10970	23068	46	0.00	0.84	0.32	0.48	0.43
0 (SPOT_23086)	23086	33	0.00	0.59	0.34	0.34	1.44
0 (SPOT_23108)	23108	45	0.00	2.02	1.73	0.71	0.44
0 (SPOT_23115)	23115	9	0.00	-0.11	-0.15	-0.79	-0.85
FACTP140	23138	9	0.00	-0.19	-0.24	-0.72	-0.94
COL4A3BP	23142	9	0.00	-0.44	-0.43	-0.66	-1.12
0 (SPOT_23155)	23155	9	0.00	-0.24	-0.09	-0.51	-0.81
0 (SPOT_23163)	23163	17	0.00	-0.24	0.83	0.63	0.12
0 (SPOT_23164)	23164	1	0.00	-0.56	-0.56	-0.55	-0.83
0 (SPOT_23187)	23187	0	0.00	-0.68	-0.81	-1.08	-0.57
0 (SPOT_23194)	23194	31	0.00	0.36	-0.55	-0.51	-0.85
POLR2L	23204	9	0.00	-0.50	-0.66	-0.52	-0.99
0 (SPOT_23230)	23230	9	0.00	-0.11	-0.33	-0.42	-1.00
0 (SPOT_23241)	23241	0	0.00	-0.35	-0.55	-0.88	-0.51
0 (SPOT_23243)	23243	19	0.00	-0.14	-0.48	-0.86	-0.66
0 (SPOT_23246)	23246	9	0.00	-0.27	-0.34	-0.53	-0.86
0 (SPOT_23254)	23254	8	0.00	-0.71	-0.93	-0.81	-0.83
0 (SPOT_23263)	23263	13	0.00	-0.05	0.87	0.40	-1.78
0 (SPOT_23278)	23278	37	0.00	0.13	0.81	-0.99	-2.01
0 (SPOT_23282)	23282	9	0.00	-0.39	-0.25	-0.77	-1.15
0 (SPOT_23283)	23283	9	0.00	-0.50	-0.54	-1.18	-1.32
0 (SPOT_23284)	23284	2	0.00	-0.60	-0.51	-0.82	-0.92
0 (SPOT_23296)	23296	22	0.00	-0.15	-0.50	-0.13	-0.86
0 (SPOT_23312)	23312	15	0.00	-0.71	0.04	-0.63	-0.84
0 (SPOT_23327)	23327	12	0.00	-0.69	0.30	-0.86	-0.26
EGR4	23329	22	0.00	-0.24	-0.48	-0.35	-1.31
0 (SPOT_23343)	23343	2	0.00	-0.67	-0.70	-0.87	-0.97
0 (SPOT_23344)	23344	24	0.00	-0.14	0.45	-1.07	-0.88
0 (SPOT_23345)	23345	30	0.00	0.85	-0.54	-1.11	-0.22
0 (SPOT_23346)	23346	13	0.00	-1.09	0.13	-0.34	-1.87
0 (SPOT_23353)	23353	40	0.00	0.64	2.43	-0.61	-1.22
0 (SPOT_23355)	23355	9	0.00	-0.51	-0.62	-0.69	-0.87
0 (SPOT_23356)	23356	37	0.00	-0.16	-0.16	-0.45	-1.36
0 (SPOT_23359)	23359	1	0.00	-1.46	-1.67	-0.97	-2.45
0 (SPOT_23365)	23365	9	0.00	-0.24	-0.50	-0.82	-0.78
0 (SPOT_23382)	23382	9	0.00	-0.11	-0.46	-0.62	-0.92
0 (SPOT_23396)	23396	9	0.00	-0.84	-1.27	-1.02	-2.10
0 (SPOT_23397)	23397	2	0.00	-0.58	-0.15	-0.83	-0.46
0 (SPOT_23400)	23400	10	0.00	-0.83	-1.04	-0.47	-0.27
0 (SPOT_23413)	23413	15	0.00	-0.99	0.15	-1.23	-1.81
0 (SPOT_23416)	23416	16	0.00	-1.34	1.30	-0.08	-0.45
0 (SPOT_23417)	23417	40	0.00	2.14	3.93	1.32	1.40
0 (SPOT_23419)	23419	15	0.00	-1.11	1.39	-0.46	-1.43
0 (SPOT_23420)	23420	3	0.00	-1.90	-0.37	-0.52	-0.49
0 (SPOT_23421)	23421	15	0.00	-0.91	0.82	-1.41	-1.72
LIF	23443	43	0.00	0.19	2.56	1.49	1.37
LAMC1	23445	33	0.00	0.21	0.12	0.10	1.03
GATM	23448	9	0.00	-0.48	-0.66	-0.56	-1.00
0 (SPOT_23449)	23449	0	0.00	-1.19	-1.32	-1.56	-0.59
S100A2	23468	43	0.00	0.11	1.18	1.52	1.00
NR1D1	23475	21	0.00	-0.05	-0.84	-0.71	0.03
SRF	23479	29	0.00	0.13	1.00	1.29	-0.12
GRB10	23495	14	0.00	-0.21	0.17	1.07	1.09
NDUFB6	23530	22	0.00	-0.26	-0.55	-0.35	-0.89
0 (SPOT_23550)	23550	18	0.00	-0.38	1.46	1.11	0.80
0 (SPOT_23553)	23553	5	0.00	-0.90	-0.24	-0.27	-0.00
FLJ21106	23555	2	0.00	-1.91	-1.15	-2.04	-3.00
0 (SPOT_23617)	23617	8	0.00	-0.47	-0.81	-0.62	-0.84
TM4SF7	23624	8	0.00	-0.07	-0.86	-0.54	-0.70
UST	23628	7	0.00	-0.88	-0.29	-0.14	-0.40
0 (SPOT_23660)	23660	9	0.00	-0.41	-0.60	-0.45	-0.89
DKFZP667F074	23668	10	0.00	-0.54	-0.84	-0.51	-0.05
MYO1E	23692	39	0.00	-0.18	0.29	1.09	0.47
SLC16A3	23694	14	0.00	-0.32	-0.10	0.72	1.05
SRCAP	23700	14	0.00	-0.40	0.38	1.19	1.03
MMP19	23705	10	0.00	-0.40	-0.80	-0.67	-0.16
PP3856	23727	8	0.00	-0.54	-1.27	-0.68	-0.57
MKRN1	23764	10	0.00	-0.57	-1.25	-0.56	-0.21
SLI	23772	10	0.00	-0.83	-1.00	-0.62	0.32
0 (SPOT_23815)	23815	19	0.00	-0.19	-0.41	-0.90	-0.73
0 (SPOT_23825)	23825	42	0.00	1.17	1.95	1.14	1.09
FLJ10901	23835	20	0.00	-0.20	-0.91	-0.29	-0.29
0 (SPOT_23836)	23836	38	0.00	0.58	0.83	0.48	0.58
AF053356_CDS3	23841	8	0.00	-0.38	-0.82	-0.64	-0.50
DEK	23844	22	0.00	-0.18	-0.26	-0.15	-0.95
0 (SPOT_23867)	23867	22	0.00	-0.08	-0.16	-0.06	-1.34
0 (SPOT_23890)	23890	24	0.00	-0.29	-0.23	-0.80	-0.65
0 (SPOT_23904)	23904	0	0.00	-0.59	-0.79	-0.80	-0.59
FLRT3	23915	10	0.00	-0.52	-1.01	-0.20	-0.27
FLJ20643	23923	8	0.00	-0.59	-0.83	-0.68	-0.61
0 (SPOT_23925)	23925	43	0.00	0.14	1.30	1.50	0.82
0 (SPOT_23937)	23937	18	0.00	-0.24	0.84	1.18	1.09
FLJ10829	23955	9	0.00	-0.48	-0.78	-1.22	-1.34
PER1	23967	41	0.00	0.16	1.17	0.88	1.91
ABCF1	23975	10	0.00	-0.51	-0.80	-0.55	-0.10
MPG	23976	8	0.00	-0.30	-0.88	-0.65	-0.27
PLCB3	23978	10	0.00	-0.36	-0.86	-0.58	-0.16
0 (SPOT_23997)	23997	8	0.00	-0.34	-1.03	-0.81	-0.41
0 (SPOT_23998)	23998	38	0.00	0.78	0.52	0.72	1.01
FLJ23590	24007	0	0.00	-0.46	-0.82	-0.70	-0.37
0 (SPOT_24008)	24008	38	0.00	1.00	1.08	0.79	1.13
0 (SPOT_24020)	24020	48	0.00	1.38	1.18	0.27	1.90
0 (SPOT_24026)	24026	40	0.00	2.23	2.88	0.81	0.30
0 (SPOT_24028)	24028	48	0.00	3.58	3.21	2.55	5.10
0 (SPOT_24029)	24029	38	0.00	1.02	1.36	1.63	1.55
0 (SPOT_24034)	24034	39	0.00	1.07	2.23	3.65	2.55
0 (SPOT_24036)	24036	16	0.00	-1.57	2.91	0.42	1.70
CYP7B1	24037	10	0.00	-0.46	-0.94	-0.23	-0.15
0 (SPOT_24045)	24045	22	0.00	-0.25	-0.38	-0.04	-0.98
0 (SPOT_24077)	24077	8	0.00	-0.62	-1.02	-0.69	-0.61
FLJ12190	24093	0	0.00	-0.38	-0.51	-0.88	-0.45
0 (SPOT_24109)	24109	6	0.00	-0.86	-0.87	-0.26	0.37
0 (SPOT_24119)	24119	8	0.00	-0.64	-2.55	-2.08	-2.45
0 (SPOT_24123)	24123	19	0.00	0.01	-0.46	-0.92	-0.35
0 (SPOT_24140)	24140	5	0.00	-1.28	-0.65	-0.34	-0.33
0 (SPOT_24151)	24151	0	0.00	-0.49	-0.45	-0.96	-0.32
0 (SPOT_24169)	24169	37	0.00	0.35	0.83	-0.13	-1.02
0 (SPOT_24170)	24170	40	0.00	0.48	1.48	0.29	-0.74
0 (SPOT_24173)	24173	43	0.00	0.38	1.23	1.13	0.64
0 (SPOT_24177)	24177	46	0.00	2.55	1.37	1.75	1.67
0 (SPOT_24178)	24178	13	0.00	-0.38	0.88	-0.30	-1.71
0 (SPOT_24180)	24180	40	0.00	0.38	1.65	0.97	0.08
0 (SPOT_24186)	24186	11	0.00	-0.44	-1.64	1.79	-0.39
