	TCGA-3X-AAV9-01	TCGA-3X-AAVA-01	TCGA-3X-AAVB-01	TCGA-3X-AAVC-01	TCGA-3X-AAVE-01	TCGA-4G-AAZO-01	TCGA-4G-AAZT-01	TCGA-W5-AA2G-01	TCGA-W5-AA2H-01	TCGA-W5-AA2I-01	TCGA-W5-AA2O-01	TCGA-W5-AA2Q-01	TCGA-W5-AA2R-01	TCGA-W5-AA2T-01	TCGA-W5-AA2U-01	TCGA-W5-AA2W-01	TCGA-W5-AA2X-01	TCGA-W5-AA2Z-01	TCGA-W5-AA30-01	TCGA-W5-AA31-01	TCGA-W5-AA33-01	TCGA-W5-AA34-01	TCGA-W5-AA36-01	TCGA-W5-AA38-01	TCGA-W5-AA39-01	TCGA-W6-AA0S-01	TCGA-WD-A7RX-01	TCGA-YR-A95A-01	TCGA-ZD-A8I3-01	TCGA-ZH-A8Y1-01	TCGA-ZH-A8Y2-01	TCGA-ZH-A8Y4-01	TCGA-ZH-A8Y5-01	TCGA-ZH-A8Y6-01	TCGA-ZH-A8Y8-01	TCGA-ZU-A8S4-01	TCGA-W5-AA2I-11	TCGA-W5-AA2Q-11	TCGA-W5-AA2R-11	TCGA-W5-AA2U-11	TCGA-W5-AA2X-11	TCGA-W5-AA30-11	TCGA-W5-AA31-11	TCGA-W5-AA34-11	TCGA-ZU-A8S4-11
ALKBH5	1926.45	1987.99	1728.31	2926.24	1231.56	1291.24	1645.45	1625.07	3060.71	2022.12	1025.78	1857.62	1785.01	2170.49	1537.86	2042.58	3299.91	1506.39	1998.24	950.066	1746.43	1800.68	2088.67	1424.44	1930.15	1469.63	1980.26	2108.52	2286.5	1694.75	1868.12	1967.82	1279.75	1899.94	1952.22	2804.13	2935.01	2440.77	2958.87	3048.84	2696.5	2475.05	3004.42	2538.11	2557.56
FTO	1057.16	805.031	971.436000000001	1117.32	692.755	774.055	805.712	1757.73	605.493	868.389	751.346	959.27	1327.63	1391.77	1408.8	805.856	767.955	605.791	820.626000000001	977.506000000001	1107.26	408.624	775.346	611.627	457.509	1080.7	1149.13	914.072	1091.26	538.027	1243.35	812.015	769.769	1154.33	879.835	1014.58	729.56	646.005	749.941	712.252	726.496	675.211	840.29	801.287	778.713
HNRNPA2B1	10052.8	14193.8	12826.1	16027.8	14332.9	13518	10198.4	10549.6	14493.1	13676.1	20655	13478.6	18483.6	16633.9	12138.2	14321	17474.7	12219.2	16555.2	13057.1	12627.9	10960.5	14163.6	11564.2	10459.8	12923.8	14540.3	13207.6	11818.4	14274.9	13514.9	14174.4	12798.4	14018.6	13682.3	13073.4	11753.7	10318.2	10885	12825	11604.7	11763.3	12027.2	10255	11584
HNRNPC	6772.46	7414.52	8645.19	8420.21999999999	7334.62	9439.86000000001	9178.79	7674.88	10218.5	12192.9	12841.2	10840.5	12074	6860.05	6530.89	10515.6	13184.8	7987.97	7263.93	8215.13	7856.67	7373.72	7949.88	8414.75	6963.91	9550.42	8622.66	8329.3	7423.3	9398.33000000001	7548.16	6866.28	8653.15	6906.09	6255.14	8021.44	6980.08	6366.39	5611.76	7787.89	6673.08	6638.67	5979.13	6035.4	6317.68
IGF2BP1	521.502	4.0023	4.862	262.706	12.3983	51.5464	118.487	0	16.2297	266.226	6.9968	0	4.1633	605.327	156.633	7.9946	1895.65	138.085	325.024	2279	60.2753	2.5667	0	121.641	9.3132	9.0058	279.702	0.5767	813.107	1.6866	676.189	609.496	111.41	0.3753	118.519	22.4355	2.0964	57.8512	0	2.2328	0	3.2724	0.9074	0	2.1721
IGF2BP2	1606.97	505.432	511.973	735.795	133.282	1119.42	655.628	590.456	55.5556	524.639	485.468	81.8838	36.0819	528.814	409.137	330.444	398.52	457.906	606.061	800.518	97.7693	796.201	437.212	11.236	286.38	1477.9	432.885	547.289	685.922	445.826	334.95	309.593	362.245	601.557	560.082	1116.79	38.7841	77.135	29.3909	48.0045	153.846	100.355	42.6497	34.5937	58.6478
IGF2BP3	467.61	72.6129	346.663	2651.59	276.895	23.1959	13.3678	130.572	44.9438	121.995	372.443	8.0611	24.0546	21.7918	325.869	14.3903	156.142	422.272	72.3363	204.758	96.3455	14.3737	66.8203	691.744	238.65	276.336	146.909	16.7243	56.7961	10.6818	1217.66	422.481	10.0985	3.7527	403.292	126.137	20.9644	13.7741	11.3771	6.6983	18.1624	26.1794	39.02	24.9397	19.5493
KIAA1429	1299.4	1240.71	986.508	1389.29	1424.25	878.007	875.588999999999	999.999999999999	877.028999999999	878.005	568.353	1058.12	1592.69	1474.58	2028.13	1482.2	908.279000000001	1754.57	1760.02	1436.27	1358.8	986.653	704.493	579.385	778.813	1115.3	1119.33	841.984	886.408	1425.74	1379.11	1244.19	2449.39	1183.23	1207.41	992.646	894.130000000001	818.182	781.228	935.529	939.103	862.831	995.463	944.489	925.333
METTL14	270.55	286.449	278.595	337.376	184.941	197.595	34.6347	161.51	192.26	76.9231	129.171	270.259	245.172	215.496	303.815	229.179	152.06	331.403	262.952	192.169	412.435	201.745	93.318	128.481	208.382	131.769	167.821	251.442	324.272	297.967	220.155	146.318	114.667	425.931	163.786	249.782	383.648	271.35	304.337	409.712	367.521	318.517	480.944	504.425	413.793
METTL3	480.691	379.348	591.812	656.144	313.847	481.461	296.254	441.342	1529.88	546.124	826.265	629.979	984.582	407.768	393.771	427.168	1229.12	501.207	677.322	497.795	644.898	366.689	263.79	356.014	629.86	508.624	657.744	407.37	507.078	477.428	394.816	288.813	773.444	661.615	499.625	490.555	437.736	425	348.272	464.259	550.833	517.862	391.915	370.378	357.719
RBM15	112.194	111.492	108.424	333.56	194.757	200.172	263.102	187.729	299.001	173.119	102.799	209.164	294.669	126.392	234.5	190.272	207.169	167.929	261.486	189.577	267.712	123.203	87.5576	102.101	176.95	109.52	133.854	130.911	170.874	259.237	146.246	124.031	91.8837	171.123	190.124	100.71	147.799	118.457	207.632	138.431	162.393	113.444	168.784	174.578	165.083
RBM15B	1654.69	1240.42	1895.78	1050.24	1757.96	1066.21	1523.54	1133.92	1773.99	2026.81	1292.77	1824.76	1125.42	1331.27	1024.1	1113.68	2138.73	1349.13	1679.19	1458.32	1577.52	1496.2	1407.49	1326.61	619.988	1276.52	1304.67	2034.31	1391.17	1397.92	1695.27	1528.28	2128.16	1614.35	1150.92	1829.76	783.711	1063.93	1206.63	1059.99	1015.04	944.74	797.795	1002.85	1020.22
RBMX	2578.66	3765.58	2574.45	2962.8	4124.5	2587.63	3859.64	2581.02	4459.43	2651.44	3262.65	4419.6	4595.81	3365.62	2705.52	4059.66	3965.81	3966.15	3740.47	2968.43	3585.67	2954.31	2789.75	2197.36	2142.03	4724.26	3553	3089.39	3400.97	3454.73	4618.01	3656.01	3349.78	2265.5	2482.72	2994.89	1237.95	1670.8	1474.28	2335.47	1857.91	1919.83	1329.4	1744.97	1356.5
WTAP	1493.2	817.038	1372.55	1652	2268.89	951.031000000001	930.883000000001	865.233	2521.22	786.659	966.631000000001	1436.57	2132.07	937.046	841.229	955.089	2073.73	881.069	1207.72	1185.97	1045.56	1450.72	671.083	1329.75	1515.72	1198.25	1120.38	869.665	967.476	1661.31	1037.87	913.76	695.171	1390.75	1032.1	2194.19	808.176	1128.1	1399.38	1166.62	1304.49	999.182	878.403	794.047	1030.68
YTHDC1	1407.19	2160.09	1663.3	1641.64	1447.5	1361.68	1109.52	1037.76	2242.2	2317.31	964.478	1963.94	1369.26	2105.08	1694.61	1091.53	1271.08	1773.72	1877.32	1563.64	1826.77	1612.42	1110.02	714.216	750.873	1670.34	1806.82	1854.67	1983.98	1728.77	1330.89	852.713000000001	2257.84	1511.21	1238.27	1086.38	993.711	1103.31	1327.33	1463.58	1342.95	1364.6	1151.54	1135.96	1242.47
YTHDC2	551.443	554.603	979.215	476.904	1121.01	542.096	289.837	681.175	958.802	653.245	863.294	768.774	1168.96	733.172	697.648	1442.76	547.519	1378.17	803.03	958.252	1588.51	659.651	495.392	491.451	830.035	783.505	812.966	669.55	680.097	807.322	1081.9	1115.31	647.284	1285.67	872.428	405.335	670.86	449.036	959.469	651.968	875	622.852	813.975	921.159	836.275
YTHDF1	2140.45	1496.28	1303.03	1640.55	1662.4	1541.24	1509.34	1549.03	1296.5	1722.96	1446.72	1411.54	1702.79	1261.5	1278.72	1275.41	1914.02	959.466	1874.88	1825.42	1333.65	1633.98	1347.35	1429.41	1154.83	1213.89	1477.45	1401.38	1540.29	1485.34	1391.69	1200.58	1601.43	1345.34	1956.79	1190.08	1185.53	1070.25	1224.93	1181.13	1207.27	1137.71	1048.09	1145.62	1159.92
YTHDF2	1405.01	1123.5	1641.42	1790.43	1020.28	1092.78	1497.8	1110.64	1639.2	1172.48	1007	955.876	1182.38	846.489	999.662	892.731000000001	1550.2	1012.03	1462.85	1435.16	1326.53	1209.45	1207.37	2211.04	1749.71	984.003	1188.86	1324.11	1374.27	1444.86	1028.44	1198.16	970.437	1362.23	1438.68	1638.79	1308.18	1275.48	1643.04	1291.65	1537.39	1194.44	1311.25	1382.14	1396.69
YTHDF3	1341.86	1634.08	1304.49	2419.95	1697.02	1375.43	952.757	1616.68	964.419	1066.11	520.452	1462.88	2154.27	1462.47	1360.64	1868.61	1237.91	1768.82	1045.45	1927.98	1275.75	910.164	1007.49	955.055999999999	2098.95	1228.58	810.352	1644.75	1320.87	1822.66	1597.17	1596.41	2825.96	1956.66	1358.85	1169.64	1598.53	1493.11	1953.07	1578.57	2154.91	1603.49	2131.58	2167.34	1889.76
ZC3H13	1174.74	1483.13	1561.69	1653.09	1195.4	1106.53	405.286	1138.96	696.005	971.755	536.06	2185.41	1008.9	773.85	916.395	2035.43	1304.76	1115.81	938.416	1556.6	1244.9	394.25	722.35	481.192	3722.93	2895.6	932.166	1209.34	1593.2	1543.81	1776.96	1456.88	1514.13	1713.48	961.728	1110.81	2163.52	1082.64	1412.66	1173.32	2435.9	1496.59	1458.26	1062.75	4164
