""	"Signature.1"	"Signature.2"	"Signature.3"	"Signature.4"	"Signature.5"	"Signature.6"	"Signature.7"	"Signature.8"	"Signature.9"	"Signature.10"	"Signature.11"	"Signature.12"	"Signature.13"	"Signature.14"	"Signature.15"	"Signature.16"	"Signature.17"	"Signature.18"	"Signature.19"	"Signature.20"	"Signature.21"	"Signature.22"	"Signature.23"	"Signature.24"	"Signature.25"	"Signature.26"	"Signature.27"	"Signature.28"	"Signature.29"	"Signature.30"	"unknown"
"TCGA-2F-A9KO-01"	0	0.355781105186455	0	0	0	0	0	0.0637127171211841	0	0	0	0	0.50615298693225	0	0	0	0	0	0	0	0	0	0	0	0	0	0	0	0	0	0.074353190760111
"TCGA-2F-A9KP-01"	0.0943761150834676	0.337289928930141	0	0	0	0	0	0	0	0	0	0	0.178319957875642	0	0	0.339030151094604	0	0	0	0	0	0	0	0	0	0	0	0	0	0	0.0509838470161459
"TCGA-2F-A9KQ-01"	0.15995447027351	0.119901015955426	0	0	0	0	0	0	0	0	0	0	0.154520877133285	0	0	0.482857175637392	0	0	0	0	0	0	0	0	0	0	0	0	0	0	0.0827664610003869
"TCGA-2F-A9KR-01"	0	0.422228499406058	0	0	0.142548081523021	0	0	0	0	0	0	0	0.300071763859676	0	0	0	0	0	0	0	0	0	0	0	0	0	0	0	0	0	0.135151655211245
"TCGA-2F-A9KT-01"	0	0.357324492502509	0	0	0.0939183524905676	0	0	0	0	0	0	0	0.469762298324719	0	0	0	0	0	0	0	0	0	0	0	0	0	0	0	0	0	0.0789948566822044
"TCGA-2F-A9KW-01"	0.083484059278351	0.15029547927121	0	0	0	0	0.115543660860661	0.245401774587491	0	0	0.0637676616947234	0	0.175700042136567	0	0	0	0.0661043654744121	0	0	0	0	0	0	0	0	0	0	0	0	0	0.0997029566965844
"TCGA-4Z-AA7M-01"	0	0.357685667519641	0	0	0.151120362913434	0	0	0	0	0	0	0	0.426005512485259	0	0	0	0	0	0	0	0	0	0	0	0	0	0	0	0	0	0.065188457081666
"TCGA-4Z-AA7O-01"	0.089556512953919	0.21011121186683	0	0	0	0	0	0	0	0	0	0	0.318365865758852	0	0	0	0	0	0	0	0	0	0	0	0	0.0765676710942768	0	0	0	0.141533203882247	0.163865534443876
"TCGA-4Z-AA7Q-01"	0	0.126643354287975	0	0	0	0	0	0	0	0	0	0	0.59264147815042	0	0	0	0	0	0	0	0	0	0	0	0	0	0	0	0	0.0950391790545512	0.185675988507054
"TCGA-4Z-AA7R-01"	0	0.347020595452395	0	0	0.192309200712157	0	0	0	0	0	0	0	0.393077276280143	0	0	0	0	0	0	0	0	0	0	0	0	0	0	0	0	0	0.0675929275553047
"TCGA-4Z-AA7S-01"	0.442710162839114	0.0876927061446957	0	0	0	0	0	0.298900265996416	0	0	0	0	0	0	0	0	0	0.116253251744988	0	0	0	0	0	0	0	0	0	0	0	0	0.0544436132747871
"TCGA-4Z-AA7W-01"	0	0.294318299464854	0	0	0.134890328621794	0	0	0	0	0	0	0	0.559599666057219	0	0	0	0	0	0	0	0	0	0	0	0	0	0	0	0	0	0.0111917058561326
"TCGA-4Z-AA7Y-01"	0	0.467956317860358	0	0	0	0	0	0	0	0	0	0	0.34076618576057	0	0	0	0	0	0	0	0	0	0	0	0	0	0	0	0	0.123449931215137	0.0678275651639346
"TCGA-4Z-AA80-01"	0.0668704208140846	0.314633281585155	0	0	0	0	0	0	0	0	0	0	0.316113387563893	0	0	0.126724582521632	0	0	0	0	0	0	0	0	0	0	0	0	0	0	0.175658327515236
"TCGA-4Z-AA81-01"	0	0.474959198050137	0	0	0	0	0	0.0798949020557658	0	0.0615466112996883	0	0	0.33588832265213	0	0	0	0	0	0	0	0	0	0	0	0	0	0	0	0	0	0.0477109659422797
"TCGA-4Z-AA82-01"	0.159810495701297	0.240976922522207	0.214376838075094	0	0	0	0	0	0	0	0	0	0.18807345384644	0	0	0	0	0	0	0	0	0	0	0	0	0	0	0	0.0607099915964203	0	0.136052298258541
"TCGA-4Z-AA83-01"	0.190225803539315	0.268692329293812	0	0	0.2040015180436	0	0	0	0	0	0	0	0.186514055974003	0	0	0.0792923542171255	0	0	0	0	0	0	0	0	0	0	0	0	0	0	0.071273938932144
"TCGA-4Z-AA84-01"	0	0.540231829904208	0	0	0	0	0	0	0	0	0	0	0	0	0	0.407573505298849	0	0	0	0	0	0	0	0	0	0	0	0	0	0	0.0521946647969422
"TCGA-4Z-AA86-01"	0	0.306294635916289	0	0	0.107689377334371	0	0	0	0	0	0	0	0.463353537634872	0	0	0	0	0	0	0	0	0	0	0	0	0	0	0	0	0	0.122662449114469
"TCGA-4Z-AA89-01"	0.0744472278076227	0.297284168978566	0	0	0	0	0	0	0	0	0	0	0.462104212304193	0	0	0.0604959817329214	0	0	0	0	0	0	0	0	0	0	0	0	0	0	0.105668409176697
"TCGA-5N-A9KI-01"	0.0628550489964861	0.344769659605221	0	0	0	0	0.10815984845132	0	0	0	0	0	0.163974117986256	0	0	0.134778425808742	0	0	0	0	0	0	0	0	0	0.0737286929324075	0	0	0	0.0610442199260702	0.0506899862934977
"TCGA-5N-A9KM-01"	0	0.0813382868607933	0	0	0	0	0	0	0	0	0	0	0	0	0	0.618033878160216	0	0	0	0	0	0	0.100388882624114	0	0	0.145276629357744	0	0	0	0	0.054962322997133
"TCGA-BL-A0C8-01"	0.132666480090599	0.143236856970919	0	0	0	0	0	0	0	0	0	0	0.248910167055862	0	0	0.259075401632805	0	0	0	0	0	0	0	0	0	0.10630005354353	0	0	0	0	0.109811040706285
"TCGA-BL-A13I-01"	0	0.153514668343072	0.136980401621815	0	0	0	0.0773306422223268	0	0	0	0	0	0.377771548509286	0	0	0	0	0	0	0	0	0	0	0	0	0.0662182329911476	0	0.0739661260121586	0	0	0.114218380300194
"TCGA-BL-A13J-01"	0.179009839641369	0.133627633287894	0	0	0	0	0	0	0	0	0	0	0.342493606768592	0	0	0.110551396087064	0	0	0	0	0	0	0	0	0	0.0738370591298529	0	0	0	0	0.160480465085229
"TCGA-BL-A3JM-01"	0	0.267550894588339	0.163268197682915	0	0	0	0	0	0	0	0.0765342391785962	0	0.240630537293792	0	0	0	0	0	0	0	0	0	0	0	0	0	0	0	0	0	0.252016131256357
"TCGA-BL-A5ZZ-01"	0.122772978035636	0.252864017551523	0	0	0	0	0	0	0	0	0.0641265672149145	0	0.158340539080399	0	0	0.369061272095628	0	0	0	0	0	0	0	0	0	0	0	0	0	0	0.0328346260218995
"TCGA-BT-A0S7-01"	0.0796771248288549	0	0	0	0	0	0	0	0	0	0	0	0	0	0.125504295690081	0.755428459998265	0	0	0	0	0	0	0	0	0	0	0	0	0	0	0.0393901194827994
"TCGA-BT-A0YX-01"	0	0.447442877767538	0	0	0	0	0	0	0	0	0	0	0.514523047866524	0	0	0	0	0	0	0	0	0	0	0	0	0	0	0	0	0	0.0380340743659373
"TCGA-BT-A20J-01"	0	0.360485794094331	0	0	0	0	0.0974064467648996	0	0	0	0	0	0.479451438899932	0	0	0	0	0	0	0	0	0	0	0	0	0	0	0	0	0	0.0626563202408372
"TCGA-BT-A20N-01"	0	0.141361318721495	0.176764618827535	0.0610733306136401	0	0	0	0	0	0	0	0	0.156359042446096	0	0	0.307388896674486	0	0	0	0	0	0	0	0.119265699123632	0	0	0	0	0	0	0.0377870935931151
"TCGA-BT-A20O-01"	0	0.247514185071447	0.0962463939480264	0	0	0	0	0	0	0	0.0777724461382756	0	0.147093497326984	0	0	0.313744489544258	0	0	0	0	0	0	0	0	0	0	0	0	0	0	0.117628987971009
"TCGA-BT-A20P-01"	0.11234300544498	0	0	0.0883355706818821	0.118402561014758	0	0	0	0	0.0715391845799629	0	0	0.550567945286497	0	0	0	0	0	0	0	0	0	0	0	0	0	0	0	0	0	0.0588117329919198
"TCGA-BT-A20Q-01"	0.100365062193656	0.260220133844609	0	0	0	0	0	0	0	0.0718629356172158	0	0	0.384225758433561	0	0	0	0	0	0	0	0	0	0	0	0	0.163732491885582	0	0	0	0	0.0195936180253761
"TCGA-BT-A20R-01"	0.0875301770018505	0.322519579716127	0	0	0	0	0	0	0	0	0	0	0.525376414112949	0	0	0	0	0	0	0	0	0	0	0	0	0	0	0	0	0	0.0645738291690739
"TCGA-BT-A20T-01"	0	0.476888185376142	0	0	0.140123931437681	0	0	0	0	0	0	0	0.314242812050955	0	0	0	0	0	0	0	0	0	0	0	0	0	0	0	0	0	0.0687450711352222
"TCGA-BT-A20U-01"	0.102622448950904	0.33334407056601	0	0	0	0	0	0	0	0	0	0	0.513628873967323	0	0	0	0	0	0	0	0	0	0	0	0	0	0	0	0	0	0.0504046065157633
"TCGA-BT-A20V-01"	0.124086147187425	0.123827613847616	0	0	0.323669144884881	0	0	0	0	0.0685398243865135	0	0	0.157539379583081	0	0	0	0	0	0	0	0	0	0	0	0	0	0	0	0	0	0.202337890110483
"TCGA-BT-A20W-01"	0	0	0.363335784709287	0	0	0.130795743678739	0.0985177718395943	0	0	0	0	0	0.232567428947097	0	0	0	0.0868820421236246	0	0	0	0	0	0	0	0	0	0	0	0	0	0.0879012287016574
"TCGA-BT-A20X-01"	0	0	0	0	0	0	0	0	0	0	0	0	0.092362579385465	0.0829313505376501	0	0.533637004341228	0	0.156445938715382	0	0	0	0	0	0	0	0	0	0	0.0624776514461049	0	0.0721454755741704
"TCGA-BT-A2LA-01"	0.342697768958734	0.318178688423239	0	0	0	0	0	0	0	0	0	0	0.196394677909951	0	0	0.0639305081099067	0	0	0	0	0	0	0	0	0	0	0	0	0	0	0.0787983565981691
"TCGA-BT-A2LB-01"	0	0.439433808182232	0	0	0	0	0	0	0	0	0	0.191709414915296	0	0	0	0.259291625372234	0	0	0	0	0	0	0	0	0	0	0	0	0	0	0.109565151530237
"TCGA-BT-A2LD-01"	0.252597316451943	0.19500644042241	0	0	0	0	0	0	0	0	0.0670928516565288	0	0.10961694821475	0	0	0	0	0	0	0	0	0	0	0	0	0.159546758320486	0	0	0	0.120378686144283	0.0957609987895991
"TCGA-BT-A3PH-01"	0	0.312633479621908	0	0	0	0	0	0	0	0	0	0	0.603031291687588	0	0	0	0	0	0	0	0	0	0	0	0	0	0	0	0	0	0.0843352286905032
"TCGA-BT-A3PJ-01"	0	0.391937351587617	0	0	0	0	0	0	0	0	0	0.0706943997686988	0.22082323527282	0	0	0.116723679413119	0	0	0	0	0	0	0	0	0	0	0	0	0	0.0989123409544824	0.100908993003263
"TCGA-BT-A3PK-01"	0	0.138383341967808	0	0	0	0	0	0	0	0	0	0.0656028181070477	0.191254558539518	0	0	0.462603033195174	0	0	0	0	0	0	0	0	0	0	0	0	0	0	0.142156248190452
"TCGA-BT-A42B-01"	0.302467974078557	0.102769238409991	0	0	0.289377140560953	0	0.102735277030795	0	0	0	0	0	0	0	0	0	0	0	0	0.067979483620513	0.0761017861648412	0	0	0	0	0	0	0	0	0	0.0585691001343491
"TCGA-BT-A42C-01"	0	0.183943714741975	0.331211236585525	0	0	0	0	0	0	0	0	0	0.219091239753898	0	0	0.129176496823472	0	0	0.0828821095566584	0	0	0	0	0	0	0	0	0	0	0	0.0536952025384714
"TCGA-BT-A42E-01"	0.087798741319159	0.299286538713329	0	0	0	0	0	0	0	0	0	0	0.451497846353859	0	0	0	0	0	0	0	0	0	0	0	0	0.0683937442431184	0	0	0	0	0.0930231293705351
"TCGA-BT-A42F-01"	0	0.381496780344674	0	0	0	0	0	0	0	0	0	0.0981244069418199	0.457161238422828	0	0	0	0	0	0	0	0	0	0	0	0	0	0	0	0	0	0.0632175742906783
"TCGA-C4-A0EZ-01"	0.136583520423346	0.222588978123728	0	0	0	0	0	0	0	0	0	0.109670940899668	0.190703933752935	0	0	0	0	0	0	0	0	0	0	0	0	0	0	0	0	0.271866531761054	0.0685860950392694
"TCGA-C4-A0F0-01"	0.113781914233781	0.0773639727486732	0	0	0.412996532280204	0	0	0	0	0	0	0.0908006882312194	0.125438406075434	0	0	0	0	0	0	0	0	0	0	0	0	0	0	0	0	0	0.179618486430688
"TCGA-C4-A0F6-01"	0.0628745820759126	0.12152806640673	0	0	0	0	0.0675777257283917	0	0	0	0	0	0.531654167446771	0	0	0.161212854882536	0	0	0	0	0	0	0	0	0	0	0	0	0	0	0.0551526034596582
"TCGA-CF-A1HR-01"	0	0.324449958372077	0	0	0	0	0	0	0	0	0	0	0.439601448814767	0	0	0.151153924390102	0	0	0	0	0	0	0	0	0	0	0	0	0	0	0.0847946684230538
"TCGA-CF-A1HS-01"	0	0.0743010025589101	0	0	0.291796015734432	0	0	0	0	0	0	0	0.528936880116664	0	0	0	0	0	0	0	0	0	0	0	0	0	0	0	0	0	0.104966101589994
"TCGA-CF-A27C-01"	0	0.366357282184283	0	0	0.0903438129644749	0	0	0	0	0	0	0	0.462139374546602	0	0	0	0	0	0	0	0	0	0	0	0	0	0	0	0	0	0.0811595303046404
"TCGA-CF-A3MF-01"	0.4296572006681	0.165687654662897	0	0	0	0	0	0	0	0	0	0.175554232840185	0	0	0	0	0	0	0.12441385200181	0	0	0	0	0.104687042250545	0	0	0	0	0	0	1.75764622856178e-08
"TCGA-CF-A3MG-01"	0	0.291693272058094	0	0	0	0	0	0	0	0	0	0	0.418931055341509	0	0	0.183971138086247	0	0	0	0	0	0	0	0	0	0	0	0	0	0	0.10540453451415
"TCGA-CF-A3MH-01"	0.282181407437047	0.115001044404866	0	0	0	0	0	0	0	0	0	0	0.220509216403843	0	0	0.287572000756067	0	0	0	0	0	0	0	0	0	0	0	0	0	0	0.0947363309981781
"TCGA-CF-A3MI-01"	0.169869166300887	0.206973144187428	0	0	0	0	0	0	0	0	0	0	0.20439603566145	0	0	0.305569058184504	0	0	0	0	0	0	0	0	0	0	0	0	0	0	0.113192595665731
"TCGA-CF-A47S-01"	0.191153494085911	0	0	0	0	0	0	0	0	0	0	0	0	0	0	0.519165497616734	0	0	0	0	0	0	0	0.200962643046602	0	0	0	0	0	0	0.0887183652507521
"TCGA-CF-A47T-01"	0.12607007100897	0	0	0	0	0	0	0.0885763072236889	0	0.0761586532906297	0	0	0	0	0	0	0	0	0	0	0.0871920485052025	0	0	0	0	0	0	0	0	0.575271429155953	0.0467314908155557
"TCGA-CF-A47V-01"	0	0.254728517896455	0.142320065886328	0	0	0	0.0797764086029384	0	0	0	0	0	0.306404535982171	0	0	0	0	0	0.0953275361173928	0	0	0	0	0	0	0	0	0	0	0	0.121442935514714
"TCGA-CF-A47W-01"	0	0	0	0	0	0.125256360308251	0	0.142923554252817	0	0	0	0	0	0	0	0.115745292920527	0	0	0	0.270520159099711	0	0	0	0	0	0	0.114159613304693	0	0	0.194998426543778	0.0363965935702228
"TCGA-CF-A47X-01"	0	0.336631580431972	0	0	0.164060932051886	0	0	0	0	0	0	0	0.390045016163569	0	0	0	0	0	0	0	0	0	0	0	0	0	0	0	0	0	0.109262471352572
"TCGA-CF-A47Y-01"	0	0	0	0	0	0	0.0761661539450826	0	0	0.081835076276041	0	0	0.351003537997667	0	0	0.425434500795211	0	0	0	0	0	0	0	0	0	0	0	0	0	0	0.0655607309859981
"TCGA-CF-A5U8-01"	0.090782573632542	0	0	0	0	0	0	0	0	0	0	0	0	0	0	0.5737015099531	0	0	0	0	0	0	0	0	0	0	0	0	0	0.240224108833749	0.0952918075806092
"TCGA-CF-A5UA-01"	0.24596006725664	0	0.17823091394278	0	0	0	0	0	0	0	0.0955220554986364	0	0.213213584299061	0	0	0	0	0	0	0	0	0	0	0	0.0936228749826174	0	0	0	0	0	0.173450504020265
"TCGA-CF-A7I0-01"	0.0808065839921075	0.430956692039234	0	0.177865092782675	0	0	0	0	0	0	0	0	0.173029850706829	0	0	0	0	0	0	0	0	0	0	0	0	0	0	0	0	0.12622547120097	0.0111163092781844
"TCGA-CF-A8HX-01"	0	0.454026157201888	0	0	0	0	0	0	0	0	0.0662226446769655	0	0.19329290650816	0	0	0.165158543019169	0	0	0	0	0	0	0	0	0	0	0	0	0	0	0.121299748593817
"TCGA-CF-A8HY-01"	0.113755156086238	0.182725522180958	0	0.0727445674343396	0	0	0	0	0	0	0.0610852397330579	0	0.176006276910401	0	0	0.221541686617141	0	0.172141527867345	0	0	0	0	0	0	0	0	0	0	0	0	2.31705195030685e-08
"TCGA-CF-A9FF-01"	0.0772794197874455	0.416797450822607	0	0	0.0817364025941643	0	0.0648735616342197	0	0	0	0	0	0.303609362923327	0	0	0	0	0	0	0	0	0	0	0	0	0	0	0	0	0	0.0557038022382359
"TCGA-CF-A9FH-01"	0.297920860308952	0	0.219787025853513	0	0	0	0	0	0	0.0864891803225071	0	0	0	0	0	0.13544482729631	0.0815913437838426	0	0	0	0	0.113018540533626	0	0	0	0	0	0	0	0	0.0657482219012487
"TCGA-CF-A9FL-01"	0.191758337815234	0	0	0	0.0924079028964417	0	0	0.10069322856766	0	0	0	0	0	0	0	0	0	0.140673202923573	0	0	0.0778870223638228	0	0.0859808797309627	0	0	0	0	0.0975977645056531	0.0714834522044172	0.106913863528875	0.0346043454633617
"TCGA-CF-A9FM-01"	0	0	0	0	0	0.0897923889836765	0	0	0	0	0	0	0	0	0	0.878376374413408	0	0	0	0	0	0	0	0	0	0	0	0	0	0	0.0318312366029155
"TCGA-CU-A0YN-01"	0.0626482655033691	0	0	0.0834343910786381	0	0	0	0	0	0	0	0	0	0	0	0.606198988181768	0	0	0.0865020355732819	0	0	0	0	0	0	0	0	0	0	0	0.161216319662943
"TCGA-CU-A0YO-01"	0.161883194835202	0.282443354202727	0	0	0	0	0	0	0.148173344103034	0	0	0	0.213404045475841	0	0	0.0732142411588945	0	0	0	0	0	0	0	0	0	0	0	0	0	0	0.120881820224301
"TCGA-CU-A0YR-01"	0	0	0	0	0	0.0734277241211202	0	0	0	0	0	0.154779502789508	0	0	0	0.611374117501964	0	0	0	0	0	0	0	0	0	0	0	0.0717382395105498	0	0	0.0886804160768578
"TCGA-CU-A3KJ-01"	0	0.300308893062709	0	0	0.115514254648199	0	0	0	0	0	0	0	0.437896599011486	0	0	0	0	0	0	0	0	0	0	0	0	0	0	0	0	0	0.146280253277606
"TCGA-CU-A3QU-01"	0.0802698012698085	0.274392545232292	0	0	0	0	0.120861679672736	0	0	0	0	0	0.185984727596705	0	0	0.323356111963871	0	0	0	0	0	0	0	0	0	0	0	0	0	0	0.0151351342645866
"TCGA-CU-A3YL-01"	0.0930600060687154	0.383758312479122	0	0	0	0	0	0	0	0	0	0	0.455761574322817	0	0	0	0	0	0	0	0	0	0	0	0	0	0	0	0	0	0.0674201071293454
"TCGA-CU-A5W6-01"	0	0.452665792612722	0	0	0	0	0	0	0	0	0	0	0.318040353111036	0	0	0.184319805376293	0	0	0	0	0	0	0	0	0	0	0	0	0	0	0.0449740488999493
"TCGA-CU-A72E-01"	0.154720869204539	0.219852230658274	0	0	0.0938945718051048	0	0	0	0	0	0	0	0.40007285414473	0	0	0	0	0	0	0	0	0	0	0	0	0	0	0	0	0.0641257065981056	0.0673337675892465
"TCGA-DK-A1A3-01"	0	0.558696116486672	0.0830019400752189	0	0	0	0	0	0	0	0	0	0.172488852377145	0	0	0	0	0	0	0	0	0	0	0	0	0.0606046268999736	0	0	0	0.0684376040166473	0.0567708601443428
"TCGA-DK-A1A5-01"	0	0.390644726255607	0	0	0.10534831912345	0	0	0	0	0	0	0	0.440216424990482	0	0	0	0	0	0	0	0	0	0	0	0	0	0	0	0	0	0.0637905296304614
"TCGA-DK-A1A6-01"	0.0715799653691564	0.196784433955258	0	0	0	0	0	0	0	0	0	0	0.464084325642576	0	0	0.0967803741837905	0	0	0	0	0	0	0	0	0	0	0	0	0	0.0991605811705763	0.0716103196786426
"TCGA-DK-A1A7-01"	0.0836931730479389	0.137553877493684	0	0	0	0	0	0	0	0	0	0	0	0	0	0.629065645693193	0	0	0	0	0	0	0	0	0	0	0	0	0	0	0.149687303765184
"TCGA-DK-A1AA-01"	0	0.131970324818553	0	0	0.380355446237853	0	0	0	0	0	0	0	0.0663079398046294	0	0	0.0833197570311867	0	0	0	0	0	0	0	0	0	0.117694443522153	0	0	0	0	0.220352088585625
"TCGA-DK-A1AB-01"	0	0.527406991830482	0	0	0	0	0	0	0	0	0	0	0.438047351812181	0	0	0	0	0	0	0	0	0	0	0	0	0	0	0	0	0	0.0345456563573374
"TCGA-DK-A1AC-01"	0	0.712328934703871	0.0815047793624177	0	0	0	0	0	0	0	0	0	0.131674388097261	0	0	0	0	0	0	0	0	0	0	0	0	0	0	0	0	0	0.0744918978364503
"TCGA-DK-A1AD-01"	0	0.243835049595641	0	0	0	0	0	0	0	0	0	0	0.222594745450983	0	0	0.305637611611269	0	0	0	0	0	0	0	0	0	0.084941379379771	0	0	0	0	0.142991213962336
"TCGA-DK-A1AE-01"	0.0814209718079555	0.286908305930173	0	0	0	0	0	0	0	0	0	0	0.300863573216878	0	0	0.145365508168	0	0	0	0	0	0	0	0	0	0	0	0	0	0	0.185441640876994
"TCGA-DK-A1AF-01"	0	0.358120789014926	0	0	0.0862366805461245	0	0	0	0	0	0.0828665991216575	0	0.431201356475566	0	0	0	0	0	0	0	0	0	0	0	0	0	0	0	0	0	0.041574574841726
"TCGA-DK-A1AG-01"	0.119600111007395	0.451299388592584	0	0	0	0	0	0	0	0	0	0	0.357344698839864	0	0	0	0	0	0	0	0	0	0	0	0	0.062453936350617	0	0	0	0	0.00930186520953979
"TCGA-DK-A2HX-01"	0.0977937600974046	0.346610502224199	0	0	0	0	0	0	0	0	0.0716158890286302	0.0739963643717813	0.241197949167061	0	0	0	0	0	0	0	0	0	0	0	0	0	0	0	0	0	0.168785535110923
"TCGA-DK-A2I1-01"	0	0.392132753437823	0	0	0	0	0	0	0	0	0	0	0.431075263798724	0	0	0	0	0	0	0	0	0	0	0	0	0	0	0	0	0	0.176791982763453
"TCGA-DK-A2I2-01"	0	0.286373449595075	0	0	0	0	0.0968800941462619	0	0	0	0	0	0.165895932395084	0	0	0.378507105980749	0	0	0	0	0	0	0	0	0	0	0	0	0	0	0.0723434178828302
"TCGA-DK-A2I4-01"	0	0.58077449514852	0	0	0	0	0	0	0	0	0	0	0.339596615023798	0	0	0	0	0	0	0	0	0	0	0	0	0	0	0	0	0	0.079628889827682
"TCGA-DK-A2I6-01"	0	0.278009022952448	0	0	0	0	0.103190104141064	0	0	0	0	0	0.062435048973987	0	0	0.508546334217091	0	0	0	0	0	0	0	0	0	0	0	0	0	0	0.0478194897154091
"TCGA-DK-A3IK-01"	0.0967425786716812	0.128965202104754	0.427390202977394	0	0	0	0	0	0	0	0	0	0.320965054114088	0	0	0	0	0	0	0	0	0	0	0	0	0	0	0	0	0	0.0259369621320832
"TCGA-DK-A3IL-01"	0	0	0	0	0.470344129038953	0	0	0	0	0	0	0	0.0845565083479678	0	0	0	0	0	0	0	0	0	0	0	0	0	0	0	0.226856540296187	0	0.218242822316892
"TCGA-DK-A3IM-01"	0.0733085335467698	0.060694622135094	0.172150235585282	0.119660052752965	0.130595825599647	0	0	0	0	0	0	0	0	0	0	0	0	0	0.253331541046787	0	0	0	0	0	0	0	0	0	0	0	0.190259189333455
"TCGA-DK-A3IN-01"	0	0.42885269569318	0	0	0.108408425873354	0	0	0	0	0	0	0	0.429236222481712	0	0	0	0	0	0	0	0	0	0	0	0	0	0	0	0	0	0.0335026559517543
"TCGA-DK-A3IQ-01"	0	0.43046689998664	0	0	0	0	0	0	0	0	0	0	0.256294854133469	0	0	0.154297251296786	0	0.0634336015933464	0	0	0	0	0	0	0	0	0	0	0	0	0.0955073929897576
"TCGA-DK-A3IS-01"	0	0.443377682604656	0	0	0.0825766479845204	0	0	0	0	0	0	0	0.414865293590733	0	0	0	0	0	0	0	0	0	0	0	0	0	0	0	0	0	0.0591803758200906
"TCGA-DK-A3IT-01"	0	0.290850589686117	0	0	0.091076702393232	0	0	0	0	0	0	0	0.58207967615731	0	0	0	0	0	0	0	0	0	0	0	0	0	0	0	0	0	0.0359930317633415
"TCGA-DK-A3IU-01"	0	0.497790597114383	0	0	0	0	0	0	0	0	0	0	0.273259406205039	0	0	0.162640294159771	0	0	0	0	0	0	0	0	0	0	0	0	0	0	0.0663097025208071
"TCGA-DK-A3IV-01"	0	0.246586077179224	0	0	0	0	0	0	0	0	0	0	0.26595749723606	0	0	0.154416617186808	0	0	0	0	0	0	0	0	0	0	0	0	0	0.115566344524236	0.217473463873672
"TCGA-DK-A3WW-01"	0	0.516972876857935	0	0	0	0	0	0	0	0	0	0	0.434635771942041	0	0	0	0	0	0	0	0	0	0	0	0	0	0	0	0	0	0.048391351200024
"TCGA-DK-A3WX-01"	0.149721298354287	0.246255184284731	0	0	0	0	0	0	0	0	0	0	0.111342689241814	0	0	0.445341081924858	0	0	0	0	0	0	0	0	0	0	0	0	0	0	0.04733974619431
"TCGA-DK-A3WY-01"	0	0.317627751776838	0.113021021012094	0	0	0	0.0732856723980258	0	0	0	0	0	0.343525780098438	0	0	0	0	0	0	0	0.0863827654082951	0	0	0	0	0	0	0	0	0	0.0661570093063089
"TCGA-DK-A3X1-01"	0	0.462444540101312	0	0	0	0	0	0	0	0.0692777182025612	0	0	0.377814430979995	0	0	0	0	0	0	0	0	0	0	0	0	0	0	0	0	0	0.0904633107161323
"TCGA-DK-A3X2-01"	0.229989217551016	0.09331273201393	0.291648174275692	0	0	0	0	0	0	0	0	0	0.161614100866073	0	0	0	0	0	0	0	0	0	0	0	0	0	0	0	0	0	0.223435775293289
"TCGA-DK-A6AV-01"	0.138890187754719	0.273591558457572	0	0	0	0	0	0	0	0	0	0.0908782901459052	0.228940101664233	0	0	0	0	0	0	0	0	0	0	0	0	0	0	0	0	0	0.26769986197757
"TCGA-DK-A6B0-01"	0	0.137330281403042	0	0	0	0	0	0	0	0	0	0	0	0	0	0.757983740739904	0	0	0	0	0	0	0.0832202242270688	0	0	0	0	0	0	0	0.0214657536299847
"TCGA-DK-A6B1-01"	0.133314332676213	0.283390037739898	0	0	0	0	0.0958772315510608	0	0.182298207049887	0	0	0	0.155940180622558	0	0	0	0	0	0	0	0	0	0	0	0	0.0764541231750306	0	0	0	0	0.0727258871853526
"TCGA-DK-A6B2-01"	0.0758195056652107	0.230463703870839	0.275923882764626	0	0	0	0	0	0	0	0	0	0.141154410014907	0	0	0	0	0	0	0	0	0	0	0	0	0.105859181284524	0	0	0	0	0.170779316399893
"TCGA-DK-A6B5-01"	0	0.308489999341273	0.280330231463258	0	0	0	0	0	0	0	0	0	0.319472814824733	0	0	0	0	0	0	0	0	0	0	0	0	0	0	0	0	0	0.0917069543707356
"TCGA-DK-A6B6-01"	0	0.777064535844462	0	0	0	0	0	0	0	0	0	0	0.201346173800193	0	0	0	0	0	0	0	0	0	0	0	0	0	0	0	0	0	0.0215892903553444
"TCGA-DK-AA6L-01"	0	0.304086766725554	0	0	0.0877254715204378	0	0	0	0	0	0	0	0.556208377596364	0	0	0	0	0	0	0	0	0	0	0	0	0	0	0	0	0	0.0519793841576448
"TCGA-DK-AA6M-01"	0	0.331121009726047	0	0	0	0.370911204187714	0	0	0	0	0	0	0	0	0	0	0	0.106869590569913	0	0	0	0	0	0.0698774470084146	0	0	0	0	0	0	0.121220748507912
"TCGA-DK-AA6P-01"	0	0.401245586397738	0	0	0	0	0	0	0	0	0	0	0.224697497944118	0	0	0.273250718765363	0	0	0	0	0	0	0	0	0	0	0	0	0	0	0.100806196892781
"TCGA-DK-AA6Q-01"	0	0.370572615601087	0	0	0	0	0	0.0660191153783942	0	0	0.0931217654017095	0	0.278029837564703	0	0	0	0	0	0	0	0	0	0	0	0	0	0	0	0	0	0.192256666054107
"TCGA-DK-AA6R-01"	0	0.185873428249959	0	0.204384018142918	0	0	0	0	0	0	0	0	0.148986280408679	0	0	0.234215770689975	0	0	0	0	0	0	0	0.108792272622164	0	0	0	0	0	0	0.117748229886305
"TCGA-DK-AA6S-01"	0	0.36670673701868	0.087857649408581	0	0	0	0	0	0	0	0	0	0.470759918943294	0	0	0	0	0	0	0	0	0	0	0	0	0	0	0	0	0	0.0746756946294452
"TCGA-DK-AA6T-01"	0.247145117498104	0	0.499379123057945	0	0	0	0	0	0	0	0	0	0.217656911615363	0	0	0	0	0	0	0	0	0	0	0	0	0	0	0	0	0	0.0358188478285875
"TCGA-DK-AA6U-01"	0	0.246944992035112	0.155894794014594	0	0	0	0.0662787734462732	0	0	0	0	0	0.237857929588147	0	0	0	0	0	0	0	0	0	0	0.0729747164559102	0	0	0	0	0.0837186048766427	0	0.13633018958332
"TCGA-DK-AA6W-01"	0.112462574438616	0.419206308863313	0	0	0	0	0	0	0	0	0	0	0.379012444253058	0	0	0	0	0	0	0	0	0	0	0	0	0	0	0	0	0	0.0893186724450133
"TCGA-DK-AA6X-01"	0	0.229586975927048	0	0	0	0	0	0	0	0.0965508951366357	0	0	0.431674274089167	0	0	0.123313049608513	0	0	0	0	0	0	0	0	0	0	0	0	0	0.0641312870463641	0.0547435181922724
"TCGA-DK-AA71-01"	0	0.519485864280333	0	0	0	0	0	0	0	0	0	0	0.411367166218626	0	0	0	0	0	0	0	0	0	0	0	0	0	0	0	0	0	0.0691469695010414
"TCGA-DK-AA74-01"	0	0.285493215026673	0	0	0	0	0	0	0	0	0	0	0.478360408809304	0	0	0.18250043326379	0	0	0	0	0	0	0	0	0	0	0	0	0	0	0.0536459429002332
"TCGA-DK-AA76-01"	0.0777032348967254	0.22615235936867	0.232823668136629	0	0	0	0	0.0869637969532342	0	0	0	0	0.255281759191858	0	0	0.0719974479323417	0	0	0	0	0	0	0	0	0	0	0	0	0	0	0.0490777335205415
"TCGA-DK-AA77-01"	0	0.17061404479033	0	0.132659879597115	0	0	0	0.254477118478519	0	0	0	0	0.0936914727945499	0	0	0	0	0	0	0	0	0	0	0	0	0	0	0	0	0.256524123687742	0.0920333606517445
"TCGA-E5-A2PC-01"	0	0.334795535620385	0.386176047094948	0	0	0	0	0	0	0	0	0	0	0	0	0	0	0	0	0	0	0	0	0	0	0.0768126219827397	0	0	0	0	0.202215795301927
"TCGA-E5-A4TZ-01"	0.0992407292299833	0.245104245111772	0	0	0	0	0	0	0	0	0	0	0.47965074427108	0	0	0	0	0	0	0	0	0	0	0	0	0	0	0	0	0	0.176004281387166
"TCGA-E5-A4U1-01"	0	0.384877687983934	0	0	0.113978466114145	0	0	0	0	0	0	0	0.469862273223836	0	0	0	0	0	0	0	0	0	0	0	0	0	0	0	0	0	0.0312815726780853
"TCGA-E7-A3X6-01"	0	0.463148297151022	0	0	0	0	0	0	0	0	0	0	0.344019721243373	0	0	0.11130724244066	0	0	0	0	0	0	0	0	0	0	0	0	0	0	0.0815247391649442
"TCGA-E7-A3Y1-01"	0	0.063527567640077	0	0	0	0	0.0655329817268336	0	0	0	0	0	0.0793676305212867	0	0	0.36571236504961	0	0	0.310419152358197	0	0	0	0	0	0	0	0	0	0	0	0.115440302703995
"TCGA-E7-A4IJ-01"	0	0.289030438553729	0.179736472106625	0.0691951437545354	0	0	0	0	0	0	0	0	0.288565011836199	0	0	0	0	0	0	0	0	0	0	0	0	0	0	0	0	0	0.173472933748912
"TCGA-E7-A4XJ-01"	0.429128852567958	0	0	0	0.0915107772440508	0	0	0	0	0	0	0	0	0	0	0	0.0899995827040175	0	0	0	0	0	0	0	0	0	0	0	0	0.269423743931145	0.119937043552828
"TCGA-E7-A519-01"	0	0.164339054694707	0	0	0	0	0	0	0	0	0	0	0.0920739006660181	0	0	0.534211224779242	0	0	0	0	0	0	0	0	0	0.209375819860034	0	0	0	0	0
"TCGA-E7-A541-01"	0	0.24605329161079	0.211485475464756	0	0	0	0	0	0.10325789361363	0	0	0.0768987349435551	0.222557672619171	0	0	0.0619242382948333	0	0	0	0	0	0	0	0	0	0	0	0	0	0	0.0778226934532639
"TCGA-E7-A5KE-01"	0.12681070245612	0.25686098612375	0.190762763125942	0	0	0	0	0	0	0	0	0	0.119873347918246	0	0	0.247102883887959	0	0	0	0	0	0	0	0	0	0	0	0	0	0	0.0585893164879838
"TCGA-E7-A5KF-01"	0	0.476202556537693	0	0	0.0848325354144173	0	0	0	0	0	0	0	0.348746044931062	0	0	0	0	0	0	0	0	0	0	0	0	0	0	0	0	0	0.0902188631168279
"TCGA-E7-A677-01"	0	0.0979826028296426	0	0	0.375471530360255	0	0	0	0	0	0	0	0	0	0	0.33888182979054	0	0	0.0797389207155432	0	0	0	0	0	0	0	0	0	0	0	0.107925116304019
"TCGA-E7-A678-01"	0.165411651176193	0	0	0	0	0	0	0	0	0	0	0	0	0	0	0.69502997821219	0	0	0	0	0	0	0	0	0	0	0	0	0	0	0.139558370611617
"TCGA-E7-A6MD-01"	0	0.41736101053358	0	0	0.11494937909471	0	0	0	0	0	0	0	0.384138379984315	0	0	0	0	0	0	0	0	0	0	0	0	0	0	0	0	0	0.0835512303873945
"TCGA-E7-A6ME-01"	0.0626560267733301	0	0	0	0	0	0	0	0	0	0.102247494881288	0	0.0707320229789952	0	0	0.733603410841425	0	0	0	0	0	0	0	0	0	0	0	0	0	0	0.030761044524962
"TCGA-E7-A6MF-01"	0	0.611066296184727	0	0	0	0	0	0	0	0.0923934924349619	0	0	0.226004802698905	0	0	0	0	0	0	0	0	0	0	0	0	0	0	0	0	0	0.0705354086814062
"TCGA-E7-A7DU-01"	0	0.547760727063369	0	0	0	0	0	0	0	0	0	0	0.366988915214516	0	0	0	0	0	0	0	0	0	0	0	0	0	0	0	0	0	0.085250357722115
"TCGA-E7-A7DV-01"	0	0.214172786915215	0	0	0	0	0	0	0	0	0	0	0.60083083692528	0	0	0.106935733684068	0	0	0	0	0	0	0	0	0	0	0	0	0	0	0.0780606424754363
"TCGA-E7-A7PW-01"	0.0901084747810069	0.362023854727881	0	0	0	0	0	0	0	0	0	0	0.121263801601101	0	0	0.193196931257625	0	0	0	0	0	0	0	0	0	0	0	0	0.192494041860228	0	0.0409128957721573
"TCGA-E7-A7XN-01"	0	0.385294468716023	0	0	0	0	0	0	0	0	0	0	0.576622697541353	0	0	0	0	0	0	0	0	0	0	0	0	0	0	0	0	0	0.0380828337426238
"TCGA-E7-A8O7-01"	0.156655363321304	0.137475939789329	0	0	0.208579612879009	0	0	0	0	0	0	0	0.184535000135053	0	0	0	0	0	0	0.168674991006083	0	0	0	0	0	0	0	0	0	0	0.144079092869222
"TCGA-E7-A8O8-01"	0.110446338693476	0.193778587654368	0	0	0	0	0	0	0	0	0	0	0.103617834513225	0	0	0.21951339674856	0	0	0	0	0	0.24253149287041	0	0	0	0	0	0	0	0	0.130112349519961
"TCGA-E7-A97P-01"	0	0.0728800121234437	0	0	0	0	0	0	0	0	0	0	0.111290949402235	0	0	0.648271350846827	0	0	0	0	0	0	0	0	0	0	0	0	0	0	0.167557687627494
"TCGA-E7-A97Q-01"	0	0.196060234689961	0	0	0	0	0	0	0	0	0	0.0816791208997637	0.096853753277633	0	0	0.361723764839832	0	0	0.118285316543751	0	0	0	0	0	0	0	0	0	0	0	0.145397809749059
"TCGA-FD-A3B3-01"	0	0.315750266647296	0	0	0	0	0	0	0	0	0	0	0.284288091668729	0	0	0	0	0	0	0	0	0	0	0	0	0.0946615699106299	0	0	0.0631484309474023	0	0.242151640825943
"TCGA-FD-A3B4-01"	0	0.061737438935969	0	0	0	0	0	0.260455637206337	0	0	0	0	0	0	0	0	0	0.424580666778966	0	0	0.0682137802319289	0	0	0	0	0	0	0	0.0917571061687778	0	0.0932553706780211
"TCGA-FD-A3B5-01"	0	0.276594366152573	0.156472706356276	0	0	0	0	0	0	0.0624444461216028	0	0	0.371633189735572	0	0	0.0774146277568581	0	0	0	0	0	0	0	0	0	0	0	0	0	0	0.0554406638771185
"TCGA-FD-A3B6-01"	0	0.267567664136458	0	0	0	0	0	0	0	0	0	0	0.416946708388837	0	0	0.087939023088558	0	0	0	0	0	0	0	0	0	0	0	0	0	0.0767309318517101	0.150815672534437
"TCGA-FD-A3B7-01"	0.113403053858783	0	0.231091921257936	0	0	0	0.079339710323861	0	0.279549003367843	0	0	0	0.142362332438122	0	0	0	0	0	0	0	0.0771306996358501	0	0	0	0	0	0	0	0	0	0.0771232791176039
"TCGA-FD-A3N5-01"	0	0	0	0	0.329593463362293	0	0	0	0	0	0	0.134012559051005	0	0	0	0.266852342234823	0	0	0	0	0	0	0	0	0	0	0	0	0	0	0.269541635351879
"TCGA-FD-A3N6-01"	0.219186192993008	0.271670123409185	0.362385772825911	0	0	0	0	0	0	0.13326915173713	0	0	0	0	0	0	0	0	0	0	0	0	0	0	0	0	0	0	0	0	0.0134887590347645
"TCGA-FD-A3NA-01"	0	0.348104351004907	0	0	0.195421041364849	0	0	0	0	0	0	0	0.417060940962025	0	0	0	0	0	0	0	0	0	0	0	0	0	0	0	0	0	0.039413666668218
"TCGA-FD-A3SJ-01"	0	0.258919965316255	0.145860773130772	0	0	0	0	0	0	0	0	0	0.256847621783669	0	0	0.2222866041446	0	0	0	0	0	0	0	0	0	0	0	0	0	0	0.116085035624703
"TCGA-FD-A3SL-01"	0.092683496800542	0.136555333343734	0.3672823565727	0	0	0	0	0	0	0	0	0	0.143375359663527	0	0	0	0	0	0	0	0	0	0	0	0.0707851959079353	0	0	0	0	0	0.189318257711562
"TCGA-FD-A3SM-01"	0.0718637017547388	0.305692373153497	0	0	0.139151068189848	0	0	0	0	0	0	0	0.461705937993834	0	0	0	0	0	0	0	0	0	0	0	0	0	0	0	0	0	0.0215869189080823
"TCGA-FD-A3SN-01"	0	0.580561899382257	0.118449571128157	0	0	0	0	0	0	0	0	0	0.0853008964940949	0	0	0	0	0	0	0	0	0	0	0	0	0	0	0	0	0	0.215687632995491
"TCGA-FD-A3SO-01"	0	0.511326500078438	0	0	0.0864893532578296	0	0	0	0	0	0	0	0.353978950263897	0	0	0	0	0	0	0	0	0	0	0	0	0	0	0	0	0	0.0482051963998348
"TCGA-FD-A3SP-01"	0.105475614021501	0.296599893962352	0	0	0	0	0	0	0	0	0	0	0.192966064068382	0	0	0.319233091568577	0	0	0	0	0	0	0	0	0	0	0	0	0	0	0.0857253363791888
"TCGA-FD-A3SQ-01"	0.205240907830959	0.243857236239761	0	0	0	0	0	0	0	0	0	0	0.115798195090825	0	0	0.199486184905354	0	0	0	0	0	0	0	0	0	0	0	0	0	0.14325299787937	0.092364478053731
"TCGA-FD-A3SR-01"	0.0949109006840615	0.0982550293439411	0.13219848646274	0	0	0	0.0748450040557144	0	0	0.0720172283502315	0	0	0.377079837997653	0	0	0	0	0	0	0	0	0	0	0	0	0.0807236314423656	0	0	0	0	0.0699698816632927
"TCGA-FD-A3SS-01"	0	0.586207205086079	0	0	0	0	0	0	0	0.0751116122232661	0	0	0.299481400765979	0	0	0	0	0	0	0	0	0	0	0	0	0	0	0	0	0	0.0391997819246755
"TCGA-FD-A43N-01"	0.200662670288313	0.0995512318251651	0	0	0	0	0	0	0	0	0	0	0.353118642007071	0	0	0.196225361952359	0	0	0	0	0	0	0	0	0	0	0	0	0	0	0.150442093927092
"TCGA-FD-A43P-01"	0	0.254325411916056	0	0	0	0	0	0	0	0	0	0	0.423814056415819	0	0	0.0660634591414699	0	0	0	0	0	0	0	0	0	0	0	0	0	0.0769654594152993	0.178831613111355
"TCGA-FD-A43U-01"	0.231755171604565	0.146387420864206	0	0	0.245967079956128	0	0.0704824612536791	0.203065669469062	0	0	0	0	0	0	0	0	0	0	0	0	0	0	0	0	0	0	0	0	0	0	0.102342196852361
"TCGA-FD-A43X-01"	0	0.376477441877618	0	0	0.171145383411346	0	0	0	0	0	0	0	0.399140743945107	0	0	0	0	0	0	0	0	0	0	0	0	0	0	0	0	0	0.0532364307659294
"TCGA-FD-A43Y-01"	0	0.0889009673074024	0	0.0858951624398111	0.395640618799102	0	0	0	0	0	0	0	0	0	0	0	0	0	0	0.158634906990508	0	0	0	0	0	0	0	0.146230987905727	0	0	0.124697356557449
"TCGA-FD-A5BR-01"	0.113054833671523	0.103710512361823	0	0	0	0	0	0.322465054060125	0	0	0	0	0	0	0	0.155222438112303	0	0	0	0	0	0	0	0	0	0	0	0	0.15144008030166	0	0.154107081492566
"TCGA-FD-A5BS-01"	0	0.525076062960889	0.15723087641999	0	0	0	0	0	0	0.0875859417902901	0.126428733127121	0	0.0733045851650608	0	0	0	0	0	0	0	0	0	0	0	0	0	0	0	0	0	0.030373800536649
"TCGA-FD-A5BT-01"	0.124812742860312	0.227509647982211	0	0	0	0	0	0	0	0	0	0	0.391174800696792	0	0	0.214164935869713	0	0	0	0	0	0	0	0	0	0	0	0	0	0	0.0423378725909714
"TCGA-FD-A5BU-01"	0.248389128182273	0.123428113066444	0	0	0	0	0	0	0	0	0	0	0.145715146106824	0	0	0.112988512688946	0	0	0	0.106801578051624	0	0	0	0	0	0	0	0	0.150276570529052	0.0901468201855981	0.0222541311892388
"TCGA-FD-A5BV-01"	0	0	0	0	0	0	0	0	0.0918577307044952	0	0	0	0.10890226304606	0	0	0.344738116436764	0	0	0	0	0	0	0	0.120319416856861	0	0	0.0683528989708942	0	0	0.104087504611077	0.161742069373848
"TCGA-FD-A5BX-01"	0	0.429814714941802	0	0	0	0	0	0	0	0.0774278689896157	0	0	0.433616116062815	0	0	0	0	0	0	0	0	0	0	0	0	0	0	0	0	0	0.0591413000057672
"TCGA-FD-A5BY-01"	0	0.306004748295397	0	0	0	0	0	0	0	0.0935949186442065	0	0	0.167988854149391	0	0.154556456191754	0	0	0.10593482526585	0	0	0	0	0	0	0	0	0	0	0	0.137097630435223	0.0348225670181784
"TCGA-FD-A5BZ-01"	0.106177794538321	0.198574946106365	0.178231956376787	0	0	0	0.0839137612428101	0	0	0	0	0	0.260383058106051	0	0.0681128818437792	0	0	0	0	0	0	0	0	0	0	0	0	0	0	0	0.104605601785887
"TCGA-FD-A5C0-01"	0.131753261086185	0.129402343710327	0	0	0	0	0.0740632368848144	0	0	0	0	0.237587434534867	0	0	0	0.292000883551116	0	0	0	0	0	0	0.0945925876136418	0	0	0	0	0	0	0	0.0406002526190481
"TCGA-FD-A5C1-01"	0.188140011533227	0.220885145644211	0.0837089234275841	0	0	0	0	0	0	0	0	0	0.308574971238639	0	0	0.103377518069241	0	0	0	0	0	0	0	0	0	0	0	0	0	0	0.0953134300870981
"TCGA-FD-A62N-01"	0	0.112996621208779	0	0.110580894860786	0.321940493191298	0	0	0	0	0.063146923358784	0	0	0.0924972307133324	0	0	0	0	0	0	0	0	0	0.0727058449796313	0	0	0	0	0	0.079187394157738	0	0.146944597529651
"TCGA-FD-A62O-01"	0.0949842629595788	0.337666184718985	0	0	0	0	0	0	0	0	0	0	0.331146289420668	0	0	0	0	0	0	0	0	0	0	0	0	0.067479819089396	0	0	0	0	0.168723443811372
"TCGA-FD-A62P-01"	0	0.344762870727249	0	0	0.142468752964906	0	0	0	0	0	0	0	0.444606421129642	0	0	0	0	0	0	0	0	0	0	0	0	0	0	0	0	0	0.0681619551782031
"TCGA-FD-A62S-01"	0.113665811639388	0	0	0	0	0	0.0737308666349037	0	0	0	0	0	0.0710356797027977	0	0	0.437979049478682	0	0	0	0	0	0	0	0.144487122444725	0	0.0902182943550188	0	0	0	0	0.0688831757444845
"TCGA-FD-A6TA-01"	0	0.391541857092414	0	0	0	0	0	0	0	0	0	0	0.564147831083093	0	0	0	0	0	0	0	0	0	0	0	0	0	0	0	0	0	0.0443103118244936
"TCGA-FD-A6TB-01"	0	0.36716606692645	0	0	0	0	0	0	0	0	0	0	0.525237267688962	0	0	0	0	0	0	0	0	0	0	0	0	0	0	0	0	0	0.107596665384587
"TCGA-FD-A6TC-01"	0	0.389465708532438	0	0	0	0	0	0	0	0	0	0	0.503825682612604	0	0	0	0	0	0	0	0	0	0	0	0	0	0	0	0	0	0.106708608854958
"TCGA-FD-A6TD-01"	0.090525181414424	0.435922625803169	0	0	0	0	0	0	0	0	0	0	0.198607218083544	0	0	0	0	0	0	0	0	0	0	0.0651711336346873	0	0.140322977747687	0	0	0	0	0.069450863316488
"TCGA-FD-A6TE-01"	0	0.362798789302257	0	0	0	0	0	0	0	0	0	0	0.494645007187204	0	0	0	0	0	0	0	0	0	0	0	0	0	0	0	0	0	0.142556203510539
"TCGA-FD-A6TF-01"	0	0.151089977670691	0.128426097859965	0	0	0	0.0720152725267748	0	0	0	0	0	0.416384472001015	0	0	0.0912187040837916	0	0	0	0	0	0	0	0	0	0	0	0	0	0	0.140865475857762
"TCGA-FD-A6TG-01"	0	0.249977142111746	0	0	0	0	0	0	0	0	0	0	0.34799047382188	0	0	0.266954783089631	0	0	0	0	0	0	0	0	0	0	0	0	0	0	0.135077600976743
"TCGA-FD-A6TH-01"	0.0938916343987802	0.346766349077291	0	0	0	0	0	0	0	0	0	0	0.23646463133555	0	0	0.0978968138228145	0	0	0	0	0	0	0	0	0	0	0	0	0	0.0958702587111425	0.129110312654422
"TCGA-FD-A6TI-01"	0.143380364210376	0	0	0	0	0	0	0.130280572830317	0	0.0600409506521877	0	0	0	0	0	0.373002714444635	0	0	0.22038287263691	0	0	0	0	0	0	0	0	0	0	0	0.0729125252255731
"TCGA-FD-A6TK-01"	0.0961518767509975	0.301417416876341	0	0	0	0	0	0	0	0	0	0	0.261107303922723	0	0	0.258077563189924	0	0	0	0	0	0	0	0	0	0	0	0	0	0	0.0832458392600141
"TCGA-FJ-A3Z7-01"	0	0.375676286097969	0	0	0	0	0	0	0	0	0	0	0.351447244509237	0	0	0	0	0	0	0	0	0	0	0	0	0	0	0	0	0.161788544270097	0.111087925122697
"TCGA-FJ-A3Z9-01"	0.274678692927564	0.214581055046232	0	0	0	0.105327395914589	0	0	0	0	0	0	0.148109409474037	0.0716229069785492	0	0	0	0.0693453515328931	0	0	0	0	0	0	0	0	0	0	0	0	0.116335188126137
"TCGA-FJ-A3ZE-01"	0	0	0.465167483723036	0	0	0	0	0	0	0	0	0	0	0.076122738601835	0	0	0	0	0	0	0	0	0.0747732299743665	0.0650552652003349	0	0	0	0	0.205324625700052	0	0.113556656800375
"TCGA-FJ-A3ZF-01"	0	0.346010823451351	0.072646364780734	0	0	0	0	0.135158066445815	0	0	0	0	0.232130035165947	0	0	0	0	0	0	0	0	0	0	0	0	0.0893475468422679	0	0	0	0	0.124707163313885
"TCGA-FJ-A871-01"	0.147685779852619	0	0	0	0	0	0	0	0	0	0	0	0	0	0	0.724908684512211	0	0	0	0	0	0	0	0	0	0	0	0	0	0	0.12740553563517
"TCGA-FT-A3EE-01"	0.0870483886597961	0.210868288930125	0	0	0.215896179399208	0	0.0735567899141493	0	0	0	0	0	0	0	0	0.231530256599083	0	0	0	0	0	0	0	0	0	0	0	0	0	0	0.181100096497638
"TCGA-FT-A61P-01"	0	0.191239803043114	0	0	0.308279554344514	0	0.0700670749832954	0	0.0875511492073653	0	0	0	0.148554137643996	0	0	0	0	0	0	0.116544606515456	0	0	0	0	0	0	0	0	0	0	0.0777636742622587
"TCGA-G2-A2EC-01"	0	0.387383938696856	0	0	0	0	0	0	0	0	0	0	0.289222885918792	0	0	0	0	0	0	0	0	0	0	0	0	0.111179679490277	0	0	0	0	0.212213495894075
"TCGA-G2-A2EF-01"	0	0.451766281797923	0	0	0.109890355519291	0	0	0	0	0	0	0	0.358756574010215	0	0	0	0	0	0	0	0	0	0	0	0	0	0	0	0	0	0.0795867886725707
"TCGA-G2-A2EJ-01"	0	0.215851459176786	0	0	0	0	0.0659142318780701	0	0	0	0	0	0.478604216181299	0	0	0	0	0	0	0	0	0	0	0	0	0	0	0	0	0	0.239630092763846
"TCGA-G2-A2EK-01"	0.245550866922357	0.152447374474727	0	0	0	0	0	0	0	0	0	0.152258038592428	0.374663630713341	0	0	0	0	0	0	0	0	0	0	0	0	0	0	0	0	0	0.0750800892971468
"TCGA-G2-A2EL-01"	0	0.209531049330984	0	0	0.119656806003441	0	0.0732188625829726	0	0	0	0	0	0.5613122410363	0	0	0	0	0	0	0	0	0	0	0	0	0	0	0	0	0	0.0362810410463021
"TCGA-G2-A2EO-01"	0	0.483234560509219	0	0	0	0	0	0	0	0	0	0	0.455288090420331	0	0	0	0	0	0	0	0	0	0	0	0	0	0	0	0	0	0.0614773490704503
"TCGA-G2-A2ES-01"	0	0.339184274994432	0	0	0	0	0	0	0	0	0	0	0	0	0	0.376750310306228	0	0	0	0	0	0	0	0	0	0	0	0	0	0	0.28406541469934
"TCGA-G2-A3IB-01"	0	0.180695657353102	0	0	0	0	0.0968068137009203	0.083355648726335	0	0	0	0	0.0884289678865526	0	0	0	0	0.307207111060224	0	0	0	0	0	0	0	0	0	0	0.215946342116696	0	0.0275594591561703
"TCGA-G2-A3IE-01"	0	0.360300029809629	0	0	0.122347869715707	0	0	0	0	0	0	0	0.401619850662299	0	0	0	0	0	0	0	0	0	0	0	0	0	0	0	0	0	0.115732249812365
"TCGA-G2-A3VY-01"	0	0.202976074190338	0.146680596186987	0	0	0	0	0	0	0	0	0	0.543389367886579	0	0	0	0	0	0	0	0	0	0	0	0	0	0	0	0	0	0.106953961736095
"TCGA-G2-AA3B-01"	0	0.247358209310463	0	0	0	0	0	0	0	0	0	0	0.588845226480948	0	0	0.123382003388191	0	0	0	0	0	0	0	0	0	0	0	0	0	0	0.0404145608203983
"TCGA-G2-AA3C-01"	0	0.264860473141554	0	0	0.104258636295441	0	0	0	0	0	0	0	0.494832095315348	0	0	0	0	0	0	0	0	0	0	0	0	0	0	0	0	0	0.136048795247657
"TCGA-G2-AA3D-01"	0	0.203382453690852	0.0817443054303045	0	0	0	0	0	0	0	0	0	0.6700528414859	0	0	0	0	0	0	0	0	0	0	0	0	0	0	0	0	0	0.0448203993929432
"TCGA-G2-AA3F-01"	0.108442310996768	0.21332446786036	0.215689892326907	0	0	0	0	0	0	0	0	0	0.291956077718791	0	0	0	0	0	0.0871568772560894	0	0	0	0	0	0	0	0	0	0	0	0.0834303738410848
"TCGA-GC-A3BM-01"	0.282013679770751	0.242598573174386	0	0	0	0	0	0	0	0	0	0	0.177535808866114	0	0	0	0	0	0	0	0	0	0	0	0	0.10257587304008	0.0786211538299959	0	0	0	0.116654911318673
"TCGA-GC-A3I6-01"	0	0.414935936370256	0	0	0.131549882622942	0	0	0	0	0	0.0673755084747448	0	0.323514561244378	0	0	0	0	0	0	0	0	0	0	0	0	0	0	0	0	0	0.0626241112876792
"TCGA-GC-A3OO-01"	0	0.644965155290561	0.071372382290872	0	0	0	0	0	0	0	0.120945333382889	0	0.155726934609952	0	0	0	0	0	0	0	0	0	0	0	0	0	0	0	0	0	0.00699019442572579
"TCGA-GC-A3RB-01"	0.0883859368752498	0.37927806573689	0	0	0	0	0	0	0	0	0	0	0.312886268488603	0	0	0	0	0	0	0	0	0	0	0	0	0	0	0	0	0.0605672976811059	0.158882431218151
"TCGA-GC-A3RC-01"	0	0.271860887643136	0	0	0	0	0	0	0	0	0	0.214557312278986	0.166672872138765	0	0	0.132364760114109	0	0	0	0	0	0	0	0	0	0	0	0	0	0.150036889803534	0.0645072780214704
"TCGA-GC-A3RD-01"	0.104248481592255	0.400104461639091	0	0.0730440885966338	0	0	0	0	0	0	0	0	0.161847103165819	0	0.104308127786679	0	0	0	0	0	0	0	0	0.0725460036865197	0	0	0	0	0	0	0.0839017335330023
"TCGA-GC-A3WC-01"	0	0.266274253083563	0	0	0	0	0	0	0	0	0	0	0.275792520307972	0	0	0.180541420853582	0	0	0.0696216246308437	0	0	0	0	0	0	0	0	0	0	0.0935802434061792	0.114189937717861
"TCGA-GC-A3YS-01"	0.0716019085209079	0.25041690095149	0.137384378083089	0	0	0	0	0	0	0	0	0	0.387211669981824	0	0	0	0	0	0	0	0	0	0	0	0	0	0	0	0	0	0.153385142462689
"TCGA-GC-A4ZW-01"	0	0.217825467542726	0	0	0.114984384535892	0	0	0	0	0	0	0	0.626944400043278	0	0	0	0	0	0	0	0	0	0	0	0	0	0	0	0	0	0.0402457478781046
"TCGA-GC-A6I1-01"	0	0.409886671473223	0	0	0.188890196830723	0	0	0	0	0	0	0	0.348058939835098	0	0	0	0	0	0	0	0	0	0	0	0	0	0	0	0	0	0.053164191860956
"TCGA-GC-A6I3-01"	0.0600469110692219	0.142032274260537	0	0	0	0	0	0.142577807632175	0	0	0	0	0.310880349725961	0	0	0.25568231290668	0	0	0	0	0	0	0	0	0	0	0	0	0	0	0.0887803444054256
"TCGA-GD-A2C5-01"	0	0.251216515981645	0	0	0	0	0.107762904045013	0	0	0	0	0	0.42087423746483	0	0	0.0883961961406633	0	0	0	0	0	0	0	0	0	0	0	0	0	0	0.131750146367849
"TCGA-GD-A3OP-01"	0	0.481742652809665	0	0	0	0	0	0	0	0	0	0	0.250804643521612	0	0	0.117287671075512	0	0	0	0	0	0	0	0	0	0	0	0	0	0	0.150165032593211
"TCGA-GD-A3OQ-01"	0.184109090707147	0.206975479460475	0.0961318341240835	0	0	0	0.0634928622262169	0	0	0	0	0	0.417870857813577	0	0	0	0	0	0	0	0	0	0	0	0	0	0	0	0	0	0.0314198756685016
"TCGA-GD-A3OS-01"	0.13030119614923	0.214363195114731	0	0	0.355486379061476	0	0	0.0618836728780026	0	0	0	0	0.0703044742214917	0	0	0	0	0	0	0	0	0	0	0	0	0	0	0.0924886150875567	0	0	0.0751724674875121
"TCGA-GD-A6C6-01"	0	0.306792198692322	0	0	0.196157384023809	0	0	0	0	0	0	0	0.411100001562164	0	0	0	0	0	0	0	0	0	0	0	0	0	0	0	0	0	0.0859504157217054
"TCGA-GD-A76B-01"	0.0774327222307359	0.32879273135369	0.0611390613970973	0	0	0	0	0	0	0	0.0642538357408495	0	0.284645584025128	0	0	0.130123420524368	0	0	0	0	0	0	0	0	0	0	0	0	0	0	0.053612644728131
"TCGA-GU-A42P-01"	0	0.482775716341906	0	0	0	0	0	0	0	0	0	0	0.2695360295407	0	0	0	0	0	0	0	0	0	0	0	0	0	0	0	0	0.0920195656080913	0.155668688509302
"TCGA-GU-A42Q-01"	0	0.2292192052996	0	0	0	0	0	0	0	0	0	0	0.462018919406257	0	0	0	0	0	0	0	0	0	0	0	0	0	0	0	0	0.0965234721571131	0.21223840313703
"TCGA-GU-A42R-01"	0	0.310189270179702	0	0	0	0	0	0	0	0	0	0.14875696076353	0.291883799976626	0	0	0	0	0	0	0	0	0	0	0	0	0	0	0	0	0.126588651563738	0.122581317516403
"TCGA-GU-A762-01"	0.140576806772792	0.128739546430122	0.236615274915047	0	0	0	0	0	0	0	0	0	0.262833892051526	0	0	0	0	0.0979903160473577	0	0	0	0	0	0	0	0	0	0	0	0.0724625900880571	0.0607815736950971
"TCGA-GU-A763-01"	0.115836220850854	0.121754719404896	0.126029810516235	0.0842562353484143	0	0	0	0	0	0	0.141524361542173	0	0.234600636825396	0	0	0	0	0	0	0	0	0	0	0	0	0.0795742426167245	0	0	0.060409738827763	0	0.0360140340675436
"TCGA-GU-A764-01"	0	0.1852803850301	0.235775554700109	0	0	0	0	0	0	0	0	0	0.260784597747409	0	0	0	0	0	0	0	0	0	0	0	0	0	0	0	0	0	0.318159462522383
"TCGA-GU-A766-01"	0	0.343532665596139	0	0	0	0	0.0930880060366893	0	0	0	0	0	0.447385089854001	0	0	0	0	0	0	0	0	0	0	0	0	0	0	0	0	0	0.115994238513171
"TCGA-GU-A767-01"	0	0.135373092437204	0.186932699318498	0	0	0	0	0.0742562366857732	0	0	0	0	0.267302374428137	0	0	0.0670609874514494	0	0	0	0	0	0	0	0	0	0	0	0	0.124465283627755	0	0.144609326051182
"TCGA-GU-AATO-01"	0	0.413503840488901	0	0	0	0	0.0789341874717312	0	0	0	0	0	0.414166703011229	0	0	0	0	0	0	0	0	0	0	0	0	0	0	0	0	0	0.093395269028139
"TCGA-GU-AATP-01"	0	0.441614048864151	0	0	0.17803796265542	0	0.0605191045068208	0	0	0	0	0	0.288579931836988	0	0	0	0	0	0	0	0	0	0	0	0	0	0	0	0	0	0.03124895213662
"TCGA-GU-AATQ-01"	0	0.124468402187631	0.154964062545608	0	0	0	0.0935807041575795	0	0	0	0	0	0.418694405469498	0	0	0.077019207879883	0	0	0	0	0	0	0	0	0	0.0845132283929594	0	0	0	0	0.0467599893668408
"TCGA-GV-A3JV-01"	0.428884380490903	0.283385548621853	0	0	0	0	0	0	0	0	0	0	0	0	0	0.210030025102543	0	0	0	0	0	0	0	0	0	0	0	0	0	0	0.0777000457847006
"TCGA-GV-A3JW-01"	0	0.219377646132137	0.224966290118153	0	0	0.0747629015653213	0	0	0	0.0926348367199549	0	0	0.257688361527892	0	0	0	0	0	0	0	0	0	0	0	0	0	0	0	0	0	0.130569963936542
"TCGA-GV-A3JX-01"	0	0.230150295630055	0	0	0.126515873131741	0	0.0919764382889923	0	0	0	0	0	0.502478637766553	0	0	0	0	0	0	0	0	0	0	0	0	0	0	0	0	0	0.0488787551826585
"TCGA-GV-A3JZ-01"	0	0.382879343555978	0	0	0.099488117975868	0	0	0	0	0	0	0	0.396436744052075	0	0	0	0	0	0	0	0	0	0	0	0	0	0	0	0	0	0.121195794416078
"TCGA-GV-A3QF-01"	0	0.068125747935932	0	0.135645857415678	0.256587100056943	0	0	0	0.0834071914727138	0	0	0.0964274050042331	0.121144246496586	0	0	0	0	0	0.149827495473833	0	0	0	0	0	0	0	0	0	0	0	0.0888349561440812
"TCGA-GV-A3QG-01"	0.102566763487939	0.170183796522694	0	0	0	0	0	0	0	0	0	0	0.13488134057136	0	0	0.57074254016724	0	0	0	0	0	0	0	0	0	0	0	0	0	0	0.0216255592507678
"TCGA-GV-A3QH-01"	0.136837832401921	0.207918392431161	0	0	0	0	0	0	0	0	0	0	0.439804844582438	0	0	0.175089407368189	0	0	0	0	0	0	0	0	0	0	0	0	0	0	0.0403495232162907
"TCGA-GV-A3QI-01"	0	0.0999435032347719	0	0.10726219780775	0	0	0	0	0	0	0	0	0.160491019379234	0	0	0.302992658297034	0	0	0.137532998362382	0	0	0	0	0	0.113558605667005	0	0	0	0	0	0.0782190172518233
"TCGA-GV-A3QK-01"	0.136237897610809	0.28217309028935	0.0867952445867868	0	0	0	0	0	0	0	0.0740288917354353	0	0.203852191794341	0	0	0.134136590550953	0	0	0	0	0	0	0	0	0	0	0	0	0	0	0.0827760934323251
"TCGA-GV-A40E-01"	0	0.106030045460496	0.272358015951065	0	0	0	0	0	0	0	0.0621784361796639	0	0.381543023961404	0	0	0	0	0	0	0	0	0	0	0	0	0.073445734636815	0	0	0	0	0.104444743810556
"TCGA-GV-A40G-01"	0.158986425993438	0.233264068373247	0.0635559888728702	0.0947555711074197	0	0	0.0964862344446212	0	0	0	0.0679748263066332	0	0.105778471718877	0	0	0	0	0	0	0	0	0	0	0	0	0.147824865955014	0	0	0	0	0.0313735472278799
"TCGA-GV-A6ZA-01"	0	0.350953627215016	0	0	0.0796078115707066	0	0	0	0	0	0	0	0.392718847872019	0	0	0	0.0628907408399045	0	0	0	0	0	0	0	0	0	0	0	0	0	0.113828972502353
"TCGA-H4-A2HO-01"	0.141021268907487	0.294885828409681	0	0	0	0	0	0	0	0	0	0.0794551470668822	0.125488109608142	0	0	0.207924058646232	0	0.0848086375888676	0	0	0	0	0	0	0	0	0	0	0	0.066416949772709	0
"TCGA-H4-A2HQ-01"	0	0.291327555660747	0.197360100457204	0	0	0	0	0	0	0	0	0	0.298988623263649	0	0	0.0816957661983682	0	0	0	0	0	0	0	0	0	0	0	0	0	0	0.130627954420032
"TCGA-HQ-A2OE-01"	0.084072538728012	0.215734595829295	0.274163079360199	0	0	0	0	0	0	0	0	0	0.278793832862889	0	0	0	0	0	0	0	0	0	0	0	0	0	0	0	0	0	0.147235953219604
"TCGA-HQ-A2OF-01"	0.578859723454172	0.0817411601206551	0	0	0	0	0	0.141551867151279	0	0	0.0774519060252757	0	0.100463022867442	0	0	0	0	0	0	0	0	0	0	0	0	0	0	0	0	0	0.019932320381176
"TCGA-HQ-A5ND-01"	0	0.165002440321434	0	0	0.0784908041008052	0.0625859884172816	0	0	0	0.0668654146404741	0	0.108588374520703	0.15771108678616	0	0	0	0	0.0951124568290634	0	0	0.074743476567361	0	0	0	0	0	0	0	0	0.102679852638583	0.0882201051781347
"TCGA-HQ-A5NE-01"	0	0.475369457801412	0	0	0.0851658882761803	0	0	0	0	0	0	0	0.395431633550455	0	0	0	0	0	0	0	0	0	0	0	0	0	0	0	0	0	0.0440330203719523
"TCGA-K4-A3WS-01"	0	0.213827669048297	0.39179770041078	0	0	0	0	0	0	0	0	0	0.253675973282616	0	0	0	0	0	0	0	0	0	0	0	0	0	0	0	0	0	0.140698657258308
"TCGA-K4-A3WU-01"	0.123727217974439	0.226939406512055	0.174610192888482	0	0	0	0	0	0	0	0	0	0.384712248154102	0	0	0	0	0	0	0	0	0	0	0	0	0	0	0	0	0	0.0900109344709219
"TCGA-K4-A3WV-01"	0.259063529359543	0.159925915909434	0	0	0	0	0	0	0	0.0796522483883546	0	0	0	0	0	0	0	0.159843680884716	0	0	0	0.140442396234376	0.0771022321163785	0	0	0.0757207203874323	0	0	0	0	0.0482492767197654
"TCGA-K4-A4AB-01"	0.0980034126546344	0.19493198100738	0	0	0.328104835140122	0	0	0	0	0	0.108157510624488	0	0.0890197919299564	0	0	0.120899757632274	0	0	0	0	0	0	0	0	0	0	0	0	0	0	0.0608827110111451
"TCGA-K4-A4AC-01"	0.0688751304092922	0.211524211066034	0	0	0	0	0	0	0	0.0660681670381848	0	0.128689691703671	0.266924594947483	0	0	0	0	0	0	0	0	0	0	0	0	0	0	0	0	0.212874529910599	0.0450436749247358
"TCGA-K4-A54R-01"	0	0.439726691476723	0	0	0	0	0	0	0	0	0	0	0.469883526666718	0	0	0	0	0	0	0	0	0	0	0	0	0	0	0	0	0	0.090389781856559
"TCGA-K4-A5RH-01"	0	0.487216044198824	0	0	0	0	0	0	0	0.0680868199415406	0	0	0.173334076035022	0	0	0.0998702102627585	0	0	0	0	0	0	0	0	0	0	0	0	0	0	0.171492849561855
"TCGA-K4-A5RI-01"	0	0.162798749410395	0	0	0	0.133075331522974	0.0772779094599046	0	0	0	0	0	0.204045058085168	0	0	0.162973865490457	0	0	0	0	0	0	0	0	0.065444185348848	0	0	0	0	0	0.194384900682253
"TCGA-K4-A5RJ-01"	0	0.343118234741172	0	0	0.159337386426087	0	0	0	0	0	0	0	0.4369904127342	0	0	0	0	0	0	0	0	0	0	0	0	0	0	0	0	0	0.0605539660985404
"TCGA-K4-A6FZ-01"	0	0.247156364885797	0.213279074583695	0	0	0	0	0	0	0	0	0.122228024100377	0.162616911253189	0	0	0	0	0	0	0	0.146289379395784	0.0779506051243462	0	0	0	0	0	0	0	0	0.0304796406568122
"TCGA-K4-A6MB-01"	0	0.369142837344991	0	0	0	0	0	0	0	0	0	0	0.356769131837311	0	0	0.0951232970401115	0	0	0	0	0	0	0	0	0	0	0	0	0	0	0.178964733777587
"TCGA-K4-A83P-01"	0	0.248964566487402	0	0	0	0	0	0	0	0	0	0	0.277718594529467	0	0	0.239183667868232	0	0	0	0	0	0	0	0	0.0617975628421532	0.102547812576679	0	0	0	0	0.0697877956960666
"TCGA-K4-AAQO-01"	0	0.164109772088011	0	0	0	0	0.117991825726659	0	0	0	0	0	0.371886452335896	0	0	0.21104922240891	0	0	0	0	0	0	0	0	0	0	0	0	0	0	0.134962727440525
"TCGA-KQ-A41N-01"	0.062101652762312	0.127604390236486	0	0	0	0	0	0	0	0	0	0	0.0941961583547178	0	0	0.697966465113417	0	0	0	0	0	0	0	0	0	0	0	0	0	0	0.0181313335330674
"TCGA-KQ-A41O-01"	0.11401115869178	0.193029480269799	0	0	0	0	0	0.0867671755812599	0	0	0	0	0.529509843847813	0	0	0	0	0	0	0	0	0	0	0	0	0	0	0	0	0	0.0766823416093493
"TCGA-KQ-A41P-01"	0	0.360371558087749	0	0	0	0	0	0	0	0	0	0	0.432670364203287	0	0	0	0.102058601691538	0	0	0	0	0	0	0	0	0	0	0	0	0	0.104899476017426
"TCGA-KQ-A41Q-01"	0.120268635240625	0.249778651853474	0.0893432442865639	0	0	0	0	0	0	0	0	0	0.311493804901768	0	0	0.104187829414716	0	0	0	0	0	0	0	0	0	0	0	0	0	0	0.124927834302853
"TCGA-KQ-A41R-01"	0	0.49620995643943	0.109628731355823	0	0	0	0	0	0	0	0	0	0	0	0	0.197209085180885	0	0	0	0	0	0	0	0	0	0	0	0	0	0	0.196952227023861
"TCGA-KQ-A41S-01"	0	0.352704117210396	0	0	0	0	0	0	0	0	0	0	0.485402641198833	0	0	0	0	0	0	0	0	0	0	0	0	0	0	0	0	0	0.161893241590771
"TCGA-LC-A66R-01"	0.0888660340785205	0.225114098909422	0	0	0	0	0	0	0.108739283962595	0	0	0	0.379414969679134	0	0	0	0	0	0	0	0	0	0	0	0	0.084269521484816	0	0	0	0	0.113596091885512
"TCGA-LT-A5Z6-01"	0	0.459448773620606	0	0	0	0	0	0.0829143924379265	0	0	0	0	0.399321461861486	0	0	0	0	0	0	0	0	0	0	0	0	0	0	0	0	0	0.0583153720799812
"TCGA-LT-A8JT-01"	0.109390789782211	0.201468411647854	0	0	0	0	0	0	0	0	0	0	0.212679209379685	0	0	0	0	0	0.153351194217913	0.101556104474346	0	0	0	0	0	0	0	0	0	0.0978850842069049	0.123669206291087
"TCGA-MV-A51V-01"	0	0.177162357942868	0	0	0	0	0	0	0	0	0	0	0.689930613318331	0	0	0	0	0	0	0	0	0	0	0	0	0	0	0	0	0	0.132907028738801
"TCGA-PQ-A6FI-01"	0	0.22665250108828	0.0744824056137186	0	0	0	0	0.0952657474690917	0	0	0	0	0.270452716395336	0	0	0.219042007018731	0	0	0	0	0	0	0	0	0	0	0	0	0	0	0.114104622414843
"TCGA-PQ-A6FN-01"	0	0.253745263452089	0.0983707985799743	0	0	0	0.104917949387149	0	0	0	0	0.0628679472026983	0.155741657358652	0	0	0	0	0	0.0965525901668104	0	0	0	0	0.0948213899978689	0	0	0	0	0	0	0.132982403854759
"TCGA-R3-A69X-01"	0	0.277195266197728	0	0	0.0834651263775771	0	0	0	0	0	0	0	0.559139733210164	0	0	0	0	0	0	0	0	0	0	0	0	0	0	0	0	0	0.0801998742145308
"TCGA-S5-A6DX-01"	0	0.363173632141955	0	0	0.100364800342561	0	0	0	0	0	0	0	0.450193744421628	0	0	0	0	0	0	0	0	0	0	0	0	0	0	0	0	0	0.0862678230938568
"TCGA-S5-AA26-01"	0.0870263535649849	0.298231127138402	0	0	0	0	0	0	0	0	0	0	0.562500778175337	0	0	0	0	0	0	0	0	0	0	0	0	0	0	0	0	0	0.0522417411212764
"TCGA-SY-A9G0-01"	0.211827620524725	0.137644200082754	0.064817431070925	0	0	0	0	0	0	0	0	0	0.383296870670821	0	0	0.132265796925494	0	0	0	0	0	0	0	0	0	0	0	0	0	0	0.0701480807252808
"TCGA-SY-A9G5-01"	0	0.455272608659354	0	0	0	0	0	0	0	0	0	0	0.507580435552186	0	0	0	0	0	0	0	0	0	0	0	0	0	0	0	0	0	0.0371469557884601
"TCGA-UY-A78K-01"	0	0.143603945994479	0.223233117412838	0	0	0	0	0	0	0	0	0.281573114501583	0.148431059018801	0	0	0	0	0	0	0	0	0	0	0	0	0	0	0	0	0	0.203158763072298
"TCGA-UY-A78L-01"	0	0.418295036195585	0	0	0.181484120474028	0	0	0	0	0	0	0	0.354568395719207	0	0	0	0	0	0	0	0	0	0	0	0	0	0	0	0	0	0.0456524476111803
"TCGA-UY-A78M-01"	0.136366042823461	0.289017991541551	0.115486732446707	0	0	0	0.0621518822828408	0	0	0	0	0	0.346688161014651	0	0	0	0	0	0	0	0	0	0	0	0	0	0	0	0	0	0.0502891898907892
"TCGA-UY-A78N-01"	0	0.0835145100918556	0	0	0.451186534922937	0	0	0	0	0	0	0	0	0	0	0.179015663675659	0	0	0	0	0	0	0	0	0	0.149236093737282	0	0	0	0.0821874080167932	0.0548597895554733
"TCGA-UY-A78O-01"	0.186941854020778	0.184183153129283	0.107251946769356	0	0	0	0	0	0	0	0	0	0.380477701979621	0	0	0	0	0	0	0	0	0	0	0	0	0	0	0	0	0.0715586780903472	0.0695866660106151
"TCGA-UY-A78P-01"	0	0.314610034438303	0	0	0	0	0	0	0	0	0	0	0.571179642605443	0	0	0	0	0	0	0	0	0	0	0	0	0	0	0	0	0	0.114210322956254
"TCGA-UY-A8OB-01"	0	0	0	0	0	0	0	0	0.287322293862712	0	0	0.393030108075474	0.140466028414001	0	0	0.0873026458870159	0	0	0	0	0	0	0	0	0	0	0	0	0	0	0.0918789237607969
"TCGA-UY-A8OC-01"	0.073512252311892	0.355087534137668	0	0	0	0	0.0799244246315029	0	0	0	0	0	0.28092998794163	0	0	0	0	0	0	0	0	0	0	0	0	0.077957758688372	0	0	0	0	0.132588042288935
"TCGA-UY-A8OD-01"	0.0984075042986153	0.285014969835683	0	0	0	0.0705445239654292	0	0	0	0	0	0	0.140796319367589	0	0	0.140046405895372	0	0.0641352179491696	0	0	0	0	0	0	0	0.11326039813997	0	0	0	0	0.087794660548171
"TCGA-UY-A9PA-01"	0	0.152433749898378	0.324703951892589	0	0	0	0	0	0.139395025350473	0	0	0.218266747198106	0.116523810374094	0	0	0	0	0	0	0	0	0	0	0	0	0	0	0	0	0	0.0486767152863603
"TCGA-UY-A9PB-01"	0	0.270363721152314	0	0	0	0	0	0	0	0	0	0.171260985239923	0.273675765080427	0	0	0.127275398146804	0	0	0	0	0	0	0	0	0	0	0	0	0	0	0.157424130380532
"TCGA-UY-A9PD-01"	0.0826722272501311	0.204999806435895	0	0	0.203920730713177	0	0	0	0	0	0	0	0.124365749895399	0	0	0.283929073388025	0	0	0	0	0	0	0	0	0	0	0	0	0	0	0.100112412317373
"TCGA-UY-A9PE-01"	0.0759830371713487	0.249978182471458	0.0761591502711898	0	0	0	0	0	0	0.0753170684326338	0	0	0.311440821775069	0	0	0	0	0	0	0	0	0	0	0	0	0	0	0	0	0	0.211121739878301
"TCGA-UY-A9PF-01"	0	0.781233781602021	0	0	0	0	0.135774320038565	0	0	0	0	0	0	0	0	0	0	0	0	0	0	0	0	0	0	0	0	0	0	0	0.0829918983594145
"TCGA-UY-A9PH-01"	0	0.459072234446461	0	0	0	0	0.0659371361165445	0	0	0	0	0	0.394731882849485	0	0	0	0	0	0	0	0	0	0	0	0	0	0	0	0	0	0.0802587465875099
"TCGA-XF-A8HB-01"	0.295403006249444	0	0	0	0.154074475539924	0	0	0	0	0.123431550217945	0.0772822836289428	0	0.237297377486838	0	0	0	0	0	0	0.0860000785952487	0	0	0	0	0	0	0	0	0	0	0.0265112282816575
"TCGA-XF-A8HC-01"	0.0790633220160207	0.471167846268443	0.0920792497888414	0	0	0	0.110463936379217	0	0	0	0	0	0.150794514844845	0	0	0	0	0	0	0	0	0	0	0	0	0	0	0	0	0	0.0964311307026331
"TCGA-XF-A8HD-01"	0	0.352800229864944	0	0	0	0	0	0	0	0	0	0	0.517718933184509	0	0	0	0	0	0	0	0	0	0	0	0	0	0	0	0	0	0.129480836950547
"TCGA-XF-A8HE-01"	0	0.450826066480431	0	0	0	0	0.112009459443217	0	0	0	0	0	0.432567642008744	0	0	0	0	0	0	0	0	0	0	0	0	0	0	0	0	0	0.00459683206760841
"TCGA-XF-A8HF-01"	0	0.170916922888521	0.496115073687262	0	0	0.0722925511221554	0	0	0	0	0	0	0.110625210108939	0	0	0	0	0	0	0	0	0	0	0	0	0	0	0	0	0	0.150050242193122
"TCGA-XF-A8HG-01"	0	0.327106415318253	0	0	0.154829222162507	0.0688014182187816	0	0	0	0	0	0	0.157607796280577	0	0	0	0	0	0	0.121327142150676	0	0	0	0	0	0.160681309133351	0	0	0	0	0.00964669673585528
"TCGA-XF-A8HH-01"	0.104006170458561	0.316973316038951	0	0	0	0	0	0	0	0.0852593425155048	0	0	0.361083845458916	0	0	0	0	0	0	0	0	0	0	0	0	0	0	0	0	0	0.132677325528067
"TCGA-XF-A8HI-01"	0	0.480276057155092	0	0	0	0	0	0	0	0	0	0	0.366230850476061	0	0.0815462564277131	0	0	0	0	0	0	0	0	0	0	0	0	0	0	0	0.0719468359411346
"TCGA-XF-A9SG-01"	0	0.42385479576342	0	0	0.167049730119133	0	0	0	0	0	0	0	0.305202836727091	0	0	0	0	0	0	0	0	0	0	0	0	0	0	0	0	0	0.103892637390356
"TCGA-XF-A9SH-01"	0.0987792205456328	0.131611513101466	0.145160367841665	0	0	0	0	0	0	0	0	0	0.336818438834099	0	0	0.19303763645748	0	0	0	0	0	0	0	0	0	0	0	0	0	0	0.0945928232196559
"TCGA-XF-A9SI-01"	0	0.382152129398312	0	0	0	0	0	0	0	0	0	0	0.581549325172224	0	0	0	0	0	0	0	0	0	0	0	0	0	0	0	0	0	0.0362985454294631
"TCGA-XF-A9SJ-01"	0	0.51083693277125	0.101697649536734	0	0	0	0	0	0	0	0	0.064154663050308	0.18054267921382	0	0	0	0	0	0	0	0	0	0	0	0	0	0	0	0	0	0.142768075427888
"TCGA-XF-A9SK-01"	0	0.244144967199584	0	0	0	0	0	0	0	0.0687609996767498	0	0	0.39894658889229	0	0	0.154242438096412	0	0	0	0	0	0	0	0	0	0	0	0	0	0	0.133905006134964
"TCGA-XF-A9SM-01"	0	0.4287079082441	0	0	0	0	0	0	0	0	0	0	0.455431208403032	0	0	0	0	0	0	0	0	0	0	0	0	0	0	0	0	0	0.115860883352868
"TCGA-XF-A9SP-01"	0	0.273951081352239	0	0	0	0	0	0	0	0	0	0	0.359266727645764	0	0	0.0619800288668199	0	0	0	0	0	0	0	0	0	0	0	0	0	0.081196521784565	0.223605640350611
"TCGA-XF-A9ST-01"	0	0.21774674740678	0.247378518322091	0	0	0	0	0	0	0	0	0	0.266179499222228	0	0	0.157501930908216	0	0	0	0	0	0	0	0	0	0.0620772534445455	0	0	0	0	0.0491160506961393
"TCGA-XF-A9SU-01"	0.352499294614426	0.108213494296597	0	0	0	0	0	0	0	0	0	0	0.135211112355029	0	0	0.24943727707148	0	0	0	0	0	0	0	0	0	0.0659166255544321	0	0	0	0	0.0887221961080359
"TCGA-XF-A9SV-01"	0	0.148306849578742	0	0	0.134397021997251	0.13534302567741	0.106568077452539	0	0	0	0	0	0.12283003613864	0	0	0.107537844943292	0	0	0	0	0	0	0	0	0	0	0	0	0.133151856016865	0	0.111865288195261
"TCGA-XF-A9SW-01"	0.133175341569636	0.314609500980111	0	0	0	0	0	0	0	0	0	0	0.185695707600295	0	0	0	0	0	0.0651263353893669	0	0.1323459727557	0	0	0	0	0	0	0.086313676645772	0	0	0.0827334650591198
"TCGA-XF-A9SX-01"	0	0.108927522720287	0	0	0	0	0.0687107849053593	0	0	0	0	0	0.102581933790974	0	0	0.363079889331213	0	0	0	0	0	0	0	0	0	0.071102151872693	0	0	0	0.168421205434496	0.117176511944977
"TCGA-XF-A9SY-01"	0	0.157808597849832	0.10918665067134	0.131306293007691	0	0	0	0	0	0	0	0	0.288597254150748	0	0	0	0	0.125747291457915	0	0	0	0	0	0	0	0	0	0	0	0	0.187353912862473
"TCGA-XF-A9SZ-01"	0	0.255751620226103	0.270419090692948	0	0	0	0	0	0	0	0	0	0.262876072426342	0	0	0.0858501847723869	0	0	0	0	0	0	0	0	0	0	0	0	0	0	0.12510303188222
"TCGA-XF-A9T0-01"	0	0.620353017803078	0	0	0.287947676364711	0	0	0	0.0701105463597612	0	0	0	0	0	0	0	0	0	0	0	0	0	0	0	0	0	0	0	0	0	0.0215887594724503
"TCGA-XF-A9T2-01"	0.0945774580698971	0.287528774346335	0	0	0	0	0.0972938227939493	0	0	0	0	0	0.369324939130099	0	0	0.113119998518296	0	0	0	0	0	0	0	0	0	0	0	0	0	0	0.0381550071414241
"TCGA-XF-A9T3-01"	0	0.119914909678291	0	0	0	0	0	0	0	0	0	0	0	0	0	0.613162627842033	0	0	0	0	0	0	0	0	0	0.180414676146425	0	0	0	0	0.0865077863332518
"TCGA-XF-A9T4-01"	0.180069959574591	0.279840406981112	0.470270229492686	0	0	0	0	0	0	0	0	0	0	0	0	0	0	0	0	0	0	0	0	0	0	0	0	0	0	0	0.0698194039516116
"TCGA-XF-A9T5-01"	0	0.419066539038668	0	0	0	0	0	0	0	0	0	0	0.496111457003586	0	0	0	0	0	0	0	0	0	0	0	0	0	0	0	0	0	0.0848220039577458
"TCGA-XF-A9T6-01"	0	0.251076742420574	0.0868296255902089	0	0.064535792323919	0	0	0	0	0	0	0	0	0	0	0.245303317676419	0	0	0	0	0.066620932012343	0	0	0	0	0	0	0	0	0.177881733248439	0.107751856728097
"TCGA-XF-A9T8-01"	0	0.346601248340853	0	0	0	0	0	0	0	0	0	0	0.584877384545129	0	0	0	0	0	0	0	0	0	0	0	0	0	0	0	0	0	0.0685213671140181
"TCGA-XF-AAME-01"	0	0	0	0	0.318869964075368	0	0	0.0920942780876174	0	0	0.150251545359166	0	0	0	0	0	0	0	0	0.27863774343178	0	0	0	0	0	0	0	0	0.0778624622987953	0	0.0822840067472731
"TCGA-XF-AAMF-01"	0.137262281213404	0.231602807552227	0	0	0	0	0	0	0	0	0	0	0.35329083732351	0	0	0.180707763464801	0	0	0	0	0	0	0	0	0	0	0	0	0	0	0.0971363104460576
"TCGA-XF-AAMG-01"	0	0.254238879559026	0.155201790946048	0	0	0	0	0	0	0	0	0	0.497907138570202	0	0	0	0	0	0	0	0	0	0	0	0	0	0	0	0	0	0.0926521909247231
"TCGA-XF-AAMH-01"	0.158210282609755	0	0	0	0	0	0	0	0	0	0	0.144429162216312	0	0	0	0.100847296870305	0	0.0703208169525515	0.146507220317307	0	0	0	0	0	0	0	0	0	0	0.255175048325342	0.124510172708427
"TCGA-XF-AAMJ-01"	0.472783465262172	0	0	0.112401049352588	0	0	0.186684823688693	0	0	0	0	0	0.0764953459144672	0	0.15163531578208	0	0	0	0	0	0	0	0	0	0	0	0	0	0	0	0
"TCGA-XF-AAML-01"	0	0.477467935463037	0	0	0.0692158308051651	0	0.072529353050236	0	0	0	0	0	0.316723341833008	0	0	0	0	0	0	0	0	0	0	0	0	0	0	0	0	0	0.0640635388485536
"TCGA-XF-AAMQ-01"	0.0625540721707574	0.374488472375858	0	0	0	0	0	0	0	0	0	0	0.409438760697438	0	0	0.119163682120349	0	0	0	0	0	0	0	0	0	0	0	0	0	0	0.0343550126355983
"TCGA-XF-AAMR-01"	0.0845552525371183	0.40213596972484	0	0	0	0	0.0666368794511681	0	0	0	0	0	0.275864540430739	0	0	0.0757369807482858	0	0	0	0	0	0	0	0	0	0	0	0	0	0	0.0950703771078488
"TCGA-XF-AAMT-01"	0	0.0765093099687678	0.246289186966883	0	0	0	0	0	0	0	0	0	0.253152862950074	0	0	0	0	0	0	0.0694114040891352	0	0	0	0	0.070820096478706	0	0.102278094141335	0	0	0	0.181539045405099
"TCGA-XF-AAMW-01"	0	0	0.24593929417277	0	0	0	0	0.122735426906705	0	0	0	0.276193168527066	0	0	0	0	0	0	0	0	0	0	0.318939032693779	0	0	0	0	0	0	0	0.0361930776996799
"TCGA-XF-AAMX-01"	0	0.132055656657613	0.25246599149569	0	0	0	0	0	0	0	0	0	0.24596728323949	0	0	0.123426715007834	0	0	0.0808301717971964	0	0	0	0	0	0	0	0	0	0	0	0.165254181802177
"TCGA-XF-AAMY-01"	0.177208146282221	0.319522725590102	0	0	0	0	0	0	0	0	0	0	0.360135245999707	0	0	0	0	0	0	0	0	0	0	0	0	0	0	0	0	0.0742160454206073	0.0689178367073621
"TCGA-XF-AAMZ-01"	0.126435545617193	0.220484631395816	0	0	0	0	0	0.0804479191564904	0	0	0	0	0.465690346666866	0	0	0	0	0	0	0	0	0	0	0	0	0	0	0	0	0	0.106941557163635
"TCGA-XF-AAN0-01"	0	0.335484026545707	0	0	0.0802422836752942	0	0	0	0	0	0	0	0.480481145668964	0	0	0	0	0	0	0	0	0	0	0	0	0	0	0	0	0	0.103792544110034
"TCGA-XF-AAN1-01"	0.12596464749436	0	0	0	0	0	0.0863422478413014	0	0	0	0	0	0.176617727501282	0	0.17472665829865	0.334863610749017	0	0	0	0	0	0	0	0	0	0	0	0	0	0	0.101485108115389
"TCGA-XF-AAN2-01"	0	0.430902712464257	0	0	0	0	0	0	0	0	0	0	0.423349691487309	0	0	0	0	0	0	0	0	0	0	0	0	0	0	0	0	0	0.145747596048434
"TCGA-XF-AAN3-01"	0	0.360997684596863	0	0	0.122281568859461	0	0	0	0	0	0	0	0.409178325636764	0	0	0	0	0	0	0	0	0	0	0	0	0	0	0	0	0	0.107542420906912
"TCGA-XF-AAN5-01"	0	0.161220277292527	0	0	0	0	0	0	0	0	0	0	0.605131438890237	0	0	0	0	0.0641307652027979	0	0	0	0	0	0	0	0	0	0	0	0	0.169517518614438
"TCGA-XF-AAN7-01"	0.0825242476407255	0.0845251320648977	0	0	0.311747886612185	0	0	0	0	0	0	0	0	0	0	0.182774804474754	0	0	0	0	0	0	0	0	0	0	0	0	0	0.304980334368773	0.033447594838665
"TCGA-XF-AAN8-01"	0.549043514373219	0	0	0.309131603100711	0	0	0	0	0	0	0	0.14182488252607	0	0	0	0	0	0	0	0	0	0	0	0	0	0	0	0	0	0	0
"TCGA-YC-A89H-01"	0	0.832135300648111	0	0	0	0	0	0	0	0	0	0	0	0	0	0	0	0	0	0	0	0	0	0	0	0	0	0	0	0.0770639732079512	0.0908007261439373
"TCGA-YC-A8S6-01"	0	0.188894015332844	0	0	0	0	0	0	0	0	0	0	0.474790568884092	0	0	0	0	0	0	0	0	0	0	0	0	0	0	0	0.0725125500557389	0	0.263802865727325
"TCGA-YC-A9TC-01"	0.117997992710042	0.184545361395178	0	0	0	0	0	0	0	0	0	0	0.386965820646758	0	0	0.0810655545032083	0	0.0966991086661748	0	0	0	0	0	0	0	0	0	0	0	0.0749762620674838	0.0577499000111557
"TCGA-YF-AA3L-01"	0	0	0	0	0	0	0	0	0	0	0	0	0.181956623602576	0	0	0.592413580407875	0	0	0	0	0	0	0	0	0	0	0	0	0	0	0.225629795989549
"TCGA-YF-AA3M-01"	0	0.118143722677427	0	0	0	0.133570908921114	0	0	0	0	0	0	0.13911780043927	0	0	0.522872275893388	0	0	0	0	0	0	0	0	0	0	0	0	0	0	0.0862952920688012
"TCGA-ZF-A9R0-01"	0.0675948159304755	0.311056854448238	0	0	0.0644407764869894	0	0	0	0	0	0	0	0.510467056024646	0	0	0	0	0	0	0	0	0	0	0	0	0	0	0	0	0	0.0464404971096511
"TCGA-ZF-A9R1-01"	0.127709424299791	0.17423261369199	0.259041561026097	0	0	0	0.0825508588856281	0	0	0	0	0	0.299555939256452	0	0	0	0	0	0	0	0	0	0	0	0	0	0	0	0	0	0.0569096028400417
"TCGA-ZF-A9R2-01"	0	0.242955777729768	0	0	0	0	0	0	0	0	0	0	0.362860826797337	0	0	0.187710438134428	0	0	0.0780186231800731	0	0	0	0	0	0	0.0869242361995442	0	0	0	0	0.0415300979588497
"TCGA-ZF-A9R3-01"	0.143278867515215	0.176950853281071	0.119973185680635	0	0	0	0.148410292825127	0	0	0	0	0	0.318954133215565	0	0	0	0	0	0	0	0	0	0	0	0	0	0	0	0	0	0.092432667482387
"TCGA-ZF-A9R4-01"	0	0.421452299728437	0	0	0.0752549562926551	0	0	0	0	0	0	0	0.410853682370184	0	0	0	0	0	0	0	0	0	0	0	0	0	0	0	0	0	0.0924390616087243
"TCGA-ZF-A9R5-01"	0.139907856909517	0	0	0	0	0	0	0	0	0	0	0	0	0	0	0.815619188351214	0	0	0	0	0	0	0	0	0	0	0	0	0	0	0.044472954739269
"TCGA-ZF-A9R7-01"	0	0.363229984396346	0	0	0	0	0	0	0	0	0	0	0.559347482366463	0	0	0	0	0	0	0	0	0	0	0	0	0	0	0	0	0	0.0774225332371903
"TCGA-ZF-A9R9-01"	0.0923043927698847	0.303737949951274	0	0	0	0	0.117913518246662	0	0	0	0	0	0.306729844291096	0	0	0.17931427884004	0	0	0	0	0	0	0	0	0	0	0	0	0	0	1.59010424827244e-08
"TCGA-ZF-A9RC-01"	0	0.63966326098207	0	0	0	0	0	0	0	0	0	0	0	0	0	0.227973719296281	0	0	0	0	0	0	0	0	0	0	0	0	0	0	0.132363019721649
"TCGA-ZF-A9RD-01"	0	0.258107568396932	0	0	0	0	0.12788089784582	0	0	0	0	0	0.389661142504184	0	0	0	0	0	0	0	0	0	0	0	0	0	0	0	0	0	0.224350391253064
"TCGA-ZF-A9RE-01"	0.313740584832061	0	0	0	0	0	0	0.226974932372731	0	0	0	0	0.0765262233191888	0	0	0.143650758667338	0	0	0	0	0	0	0	0	0	0	0	0	0	0	0.239107500808682
"TCGA-ZF-A9RF-01"	0	0.201202005048402	0.179107588320372	0	0	0	0	0	0	0	0	0.135362869890468	0.272872150667916	0	0	0	0	0	0.0631952577728487	0	0	0	0	0	0	0	0	0	0	0.0730731731459552	0.0751869551540388
"TCGA-ZF-A9RG-01"	0	0.644098118804279	0.075345802559243	0	0	0	0	0	0	0	0	0	0.150893208966887	0	0	0	0	0	0	0	0	0	0	0	0	0	0	0	0	0	0.129662869669591
"TCGA-ZF-A9RL-01"	0	0.0859065848795045	0	0	0	0	0	0	0	0	0	0	0.43983048811346	0	0	0.384441301761476	0	0	0	0	0	0	0	0	0	0	0	0	0	0	0.08982162524556
"TCGA-ZF-A9RM-01"	0	0	0	0	0.83530559839021	0	0	0.0802187967436899	0	0	0	0	0	0	0	0	0	0	0	0	0	0	0	0	0	0	0	0	0	0	0.0844756048660996
"TCGA-ZF-A9RN-01"	0.103720754245019	0.123969203523926	0.291443522128112	0	0	0	0	0	0	0	0	0	0.338117781239403	0	0	0	0	0	0	0	0	0	0	0	0	0	0	0	0	0	0.142748738863541
"TCGA-ZF-AA4R-01"	0.0708432009019151	0	0	0	0	0	0	0	0	0	0	0	0.33631031645213	0	0	0.490139308326026	0	0	0	0	0	0	0	0.0658201773722427	0	0	0	0	0	0	0.0368869969476858
"TCGA-ZF-AA4T-01"	0.140690359969223	0.0795126660590236	0	0	0	0	0	0	0	0	0	0	0.0704295708973143	0	0	0.483155112814198	0	0	0	0	0	0	0	0	0	0	0	0	0	0	0.226212290260241
"TCGA-ZF-AA4U-01"	0.241193983250003	0	0	0	0	0	0	0	0	0	0.0966946479388559	0	0	0	0	0.459569732810586	0	0	0	0	0	0	0	0	0	0.0680216821932835	0	0	0	0	0.134519953807271
"TCGA-ZF-AA4V-01"	0	0.447657231394037	0	0	0	0	0	0	0	0	0	0	0.141319994394666	0	0	0.293492893455207	0	0	0	0	0	0	0	0	0	0.10062367994885	0	0	0	0	0.0169062008072396
"TCGA-ZF-AA4W-01"	0	0.123517088517409	0	0	0	0	0	0	0	0	0	0.189662938112142	0.262619614459089	0.239307120188894	0	0	0	0	0	0	0	0	0	0	0	0	0	0	0	0	0.184893238722466
"TCGA-ZF-AA4X-01"	0	0.498186963326046	0	0	0	0	0	0	0	0	0	0	0.439945814348028	0	0	0	0	0	0	0	0	0	0	0	0	0	0	0	0	0	0.0618672223259252
"TCGA-ZF-AA51-01"	0	0.297428393697666	0	0	0.119088045012352	0	0	0	0	0	0	0	0.545742645994936	0	0	0	0	0	0	0	0	0	0	0	0	0	0	0	0	0	0.0377409152950449
"TCGA-ZF-AA52-01"	0.0950307316329326	0.291411691733572	0	0	0	0	0.0716499616937854	0	0	0	0	0	0.269103970535483	0	0	0	0	0	0	0	0	0	0	0	0	0.116152231722966	0	0	0	0	0.156651412681262
"TCGA-ZF-AA53-01"	0	0.315886823182087	0	0	0	0	0.0858489717752451	0	0	0	0	0	0.598264205042668	0	0	0	0	0	0	0	0	0	0	0	0	0	0	0	0	0	0
"TCGA-ZF-AA54-01"	0	0.271434238662678	0	0	0	0	0	0	0	0	0	0	0.46747956956216	0	0	0.18692518022535	0	0	0	0	0	0	0	0	0	0	0	0	0	0	0.0741610115498129
"TCGA-ZF-AA56-01"	0	0.159118622614713	0.118336580414046	0	0	0.090139723525883	0	0.0830865720086904	0	0	0	0	0.39194827573131	0	0	0	0	0	0	0	0	0	0	0	0	0	0	0	0	0	0.157370225705358
"TCGA-ZF-AA58-01"	0	0.251407679493191	0.194019138263315	0	0	0	0	0	0	0	0	0	0.303486014983879	0	0	0.183025065261604	0	0	0	0	0	0	0	0	0	0	0	0	0	0	0.068062101998011
"TCGA-ZF-AA5H-01"	0.123320347180304	0.427562479927842	0	0	0	0	0	0	0	0	0	0	0.165362692817581	0	0	0	0	0	0	0	0.117493514277735	0	0	0	0	0	0	0	0.0854881879519122	0	0.0807727778446259
"TCGA-ZF-AA5N-01"	0.140996322145211	0.0855060052424807	0.230518698410521	0	0	0	0	0	0.320144728718721	0	0	0	0	0	0	0	0	0	0	0	0.0998524437159064	0	0	0	0	0	0	0	0	0	0.12298180176716
"TCGA-ZF-AA5P-01"	0.12892054797877	0.171525276008256	0	0	0	0	0	0	0	0	0	0	0.390133193963893	0	0	0	0	0.063649302794745	0	0	0	0	0	0	0	0	0	0.0952190664890645	0	0	0.150552612765271
"TCGA-4Z-AA7N-01"	0	0.416291781725981	0	0	0	0	0	0	0	0	0	0	0.397416052206481	0	0	0	0	0.0937047710525711	0	0	0	0	0	0	0	0	0	0	0	0	0.0925873950149675
"TCGA-4Z-AA87-01"	0.0626156767016377	0.289782028472347	0.100044539141458	0	0	0.0677122497203171	0	0	0	0	0	0	0.361355036778409	0	0	0	0	0	0	0	0	0	0	0	0	0	0	0	0	0	0.118490469185831
"TCGA-C4-A0F1-01"	0.097683309917291	0.376681749123195	0	0	0	0	0.0640460272899029	0	0	0	0	0	0.245824516958642	0	0	0	0	0	0	0	0	0	0	0	0	0	0	0	0	0	0.215764396710969
"TCGA-C4-A0F7-01"	0.22345403754896	0.171049696915914	0	0	0.310055295188173	0	0	0	0	0	0	0	0	0	0	0	0	0	0	0	0	0	0	0	0	0	0.0708906605482787	0	0.133222393991342	0	0.0913279158073319
"TCGA-DK-A6AW-01"	0	0	0	0	0	0	0	0	0	0.785345070181809	0	0	0	0	0	0	0	0	0	0	0	0	0	0	0	0	0	0.173145174571146	0	0	0.0415097552470443
"TCGA-DK-AA75-01"	0.0769005699353682	0.508387525528856	0.17236840145934	0	0	0	0	0	0	0	0	0	0.156391162130363	0	0	0	0	0	0	0	0	0	0	0	0	0	0	0	0	0	0.085952340946073
"TCGA-E7-A85H-01"	0	0.116043227802949	0	0	0	0	0	0	0	0	0	0	0	0	0	0.557831707468372	0	0	0	0	0	0	0	0	0	0.143300384236294	0	0	0	0	0.182824680492384
"TCGA-FD-A3B8-01"	0	0.228545356679421	0	0	0	0	0	0	0	0	0	0	0.522683476564813	0	0	0.107900226043237	0	0	0	0	0	0	0	0	0	0	0	0	0	0	0.14087094071253
"TCGA-XF-A9SL-01"	0	0.169547218767771	0	0	0	0	0	0	0	0	0.085205609573974	0	0.459350987858031	0	0	0.212676794046692	0	0	0	0	0	0	0	0	0	0	0	0	0	0	0.0732193897535323
"TCGA-XF-AAN4-01"	0	0.14667631425893	0	0	0	0	0	0	0	0	0	0	0.350297698780797	0	0	0.423758400433667	0	0	0	0	0	0	0	0	0	0	0	0	0	0	0.079267586526606
