""	"A[C>A]A"	"A[C>A]C"	"A[C>A]G"	"A[C>A]T"	"C[C>A]A"	"C[C>A]C"	"C[C>A]G"	"C[C>A]T"	"G[C>A]A"	"G[C>A]C"	"G[C>A]G"	"G[C>A]T"	"T[C>A]A"	"T[C>A]C"	"T[C>A]G"	"T[C>A]T"	"A[C>G]A"	"A[C>G]C"	"A[C>G]G"	"A[C>G]T"	"C[C>G]A"	"C[C>G]C"	"C[C>G]G"	"C[C>G]T"	"G[C>G]A"	"G[C>G]C"	"G[C>G]G"	"G[C>G]T"	"T[C>G]A"	"T[C>G]C"	"T[C>G]G"	"T[C>G]T"	"A[C>T]A"	"A[C>T]C"	"A[C>T]G"	"A[C>T]T"	"C[C>T]A"	"C[C>T]C"	"C[C>T]G"	"C[C>T]T"	"G[C>T]A"	"G[C>T]C"	"G[C>T]G"	"G[C>T]T"	"T[C>T]A"	"T[C>T]C"	"T[C>T]G"	"T[C>T]T"	"A[T>A]A"	"A[T>A]C"	"A[T>A]G"	"A[T>A]T"	"C[T>A]A"	"C[T>A]C"	"C[T>A]G"	"C[T>A]T"	"G[T>A]A"	"G[T>A]C"	"G[T>A]G"	"G[T>A]T"	"T[T>A]A"	"T[T>A]C"	"T[T>A]G"	"T[T>A]T"	"A[T>C]A"	"A[T>C]C"	"A[T>C]G"	"A[T>C]T"	"C[T>C]A"	"C[T>C]C"	"C[T>C]G"	"C[T>C]T"	"G[T>C]A"	"G[T>C]C"	"G[T>C]G"	"G[T>C]T"	"T[T>C]A"	"T[T>C]C"	"T[T>C]G"	"T[T>C]T"	"A[T>G]A"	"A[T>G]C"	"A[T>G]G"	"A[T>G]T"	"C[T>G]A"	"C[T>G]C"	"C[T>G]G"	"C[T>G]T"	"G[T>G]A"	"G[T>G]C"	"G[T>G]G"	"G[T>G]T"	"T[T>G]A"	"T[T>G]C"	"T[T>G]G"	"T[T>G]T"
"TCGA-2F-A9KO-01"	2	0	2	1	4	2	0	4	0	1	1	4	17	16	6	15	1	1	1	0	3	1	1	2	1	0	1	1	87	26	9	108	2	1	5	4	6	7	12	1	6	3	6	2	115	29	37	60	0	2	0	1	2	0	0	1	0	0	1	0	0	1	2	0	1	0	0	1	0	0	1	0	1	1	0	1	4	0	0	0	0	0	0	0	0	0	1	1	0	0	0	1	1	0	1	0
"TCGA-2F-A9KP-01"	0	1	0	1	1	0	4	0	0	0	0	1	0	2	1	3	0	0	0	0	2	1	0	0	0	0	2	1	8	2	2	12	2	1	5	1	1	0	6	4	2	1	14	2	20	6	12	14	0	1	1	0	0	0	0	0	0	0	0	0	0	0	1	0	4	0	2	1	0	0	0	1	2	0	0	0	2	1	1	0	0	0	0	0	0	0	2	1	0	0	0	1	0	0	0	0
"TCGA-2F-A9KQ-01"	0	0	0	0	1	1	0	0	0	0	0	1	0	3	0	2	2	1	0	0	1	0	0	0	0	0	0	1	1	0	0	7	0	0	5	0	1	1	8	2	2	1	2	2	5	2	5	3	1	0	0	0	0	0	0	0	0	0	0	0	0	0	0	1	3	0	3	0	0	0	1	0	2	0	0	1	0	0	0	1	0	0	0	0	0	0	0	2	0	0	0	0	0	0	0	0
"TCGA-2F-A9KR-01"	2	0	0	0	2	0	1	1	0	2	2	1	13	6	0	4	2	0	2	0	2	0	0	0	1	1	0	0	24	7	3	31	2	2	6	2	5	1	6	3	3	0	8	1	53	17	28	26	0	1	0	0	0	1	1	1	0	0	0	0	1	0	0	0	1	0	1	0	0	0	2	2	2	1	1	0	1	1	0	0	0	0	0	0	1	0	0	1	0	0	0	1	0	0	0	1
"TCGA-2F-A9KT-01"	0	0	0	1	1	0	2	2	0	2	0	0	10	11	3	8	2	0	1	0	1	0	0	3	0	0	1	0	62	22	5	50	1	3	4	1	9	2	13	5	2	0	5	3	72	22	29	34	0	0	0	1	0	0	1	0	0	0	0	0	0	0	0	1	0	0	3	0	1	0	0	1	0	1	0	0	0	0	1	0	0	0	0	0	0	0	1	2	0	0	0	0	0	0	0	0
"TCGA-2F-A9KW-01"	1	2	0	0	3	1	1	2	2	1	0	0	2	2	0	2	1	0	0	0	0	0	1	0	0	1	0	3	4	1	1	8	3	3	5	1	2	3	6	0	2	0	9	0	8	10	8	9	0	1	0	1	0	0	0	1	0	0	0	1	0	0	0	1	0	0	0	0	0	1	1	2	1	0	0	0	0	0	1	0	0	1	0	0	0	0	1	2	0	0	0	0	0	0	0	0
"TCGA-4Z-AA7M-01"	0	1	1	2	2	3	3	1	1	3	2	1	14	9	3	8	1	1	1	2	1	2	1	4	1	1	2	0	88	26	11	74	4	3	11	1	11	2	17	4	6	1	13	2	109	39	39	54	1	2	1	0	0	1	1	1	0	0	0	0	0	0	0	1	3	1	3	2	3	1	3	2	2	1	1	0	1	0	1	0	0	0	0	2	1	0	0	2	0	0	1	0	0	0	0	1
"TCGA-4Z-AA7O-01"	0	2	0	2	0	2	2	0	3	0	0	2	5	3	1	3	0	0	1	1	0	0	0	3	0	1	1	0	15	5	5	21	2	1	5	1	7	5	15	4	4	3	7	0	27	11	22	8	1	0	0	0	0	0	2	0	0	0	0	0	0	0	0	0	1	0	0	1	0	0	2	0	2	0	1	2	0	0	3	1	0	0	1	0	0	0	0	0	0	0	1	1	0	0	1	0
"TCGA-4Z-AA7Q-01"	0	3	0	0	1	2	0	1	0	1	1	0	13	6	3	5	1	1	2	1	2	0	0	1	2	0	0	0	49	16	5	40	2	0	5	0	6	0	9	7	3	3	6	1	33	10	14	11	0	0	0	0	0	0	1	0	0	0	0	0	1	0	0	0	0	2	1	0	1	0	3	0	2	0	0	0	2	1	0	0	0	0	0	0	0	1	0	1	0	0	0	0	0	0	0	0
"TCGA-4Z-AA7R-01"	2	1	0	1	2	0	2	5	1	1	1	2	14	4	4	5	0	2	1	0	3	0	1	1	2	3	0	0	51	9	3	50	2	5	3	2	9	1	8	3	2	2	7	3	68	24	34	38	0	0	0	0	0	1	0	0	0	1	0	1	2	0	2	1	2	2	2	4	0	0	1	1	1	1	0	0	0	0	1	0	0	0	0	1	0	1	0	1	0	0	1	1	1	0	0	1
"TCGA-4Z-AA7S-01"	3	0	1	2	2	0	0	0	2	1	0	0	1	0	0	3	0	0	0	0	0	0	0	1	0	0	0	0	1	1	0	0	1	0	11	1	2	0	8	0	0	1	9	1	3	1	7	1	0	0	1	1	0	0	0	0	0	0	1	0	0	0	0	0	0	1	0	2	0	0	2	1	0	0	0	0	0	1	0	0	0	0	0	0	0	0	1	0	1	0	0	0	0	0	0	0
"TCGA-4Z-AA7W-01"	0	0	3	0	2	3	2	2	0	4	2	0	15	10	5	11	3	2	2	0	4	2	1	5	0	3	0	2	102	37	15	104	2	2	4	3	5	4	10	10	1	2	8	2	104	26	25	48	0	0	0	0	0	0	2	0	0	0	1	1	0	1	3	0	1	1	4	1	0	2	2	1	1	0	1	0	0	1	2	0	0	0	0	2	0	0	0	3	0	1	0	1	0	0	3	1
"TCGA-4Z-AA7Y-01"	0	0	0	0	1	0	2	0	1	0	0	0	10	2	4	12	0	0	0	1	0	0	1	2	0	0	0	0	39	19	5	38	5	3	5	1	7	4	7	3	3	3	6	1	75	26	23	38	0	0	1	0	0	0	0	0	0	0	0	0	1	0	0	0	0	2	1	0	1	1	1	0	0	0	0	0	0	0	1	0	0	0	0	0	0	0	0	0	0	0	0	0	0	0	0	0
"TCGA-4Z-AA80-01"	3	2	1	1	3	2	4	5	4	0	2	1	13	10	4	7	0	0	0	2	1	1	0	2	2	1	1	3	48	14	4	49	5	0	12	3	5	4	18	5	2	4	5	6	65	21	52	46	0	0	0	1	0	0	1	0	1	1	3	0	0	0	0	0	5	1	2	2	5	3	3	4	2	2	0	2	0	2	2	1	0	0	1	0	0	1	2	0	0	0	0	0	0	1	0	1
"TCGA-4Z-AA81-01"	0	0	1	1	1	0	2	0	2	1	1	0	11	2	2	6	0	0	1	1	1	1	0	0	0	0	0	1	20	4	4	33	1	2	2	0	2	3	7	5	0	4	4	0	48	10	24	29	0	0	1	0	0	0	0	0	0	1	0	0	0	0	1	0	0	0	1	0	0	0	1	1	0	0	1	0	1	1	1	0	0	0	0	0	0	0	0	0	1	0	0	0	0	0	2	0
"TCGA-4Z-AA82-01"	1	1	0	1	1	1	2	1	3	0	1	3	2	2	1	1	1	0	0	1	2	2	1	1	0	0	0	0	6	3	1	8	1	2	10	0	3	2	4	2	5	2	4	2	14	3	4	4	0	0	0	1	0	0	0	1	1	2	1	0	0	0	0	0	0	0	0	0	0	1	1	0	0	0	1	1	2	0	0	1	0	0	0	0	0	0	0	0	0	0	0	0	0	0	0	0
"TCGA-4Z-AA83-01"	0	3	0	0	1	0	2	0	0	1	0	1	3	0	1	1	0	0	1	0	0	0	0	0	1	1	0	0	9	1	0	3	0	2	8	0	3	0	6	3	2	0	4	2	10	2	8	7	0	0	0	0	0	0	0	0	0	0	0	0	0	0	1	0	2	0	0	0	1	0	0	1	1	0	1	0	0	0	1	0	0	0	0	0	0	0	0	0	0	0	0	3	0	0	0	0
"TCGA-4Z-AA84-01"	2	3	2	1	5	4	4	3	6	6	2	3	6	4	2	4	3	0	2	4	3	1	5	2	0	1	0	2	6	1	4	13	6	7	8	2	9	5	15	8	5	9	11	1	123	31	49	69	3	0	0	4	0	1	3	2	0	4	2	0	1	0	1	1	14	1	12	3	7	4	5	6	3	1	8	5	5	2	4	2	0	0	2	0	0	0	1	3	0	1	0	1	2	2	2	3
"TCGA-4Z-AA86-01"	0	0	1	0	2	1	0	0	0	2	0	0	5	7	3	7	0	0	0	0	0	1	0	2	2	0	0	0	33	10	0	39	3	2	5	1	2	1	2	4	2	0	4	2	40	14	18	23	0	1	0	0	1	1	1	0	0	0	0	0	0	0	1	0	1	1	1	0	0	0	1	0	2	2	0	1	0	2	1	1	0	0	0	0	1	0	0	0	0	1	0	1	0	0	0	0
"TCGA-4Z-AA89-01"	0	0	0	0	0	1	0	0	0	0	0	0	3	1	2	3	0	1	0	1	0	1	0	1	1	0	0	0	21	7	0	23	0	0	6	0	1	1	9	1	1	2	3	1	27	8	9	9	0	0	2	0	2	0	3	1	0	0	0	0	1	1	0	0	3	0	0	0	0	0	1	0	1	0	0	0	0	1	0	0	0	1	0	0	0	0	1	0	0	0	0	0	0	0	0	0
"TCGA-5N-A9KI-01"	1	1	2	0	1	0	0	0	1	0	0	1	3	1	1	3	1	0	0	1	1	0	2	1	1	1	1	0	7	3	2	12	3	4	3	1	1	3	8	5	1	1	9	0	27	15	16	12	0	1	2	0	0	0	1	1	0	0	0	0	0	0	0	0	2	0	2	0	2	0	0	1	1	0	0	1	2	0	1	0	0	0	0	0	0	0	0	1	0	0	0	0	0	0	0	0
"TCGA-5N-A9KM-01"	1	2	0	1	3	1	1	3	1	1	2	1	2	1	5	2	0	0	0	0	0	2	1	3	1	2	0	0	4	1	0	4	2	7	4	0	11	11	10	9	4	5	3	5	9	7	4	11	1	0	0	1	0	1	3	0	2	0	1	2	1	2	0	1	8	1	8	3	4	5	5	2	6	1	0	1	4	2	0	1	0	0	0	0	0	0	1	0	1	1	0	1	0	0	0	0
"TCGA-BL-A0C8-01"	1	0	1	0	2	1	0	0	0	2	0	2	6	1	2	1	0	0	0	1	1	0	0	0	1	0	1	1	6	7	0	17	1	3	6	0	4	5	11	1	1	3	12	4	14	7	12	7	0	1	1	0	0	0	0	0	0	0	1	0	0	0	2	0	4	0	2	1	1	0	3	0	2	1	1	2	0	0	0	1	1	0	0	0	2	1	0	1	0	0	0	0	0	0	0	1
"TCGA-BL-A13I-01"	1	1	0	0	1	0	0	0	0	1	2	0	1	0	0	0	2	0	0	0	0	0	1	2	0	0	0	0	12	2	1	14	1	3	3	1	2	1	2	1	1	2	2	1	12	8	4	6	0	1	0	0	0	0	1	0	0	0	1	1	0	1	0	1	0	1	1	3	0	0	0	1	1	0	0	1	1	0	0	0	0	0	0	0	0	0	0	1	0	0	0	1	0	0	0	2
"TCGA-BL-A13J-01"	0	2	2	0	1	1	0	1	0	1	1	0	2	4	0	0	0	1	0	0	0	0	1	0	0	1	1	0	13	2	3	11	1	2	10	1	3	2	7	0	2	4	4	2	10	3	5	6	0	1	1	0	1	0	3	0	1	0	1	0	0	0	0	0	2	0	1	1	0	2	0	0	2	1	0	0	0	0	0	0	0	0	0	0	0	0	0	0	0	0	1	1	0	0	0	1
"TCGA-BL-A3JM-01"	1	1	0	1	2	6	2	1	1	1	0	0	2	3	2	4	1	1	0	0	1	0	1	1	1	0	1	1	13	5	1	23	0	3	8	2	8	10	12	2	1	2	3	2	26	9	12	20	0	1	0	1	0	0	2	1	0	0	0	0	0	1	1	0	0	1	3	2	3	0	5	0	0	0	2	0	0	1	3	0	0	1	0	1	0	1	1	4	0	2	0	1	1	0	1	0
"TCGA-BL-A5ZZ-01"	1	1	0	0	1	0	2	1	0	1	3	0	3	3	0	3	0	1	1	1	1	0	2	0	0	1	0	0	8	2	0	12	3	3	7	0	6	6	15	3	1	2	8	2	19	9	9	14	0	0	1	1	0	0	4	0	0	2	0	0	0	0	1	0	3	1	1	3	2	0	2	0	1	1	1	0	1	1	2	1	0	0	0	0	0	0	0	1	0	0	0	0	0	0	0	0
"TCGA-BT-A0S7-01"	3	0	0	0	2	0	0	0	1	1	1	0	0	0	0	1	0	1	0	0	1	0	0	0	0	0	0	0	0	0	0	0	2	0	4	1	1	0	1	2	1	6	5	2	1	2	3	0	1	1	1	0	0	1	0	0	0	0	0	0	0	0	0	0	4	0	0	1	0	1	0	1	0	0	0	0	1	0	0	0	0	0	0	0	0	1	0	0	0	0	0	0	0	0	1	0
"TCGA-BT-A0YX-01"	1	0	0	0	2	0	0	0	0	0	1	1	12	8	3	3	0	2	0	2	2	0	0	3	1	0	0	2	105	42	19	130	1	1	4	1	5	5	8	4	1	3	9	4	153	44	52	92	0	0	0	1	0	0	1	0	0	0	0	0	0	1	1	1	2	1	0	0	1	0	1	0	0	0	0	2	0	0	1	0	0	0	0	0	0	0	0	1	0	0	0	0	0	0	0	0
"TCGA-BT-A20J-01"	1	0	0	1	2	0	0	2	1	0	0	0	8	5	1	9	0	0	0	0	2	1	2	0	0	2	0	0	63	23	3	96	4	1	12	0	8	3	10	4	6	2	15	0	98	46	56	60	0	1	1	0	0	1	0	0	0	0	1	1	1	0	0	0	1	1	0	0	0	0	1	0	1	0	0	0	1	1	0	1	0	0	1	0	0	0	1	0	1	1	0	0	0	0	0	0
"TCGA-BT-A20N-01"	1	3	0	3	5	7	2	3	5	8	3	3	7	16	2	6	2	1	1	2	9	3	4	4	1	3	1	5	19	8	3	17	0	2	3	1	6	2	8	4	6	4	11	5	25	7	6	13	1	0	2	0	1	4	5	0	1	3	0	3	0	0	0	2	6	1	1	3	0	2	4	4	2	1	1	2	2	7	1	0	0	1	2	0	1	1	4	1	0	2	0	0	1	2	1	1
"TCGA-BT-A20O-01"	2	2	0	1	0	2	0	4	0	2	0	2	6	4	2	0	0	1	1	2	2	4	1	3	0	2	0	0	11	4	4	14	4	3	10	2	3	5	2	4	6	3	4	3	21	9	8	22	0	0	0	1	0	1	0	0	0	1	1	0	0	0	2	0	4	1	3	2	3	2	4	0	0	2	1	2	0	2	0	0	0	0	0	1	0	1	0	3	0	1	0	0	0	0	0	0
"TCGA-BT-A20P-01"	1	0	0	1	1	2	0	0	0	1	1	0	4	4	0	3	0	2	0	0	0	0	0	0	0	0	0	1	12	6	1	15	1	0	4	1	1	0	5	0	0	3	5	2	5	1	7	3	0	0	0	0	0	0	0	0	0	0	0	0	1	0	0	0	0	0	0	1	0	0	1	0	1	0	1	0	0	0	1	0	0	0	0	0	0	0	1	0	0	0	0	1	0	1	0	0
"TCGA-BT-A20Q-01"	0	0	0	0	0	0	0	1	0	0	0	0	2	0	0	2	0	0	0	0	1	0	0	0	0	0	1	0	12	2	1	14	0	1	6	1	0	2	1	1	2	0	3	0	14	3	15	9	0	1	1	0	0	0	0	0	0	0	1	0	0	0	0	0	1	2	1	1	1	0	0	1	2	0	0	1	0	0	1	0	1	0	0	0	0	1	0	1	0	0	0	0	0	1	0	0
"TCGA-BT-A20R-01"	0	1	1	0	1	0	1	0	0	0	0	1	8	3	0	3	0	0	0	0	1	1	2	1	0	1	0	2	49	15	6	46	3	1	6	1	4	3	5	3	1	2	10	0	55	12	40	21	0	0	1	0	0	0	1	0	0	0	0	0	0	1	0	0	1	0	2	1	1	0	0	0	1	0	1	1	0	0	0	0	0	0	0	0	0	0	1	1	0	0	0	0	0	1	0	0
"TCGA-BT-A20T-01"	2	3	1	1	2	0	1	0	1	1	1	1	6	1	1	4	1	0	2	0	1	0	1	0	0	0	1	1	29	9	3	34	2	3	6	0	6	5	7	4	0	2	1	1	64	16	24	28	2	1	1	1	0	1	1	1	0	0	0	0	0	0	0	0	3	0	0	1	0	0	1	0	3	0	0	1	1	1	0	1	0	0	0	0	0	0	0	0	0	0	1	0	0	0	0	0
"TCGA-BT-A20U-01"	0	1	0	1	1	0	0	0	0	0	0	0	2	1	0	0	0	0	0	0	0	1	0	0	1	0	0	0	13	7	2	15	0	1	3	0	3	0	3	2	0	1	2	1	17	2	9	7	0	0	0	0	0	0	0	0	1	0	0	0	0	0	0	0	0	0	0	0	0	0	0	0	0	0	0	0	0	0	1	0	0	0	0	0	1	0	0	0	0	0	0	0	0	0	0	0
"TCGA-BT-A20V-01"	1	0	0	1	0	1	0	1	1	2	0	1	0	1	1	2	0	0	2	0	0	0	2	0	0	0	0	0	5	1	1	5	1	0	4	2	4	2	9	0	1	1	7	6	6	3	13	5	1	0	0	1	0	0	0	1	0	0	0	0	0	1	1	0	1	0	1	1	1	2	1	0	1	1	0	0	1	2	0	0	0	0	0	0	0	0	0	0	0	3	0	0	0	0	0	0
"TCGA-BT-A20W-01"	0	1	0	1	2	2	1	0	0	0	1	2	0	0	0	1	1	0	1	1	2	1	0	0	1	3	0	5	7	2	0	7	0	0	3	1	0	2	6	0	4	3	6	2	3	5	6	4	0	1	0	0	0	0	1	1	1	1	1	1	0	0	0	0	0	0	0	0	0	1	0	1	0	2	0	2	0	2	0	0	0	1	1	0	0	1	1	3	0	0	0	0	0	1	1	0
"TCGA-BT-A20X-01"	2	2	0	0	0	0	0	4	5	2	0	2	2	2	2	3	0	0	2	1	1	0	0	3	0	1	0	0	4	0	0	2	0	0	3	0	0	0	2	2	1	0	4	2	3	3	4	2	0	1	0	0	0	1	0	1	0	0	0	0	0	0	1	0	2	1	1	3	1	0	1	1	0	1	1	0	0	0	1	1	0	1	0	0	1	1	0	1	0	0	0	0	0	1	0	0
"TCGA-BT-A2LA-01"	0	0	0	1	2	0	1	1	0	2	0	1	1	4	0	2	0	0	0	0	0	1	1	0	0	0	1	1	12	4	3	10	2	2	18	0	1	0	31	3	2	3	12	1	24	10	18	11	0	0	0	0	0	0	1	2	1	0	1	0	0	0	0	0	2	0	1	1	0	0	1	1	0	0	1	0	1	0	1	0	0	0	1	0	0	0	0	0	0	1	0	0	0	0	0	0
"TCGA-BT-A2LB-01"	1	3	3	2	5	2	2	1	2	0	2	2	5	8	0	2	2	1	2	2	4	4	2	5	3	1	1	2	20	5	6	23	7	7	10	5	14	6	13	11	7	6	13	11	122	49	49	69	0	1	1	1	0	0	3	2	1	1	1	0	0	3	3	0	14	7	14	9	4	1	8	6	9	5	12	8	13	5	4	4	0	0	3	1	1	1	2	1	2	0	2	1	1	0	3	4
"TCGA-BT-A2LD-01"	1	2	0	0	0	0	0	2	1	1	0	0	2	0	0	0	0	0	0	0	0	0	0	1	0	0	0	0	6	1	0	2	2	5	9	1	3	1	9	3	1	3	13	2	9	5	9	7	0	0	0	0	1	0	0	0	0	0	0	0	0	0	0	0	0	1	3	0	0	2	0	3	2	2	0	0	0	1	0	0	0	0	0	0	0	0	0	0	0	0	1	0	1	0	0	0
"TCGA-BT-A3PH-01"	0	0	0	1	0	2	1	0	1	0	0	2	9	10	3	5	0	1	0	1	5	0	1	1	0	1	1	1	88	45	6	95	2	3	12	1	10	3	7	3	2	3	7	2	97	23	25	37	0	0	0	1	0	0	0	0	0	0	0	0	0	0	1	0	2	0	1	1	0	0	0	1	1	1	0	0	0	1	0	0	0	0	0	0	0	0	0	0	0	0	0	0	0	0	1	0
"TCGA-BT-A3PJ-01"	4	3	1	2	2	1	3	2	1	4	0	2	9	11	0	6	0	1	2	1	3	2	5	6	0	2	2	2	50	11	9	39	5	2	11	4	15	7	8	10	7	9	8	4	107	36	50	44	0	1	1	3	1	2	3	2	0	3	2	0	1	1	1	0	4	3	7	3	0	1	6	2	3	1	1	3	3	2	1	1	0	0	0	0	1	3	2	5	0	0	0	0	0	1	0	2
"TCGA-BT-A3PK-01"	1	5	2	5	4	4	4	5	3	1	4	1	3	10	1	2	6	2	2	0	4	3	6	3	0	2	3	1	26	18	7	31	6	2	12	6	9	6	3	10	13	1	13	5	41	14	9	15	1	3	3	5	0	1	5	1	1	2	4	0	0	1	2	2	11	3	10	3	1	3	11	3	6	7	6	1	5	2	6	2	0	0	0	1	1	0	3	1	1	0	1	0	1	2	0	5
"TCGA-BT-A42B-01"	0	0	0	0	1	0	1	2	0	0	1	0	0	1	1	0	0	0	1	0	0	0	0	1	0	0	0	0	2	0	0	1	0	0	6	1	3	3	13	1	0	2	5	0	3	3	4	3	1	0	2	1	0	0	0	0	0	0	0	0	1	0	0	0	0	0	1	1	0	0	2	1	0	0	0	3	0	0	0	0	0	0	0	0	0	0	0	0	0	0	0	0	0	1	0	0
"TCGA-BT-A42C-01"	3	6	4	7	3	5	2	2	0	3	1	3	4	7	3	11	3	1	0	4	2	2	1	7	1	4	1	3	20	11	2	40	5	4	7	7	7	9	11	12	3	5	9	4	41	14	19	15	1	3	1	0	1	0	2	4	2	0	2	2	0	3	0	1	4	0	4	5	2	3	1	3	1	0	2	1	2	1	2	1	0	2	0	0	0	3	1	1	1	1	1	0	0	4	3	0
"TCGA-BT-A42E-01"	1	0	1	1	1	0	0	0	0	0	0	0	2	2	2	2	0	0	0	3	3	1	1	1	0	0	0	1	20	8	0	32	1	0	12	0	3	0	4	4	1	0	5	3	31	10	11	13	0	0	0	0	0	1	0	1	0	0	0	0	0	0	0	0	0	0	4	1	1	0	2	1	2	0	2	1	0	0	0	0	0	0	0	0	0	0	0	0	0	0	3	0	0	0	1	0
"TCGA-BT-A42F-01"	0	1	1	0	0	0	0	1	3	0	0	0	5	3	1	2	0	0	0	0	0	1	0	1	1	2	0	0	23	7	3	35	0	0	4	0	1	1	2	4	4	2	7	0	40	13	10	18	0	0	0	0	0	0	0	0	0	0	0	0	0	0	0	0	0	1	1	1	0	1	0	0	1	1	0	2	2	0	0	1	0	0	0	0	1	0	0	1	0	1	0	0	0	0	0	0
"TCGA-C4-A0EZ-01"	0	0	0	1	0	0	1	2	1	3	2	0	3	3	1	3	0	1	1	0	0	0	0	2	1	1	0	0	15	2	2	9	6	7	9	3	12	6	17	6	1	5	10	1	21	5	18	17	0	0	0	0	0	0	0	0	0	0	0	0	0	0	0	0	0	0	2	2	0	2	2	1	1	0	3	0	2	1	1	0	0	0	0	0	0	0	0	0	0	0	1	0	0	0	0	0
"TCGA-C4-A0F0-01"	0	0	1	0	2	2	0	1	1	0	0	1	2	1	1	0	0	0	0	0	2	1	0	1	0	2	0	1	3	2	0	4	2	1	8	1	3	3	5	4	0	2	3	1	4	3	1	4	1	1	0	0	0	2	0	0	0	0	1	0	0	0	1	1	1	0	2	1	0	0	2	0	1	0	0	1	1	0	0	3	0	0	0	0	1	0	0	2	0	0	0	0	0	0	0	0
"TCGA-C4-A0F6-01"	0	1	1	0	0	0	0	0	1	0	0	0	6	4	2	4	0	0	1	0	1	0	0	1	0	1	1	1	23	9	1	40	0	1	4	0	1	3	13	1	3	3	8	1	20	13	17	15	0	1	0	0	0	0	0	0	0	0	0	2	0	0	0	0	2	1	0	4	0	2	2	2	1	0	0	0	0	0	0	0	0	0	0	0	0	0	0	0	0	0	1	0	2	2	0	0
"TCGA-CF-A1HR-01"	2	2	0	0	2	0	0	1	2	1	0	1	6	4	1	6	0	0	0	0	2	1	0	0	0	0	0	0	48	15	9	52	3	1	7	0	3	4	10	4	4	3	4	3	61	22	24	34	0	0	1	0	0	0	3	0	1	0	0	0	2	1	1	0	4	2	1	2	0	0	0	0	1	1	0	0	1	0	1	1	1	0	0	1	0	0	1	0	1	0	0	0	0	0	0	0
"TCGA-CF-A1HS-01"	0	0	0	1	3	1	3	1	0	3	1	1	7	4	1	10	1	1	4	3	4	2	1	4	3	3	1	1	47	12	2	54	2	1	5	1	1	3	4	2	6	3	12	2	24	11	9	20	0	2	4	1	0	4	2	0	1	1	0	0	0	1	1	0	2	2	0	1	1	2	1	1	2	0	0	3	4	2	3	2	0	0	0	2	0	2	1	0	0	0	0	0	0	0	1	3
"TCGA-CF-A27C-01"	0	0	0	0	0	1	2	1	0	1	0	0	4	3	1	0	0	0	0	0	1	0	0	2	1	0	0	1	17	6	3	32	2	0	2	0	3	4	3	2	3	2	5	1	33	9	11	14	1	1	0	0	0	0	1	1	0	0	0	0	0	0	0	0	1	0	0	0	0	0	0	1	0	1	0	1	0	0	0	0	0	0	0	0	0	0	0	0	1	0	0	1	1	0	0	0
"TCGA-CF-A3MF-01"	0	0	1	0	0	0	1	0	0	1	0	0	2	1	0	0	0	0	0	0	1	0	0	0	0	0	0	0	0	0	0	0	0	0	5	0	1	1	4	1	1	0	4	1	2	1	0	1	0	0	0	0	0	0	0	0	0	0	1	0	0	0	0	0	0	0	1	0	1	0	0	0	0	0	0	0	1	0	0	0	0	0	0	0	0	0	0	0	0	0	0	0	0	0	0	0
"TCGA-CF-A3MG-01"	0	0	0	0	1	2	0	0	0	0	1	0	4	2	0	1	1	1	0	0	0	1	1	0	0	0	1	0	12	0	2	31	2	0	3	0	2	3	10	1	3	1	5	1	26	11	9	12	0	0	0	0	0	0	1	0	0	0	0	0	1	0	0	0	2	1	2	1	1	0	0	0	3	0	0	0	1	0	3	0	0	0	0	0	0	0	0	0	0	0	1	0	0	0	0	1
"TCGA-CF-A3MH-01"	0	1	0	0	0	1	0	0	1	0	1	0	1	0	0	0	0	0	0	0	0	0	0	0	0	0	0	0	2	0	0	4	0	1	4	0	0	0	4	2	2	0	7	0	3	0	4	2	0	0	0	0	0	0	2	0	0	1	0	0	0	0	0	0	2	1	1	0	0	0	0	0	1	2	0	0	0	0	0	0	0	0	0	0	0	0	0	0	0	0	0	0	0	0	0	0
"TCGA-CF-A3MI-01"	1	0	0	0	0	0	0	0	0	0	0	1	0	1	1	2	0	0	0	0	1	0	1	1	1	0	0	0	7	2	0	4	0	0	7	0	2	0	2	1	1	0	8	2	7	0	4	7	0	1	1	0	0	0	0	0	0	0	0	0	0	0	0	2	2	0	0	1	0	1	0	1	3	0	0	0	0	0	1	0	0	0	0	0	0	0	0	0	0	0	0	0	0	0	0	2
"TCGA-CF-A47S-01"	0	1	0	0	1	1	0	0	1	0	0	0	0	2	0	0	0	1	0	0	0	0	0	0	1	0	0	0	1	0	0	0	0	0	1	0	0	0	2	0	1	0	4	0	1	1	2	0	0	0	1	0	0	0	0	0	0	0	0	0	0	0	0	0	1	0	1	0	0	1	0	0	0	0	0	0	0	1	0	0	0	0	0	0	0	0	0	0	0	0	0	0	0	0	1	0
"TCGA-CF-A47T-01"	0	0	0	1	0	0	0	0	0	0	0	0	0	1	0	1	1	0	0	0	0	0	0	0	0	0	0	0	1	0	0	0	0	1	3	1	3	0	2	0	1	1	0	0	3	1	2	0	0	0	1	0	0	0	0	0	0	0	0	0	0	0	0	0	0	0	0	0	0	0	0	2	1	0	0	0	0	0	0	0	0	0	0	0	0	1	0	0	0	0	0	0	0	0	0	0
"TCGA-CF-A47V-01"	0	0	0	0	0	1	1	1	0	0	2	0	1	0	0	0	0	0	0	1	0	0	0	2	1	0	0	0	3	7	1	12	2	0	3	0	2	2	5	5	1	1	2	0	11	6	6	7	1	0	0	0	0	0	0	0	0	0	0	0	0	0	0	0	0	0	2	0	0	0	1	1	0	0	0	0	0	0	0	0	1	0	0	0	0	0	0	0	0	0	0	0	0	0	0	0
"TCGA-CF-A47W-01"	0	0	0	0	2	1	0	2	0	0	0	0	1	0	0	0	0	0	0	0	0	0	0	0	0	0	0	0	0	0	0	0	3	1	2	1	1	0	1	0	1	1	3	1	0	1	2	1	0	0	0	0	1	0	0	0	0	0	0	1	1	0	0	0	1	0	1	0	0	0	1	0	0	0	0	0	0	0	0	0	0	0	0	0	0	0	0	1	0	0	0	0	0	0	1	0
"TCGA-CF-A47X-01"	1	1	1	0	2	1	1	0	4	3	0	0	9	6	2	6	0	1	0	5	2	0	0	2	0	0	0	0	49	9	7	42	3	2	9	1	3	6	13	4	1	1	10	1	61	26	26	35	0	0	0	0	0	0	1	0	0	0	0	0	1	0	1	1	4	0	2	1	1	0	1	2	0	0	0	0	0	0	2	1	0	0	1	0	0	0	0	0	0	0	0	0	0	2	1	1
"TCGA-CF-A47Y-01"	0	0	0	0	0	0	0	0	0	0	0	0	1	4	1	4	0	0	0	1	0	1	0	1	0	0	0	0	7	4	0	8	2	0	2	0	1	4	2	2	0	1	5	0	4	4	3	2	0	1	0	0	0	1	1	0	1	0	0	1	1	0	0	0	2	0	1	2	1	0	0	0	1	0	0	0	0	0	0	0	0	0	0	0	0	0	0	0	1	0	0	0	0	0	0	0
"TCGA-CF-A5U8-01"	0	1	4	1	0	1	2	0	1	0	0	0	1	3	1	0	0	0	0	0	0	1	0	1	0	0	0	0	1	0	0	2	5	1	1	0	1	2	5	2	0	4	5	0	2	3	4	3	0	2	1	0	0	0	0	0	0	1	0	0	0	0	0	0	3	0	1	1	0	1	1	0	0	0	1	0	0	0	0	0	0	1	0	0	0	0	0	0	0	0	0	0	0	0	0	0
"TCGA-CF-A5UA-01"	0	2	1	0	3	0	0	0	1	1	1	1	0	1	2	2	1	0	0	0	0	0	0	0	0	0	0	0	6	3	1	5	0	1	5	2	3	2	12	2	2	2	9	0	2	2	7	4	1	0	0	0	0	0	1	0	0	0	0	1	1	0	0	1	0	2	0	0	0	0	1	0	0	0	0	1	1	0	0	1	0	0	1	0	0	0	0	0	0	0	0	1	1	0	0	0
"TCGA-CF-A7I0-01"	0	1	0	0	0	0	0	0	0	0	0	0	2	4	0	1	0	0	0	0	0	0	0	0	0	0	0	0	3	2	1	3	0	0	2	0	5	2	2	1	1	1	4	0	11	1	3	3	0	0	0	0	0	0	1	0	0	0	0	0	0	1	0	0	0	1	1	0	0	0	1	0	0	0	0	0	0	0	0	0	0	0	0	0	0	0	0	0	0	0	0	0	0	0	0	0
"TCGA-CF-A8HX-01"	1	0	1	0	1	0	0	1	0	0	0	1	0	1	0	2	0	1	0	1	0	0	0	0	0	1	0	0	6	3	1	7	0	1	1	0	3	2	5	1	0	1	4	2	15	5	8	11	0	0	0	0	0	0	0	1	0	0	0	0	0	0	0	0	1	0	0	1	0	0	0	0	0	0	0	0	1	0	0	0	0	0	0	0	0	0	0	0	0	0	0	0	0	0	0	0
"TCGA-CF-A8HY-01"	1	2	8	0	4	2	5	0	2	1	2	2	5	2	10	3	0	0	0	0	0	0	0	1	1	1	0	0	2	1	2	10	2	1	5	1	1	1	8	5	0	1	2	0	8	4	6	8	0	0	0	0	0	0	0	0	0	0	1	0	0	0	0	0	2	0	0	0	1	0	0	0	0	1	0	0	1	0	0	0	0	0	0	0	0	2	0	0	0	0	0	0	0	0	0	0
"TCGA-CF-A9FF-01"	0	1	1	0	1	1	1	0	0	0	0	0	5	3	2	2	0	0	3	0	1	0	1	0	0	1	0	0	17	7	4	15	2	1	8	1	1	0	7	2	0	2	1	2	34	14	13	11	0	0	0	0	0	0	0	0	0	1	0	0	0	0	0	0	1	0	1	0	0	0	0	0	0	2	0	1	1	0	0	0	0	0	0	1	0	0	0	1	0	0	0	1	0	0	0	1
"TCGA-CF-A9FH-01"	0	0	0	0	1	1	0	1	0	0	2	0	0	0	0	1	0	0	0	0	0	0	0	0	0	0	0	1	0	1	0	1	2	0	4	0	1	1	3	0	0	0	4	1	1	0	5	0	0	0	1	0	0	0	2	1	0	0	0	0	0	0	0	0	0	1	0	1	0	1	0	0	0	2	0	0	0	0	0	1	0	2	0	1	0	0	0	1	0	0	0	0	0	1	0	0
"TCGA-CF-A9FL-01"	1	1	0	1	2	1	0	0	2	0	1	1	2	0	1	0	0	0	0	0	0	0	1	0	0	1	0	0	0	0	1	0	1	2	3	0	3	1	6	2	2	2	3	1	1	0	5	0	0	0	0	1	0	0	0	0	0	1	1	0	0	0	0	0	0	0	0	1	0	1	0	1	1	0	0	1	0	0	1	0	0	0	0	0	0	0	1	1	0	0	1	0	0	0	0	1
"TCGA-CF-A9FM-01"	0	1	0	0	0	0	1	0	0	0	1	0	0	0	0	0	0	0	0	0	0	0	0	1	0	0	0	1	0	1	0	0	1	1	1	0	0	1	1	0	1	0	4	1	0	1	0	1	0	0	0	0	0	0	0	0	0	0	0	0	0	0	0	0	2	0	1	1	0	0	0	0	0	0	0	0	1	0	0	0	0	0	1	0	0	0	0	0	0	0	0	0	0	0	0	0
"TCGA-CU-A0YN-01"	1	3	2	1	6	2	4	4	0	1	3	0	2	5	0	2	0	0	1	0	1	0	0	0	0	1	0	1	3	3	0	2	4	4	6	2	9	5	7	10	1	3	8	1	6	6	6	6	0	0	4	0	0	0	3	1	1	1	2	1	0	0	1	0	6	1	4	2	2	0	3	0	2	2	1	1	1	0	3	2	0	0	0	0	0	1	0	0	0	0	1	0	0	0	0	1
"TCGA-CU-A0YO-01"	1	0	1	0	0	0	1	0	0	1	0	0	2	0	2	1	0	1	0	0	0	0	0	0	0	0	0	0	8	5	3	8	1	0	8	1	2	4	7	2	4	1	4	0	15	3	10	9	0	0	0	0	0	0	0	0	0	0	0	0	0	1	0	0	0	0	1	3	0	0	1	0	0	0	1	0	0	2	2	1	0	0	0	3	0	0	0	1	1	0	0	0	1	0	0	1
"TCGA-CU-A0YR-01"	1	3	0	0	2	2	0	0	2	0	2	2	2	3	0	0	0	0	0	0	2	0	3	2	1	0	0	1	1	4	2	4	3	2	2	1	4	2	8	2	3	3	4	5	7	6	2	2	2	4	1	1	0	1	2	0	0	1	0	0	1	2	0	1	5	1	4	2	3	2	7	2	3	0	2	1	2	3	5	2	0	1	1	0	0	0	1	4	0	0	0	0	0	0	0	3
"TCGA-CU-A3KJ-01"	0	1	1	0	4	0	1	1	0	2	2	1	6	3	0	0	1	0	0	0	2	1	1	1	1	0	0	1	37	9	5	34	3	3	7	2	4	3	8	3	1	5	4	0	44	14	15	19	0	0	1	0	0	0	0	0	0	0	0	0	0	0	1	0	1	2	4	2	1	0	2	0	1	0	0	0	0	5	0	0	0	0	0	1	0	0	0	0	0	0	1	0	1	0	0	0
"TCGA-CU-A3QU-01"	1	0	1	0	0	1	1	0	0	0	1	0	3	2	0	2	1	0	0	0	0	0	2	1	0	1	0	1	10	1	4	5	1	0	6	0	0	3	1	2	3	0	2	1	15	10	7	9	0	1	0	0	0	0	0	0	0	0	0	1	1	0	0	0	2	0	0	2	0	2	0	0	0	0	1	1	1	0	0	1	1	0	0	0	0	1	1	0	0	0	0	0	0	0	0	0
"TCGA-CU-A3YL-01"	3	0	0	0	1	0	0	1	1	1	2	0	3	7	0	3	0	0	1	0	0	1	1	0	0	0	0	1	36	13	6	34	1	0	11	1	0	1	4	3	0	1	2	1	47	13	21	23	0	1	0	0	0	1	0	0	0	1	0	0	1	0	1	0	2	1	0	0	0	0	0	0	0	2	0	0	0	1	1	0	0	0	1	0	0	0	0	0	0	0	1	0	0	0	0	0
"TCGA-CU-A5W6-01"	0	1	1	0	2	1	1	1	1	2	0	0	4	3	5	3	0	0	0	0	1	0	0	0	0	1	0	1	19	10	2	34	2	2	7	2	4	3	8	3	3	2	3	2	51	8	19	25	0	0	1	0	0	0	0	0	0	0	1	0	0	0	0	1	4	0	1	2	0	0	3	1	0	0	1	0	0	0	1	1	0	0	0	0	0	0	0	0	0	0	1	0	0	0	0	0
"TCGA-CU-A72E-01"	0	0	1	1	0	0	0	0	1	0	0	0	4	0	1	1	0	0	0	0	0	2	0	1	0	0	0	0	17	4	1	8	2	1	7	1	5	2	7	2	1	1	2	2	14	3	8	6	0	0	1	0	0	0	0	0	1	0	0	0	0	1	1	0	1	0	1	0	0	0	2	0	0	0	0	0	0	0	0	0	0	0	0	0	0	0	0	0	0	0	0	0	0	0	0	1
"TCGA-DK-A1A3-01"	1	1	0	2	0	3	1	2	2	4	0	0	5	10	5	9	3	2	1	2	4	4	1	2	1	1	2	1	50	22	11	55	9	5	6	2	22	9	11	7	10	4	8	7	176	57	60	72	0	1	1	1	0	0	0	2	1	1	0	0	1	1	1	0	4	3	4	3	2	2	4	4	8	3	1	4	0	2	3	0	1	0	2	0	0	0	0	0	0	0	0	1	1	0	1	0
"TCGA-DK-A1A5-01"	0	0	0	0	0	1	0	0	0	1	0	0	10	1	1	7	0	0	0	0	3	0	1	2	0	1	0	1	41	16	4	40	2	2	1	1	5	1	9	5	2	2	8	1	58	14	26	26	0	0	0	0	0	2	1	0	1	0	1	0	0	1	0	0	1	0	2	0	0	0	0	1	0	1	0	0	1	0	1	0	1	0	0	0	0	0	0	0	0	0	1	0	0	0	0	1
"TCGA-DK-A1A6-01"	0	0	1	0	1	2	1	1	2	4	3	1	7	4	3	0	2	2	0	0	2	2	0	1	1	1	1	0	38	19	2	51	6	4	11	3	8	5	12	8	2	2	7	3	41	14	22	24	0	1	0	0	0	0	1	1	0	0	0	0	0	0	0	0	1	1	2	2	0	2	1	3	0	1	1	2	1	0	1	1	0	0	0	0	1	0	0	1	0	0	2	0	0	0	1	1
"TCGA-DK-A1A7-01"	3	1	1	0	4	1	3	1	2	0	1	2	4	4	1	3	0	0	3	2	4	2	12	3	0	0	0	1	4	3	1	4	3	2	10	6	4	2	11	6	1	3	8	6	17	9	5	8	1	2	1	2	0	0	2	2	1	2	0	1	0	2	3	0	6	4	6	6	2	0	1	1	4	1	1	2	1	5	2	2	0	0	1	1	1	1	2	2	0	1	0	0	0	1	2	1
"TCGA-DK-A1AA-01"	1	0	2	0	1	2	0	0	2	1	2	0	1	2	0	2	0	0	0	0	1	1	1	1	1	0	0	0	4	0	0	1	0	2	1	2	0	2	3	2	3	1	5	1	5	2	3	4	2	0	1	0	0	0	0	0	0	0	2	0	0	0	0	0	2	0	1	0	1	1	1	3	2	0	1	1	0	0	3	0	0	0	0	0	0	0	0	0	0	0	0	1	0	0	0	0
"TCGA-DK-A1AB-01"	0	0	0	0	1	0	0	0	0	0	0	0	4	3	1	1	0	0	0	0	0	0	0	1	1	0	0	0	32	17	1	35	0	2	4	0	4	0	8	0	3	1	2	1	56	8	10	32	0	0	1	1	0	0	1	0	0	1	0	1	0	1	0	0	0	0	0	0	0	0	0	0	0	1	0	0	0	0	0	0	0	0	0	0	0	0	0	0	0	1	1	1	0	0	0	0
"TCGA-DK-A1AC-01"	1	4	2	2	3	4	1	6	1	2	0	1	23	21	3	18	8	3	0	6	5	4	7	6	1	1	2	3	104	28	17	137	15	7	17	7	29	11	17	19	17	10	17	7	487	146	186	252	2	1	2	0	1	4	2	2	0	0	1	1	1	1	0	1	4	2	7	1	4	4	5	3	5	1	3	5	2	0	2	1	2	0	1	1	1	1	1	2	2	1	0	1	1	2	2	4
"TCGA-DK-A1AD-01"	1	1	0	0	0	4	8	0	1	1	2	3	0	3	4	6	1	0	0	1	1	1	0	1	1	0	0	1	19	9	1	20	3	3	4	1	8	1	4	4	3	6	8	3	29	11	14	21	2	0	2	0	0	2	0	0	0	0	0	0	0	1	0	0	4	2	5	3	3	1	4	1	3	0	3	0	1	0	3	0	0	0	2	3	1	0	2	0	0	0	0	0	0	1	1	0
"TCGA-DK-A1AE-01"	1	0	1	1	1	0	0	0	2	2	0	1	5	3	4	2	1	0	1	0	0	0	0	1	0	0	0	0	12	6	0	12	1	2	4	0	2	0	5	1	1	2	5	1	18	4	7	9	1	0	0	0	1	0	0	0	0	1	0	0	0	0	0	0	1	0	0	2	0	1	0	1	0	0	0	0	0	0	0	1	0	0	2	0	0	1	0	1	0	0	1	0	0	0	0	0
"TCGA-DK-A1AF-01"	1	0	0	0	0	0	1	0	1	0	0	0	1	3	0	4	0	0	0	0	0	0	0	2	0	0	0	0	23	1	0	18	1	1	2	0	2	1	0	3	2	4	1	1	23	8	9	19	0	0	0	0	0	0	0	0	0	0	1	0	0	0	0	0	0	0	1	2	1	0	0	1	0	2	0	0	0	0	0	0	0	0	0	0	0	0	0	0	0	1	0	0	0	1	1	0
"TCGA-DK-A1AG-01"	0	0	0	0	2	0	0	0	0	0	0	0	0	2	0	2	0	0	0	0	0	1	0	1	0	0	1	0	12	5	1	17	0	0	6	1	0	0	3	2	1	1	7	2	28	7	14	8	0	1	0	0	0	1	0	0	0	0	1	0	0	2	0	0	1	0	1	0	0	1	1	1	1	0	0	0	0	1	0	0	0	0	0	0	0	0	0	0	0	0	0	0	0	0	0	0
"TCGA-DK-A2HX-01"	0	0	0	1	0	0	0	0	0	0	2	1	5	1	3	2	0	0	0	0	0	0	0	0	0	0	0	0	6	1	1	12	2	3	6	1	3	2	5	5	1	2	6	1	18	9	7	11	0	0	0	0	0	0	0	0	0	0	0	0	0	0	0	0	0	1	1	1	0	1	2	1	1	0	0	0	1	0	0	0	0	0	0	0	0	0	0	0	0	0	0	0	0	0	0	0
"TCGA-DK-A2I1-01"	1	1	0	1	1	1	0	0	2	0	0	1	4	3	1	6	0	1	0	0	1	1	0	1	0	0	0	0	27	9	7	40	1	1	5	2	2	1	7	2	2	3	2	4	45	17	20	28	0	0	0	0	0	1	0	0	0	0	0	0	0	0	0	0	0	0	0	1	0	0	2	1	1	1	0	0	0	0	0	0	0	0	0	0	0	0	0	0	0	0	0	0	0	0	0	1
"TCGA-DK-A2I2-01"	1	0	0	0	0	0	0	0	0	1	0	0	2	2	2	0	0	0	2	2	0	3	4	1	0	0	0	2	8	0	1	9	2	1	5	0	2	3	4	4	1	4	4	1	18	12	5	11	0	0	0	0	0	0	0	0	1	1	0	0	0	0	0	0	4	1	1	1	0	2	1	3	0	1	1	0	1	1	0	0	0	0	0	0	0	0	0	0	0	0	1	0	1	0	0	0
"TCGA-DK-A2I4-01"	1	0	1	0	2	1	0	2	2	0	0	0	27	18	9	16	5	2	0	2	2	2	1	4	1	2	0	3	133	37	11	128	3	2	8	1	17	7	19	10	2	9	9	6	271	79	104	151	0	2	0	0	0	0	1	2	0	0	1	0	0	0	0	0	0	2	0	0	0	0	1	1	2	0	1	1	0	0	1	0	0	0	0	0	0	0	0	0	0	0	0	0	0	0	0	0
"TCGA-DK-A2I6-01"	0	3	2	1	3	0	4	0	3	1	1	1	3	4	1	0	1	1	1	1	4	1	2	2	1	1	2	1	10	6	3	12	1	0	2	3	17	2	6	9	3	4	2	7	41	22	22	23	3	0	0	3	1	1	0	1	1	0	2	0	1	1	1	0	8	7	3	3	0	0	5	5	5	2	2	1	1	1	3	0	0	0	2	0	0	0	0	5	0	0	1	0	0	1	1	5
"TCGA-DK-A3IK-01"	0	2	3	0	5	4	4	4	1	0	0	1	3	5	1	4	0	1	0	2	7	9	1	16	0	1	2	0	15	5	2	28	5	1	8	1	2	1	9	4	1	1	10	0	16	6	16	11	0	0	0	0	0	2	0	2	0	1	0	0	0	0	0	0	0	1	0	2	3	1	0	0	1	0	0	1	1	0	1	0	0	1	0	0	0	0	0	0	0	0	1	0	0	1	1	0
"TCGA-DK-A3IL-01"	1	7	1	1	4	1	1	6	8	5	2	4	5	4	1	4	2	0	1	0	2	2	0	0	3	3	0	3	3	4	2	6	3	3	6	5	3	2	8	1	4	4	5	6	5	6	11	6	0	0	1	0	0	0	1	1	0	0	0	0	0	0	1	0	0	0	4	4	0	1	0	2	3	2	0	1	2	2	3	1	0	0	0	0	0	0	0	0	0	1	0	0	0	0	0	0
"TCGA-DK-A3IM-01"	1	0	2	1	0	3	0	1	0	0	1	0	1	3	2	2	1	1	1	0	2	2	0	0	1	0	0	0	1	2	1	0	0	2	3	4	3	2	10	5	1	3	7	4	4	4	2	1	0	1	0	1	0	1	1	0	0	0	0	0	0	0	0	0	0	2	0	0	0	1	0	3	2	0	0	0	0	2	1	0	0	0	0	0	0	0	2	1	0	0	0	0	1	0	1	0
"TCGA-DK-A3IN-01"	4	2	0	0	1	1	1	1	0	1	1	1	11	6	3	4	0	1	0	2	2	0	0	1	0	0	0	0	64	25	10	60	0	2	5	3	6	5	8	9	2	2	6	3	91	21	37	48	0	0	0	1	0	3	0	0	0	1	0	0	0	0	0	1	2	0	0	1	0	1	0	2	2	1	0	1	0	0	0	1	0	0	0	0	0	0	0	0	0	0	0	0	0	0	0	0
"TCGA-DK-A3IQ-01"	2	0	0	0	2	1	1	0	1	1	1	2	7	6	0	9	0	0	0	0	0	0	0	1	0	0	2	2	15	7	3	26	2	2	8	2	2	1	5	4	2	1	5	1	45	6	11	22	1	0	0	1	0	0	0	0	0	0	0	0	0	0	0	1	2	2	2	1	1	2	0	3	1	0	1	0	0	0	1	1	0	1	0	0	0	0	1	0	0	0	0	0	1	0	0	0
"TCGA-DK-A3IS-01"	0	1	2	1	2	0	1	1	1	1	0	0	13	3	2	4	0	0	2	2	2	0	1	1	0	1	0	1	38	20	5	62	2	2	8	1	1	1	4	5	2	6	13	2	83	21	36	33	0	1	2	1	0	0	0	0	0	1	0	1	0	0	0	0	1	1	3	2	0	0	0	1	0	0	0	0	0	0	0	1	0	0	0	0	0	0	0	0	0	0	1	0	0	0	0	1
"TCGA-DK-A3IT-01"	0	0	0	0	2	1	0	0	0	0	0	0	23	13	11	7	1	0	0	2	4	1	0	0	0	2	1	1	78	18	13	77	2	1	3	1	6	1	8	3	3	1	3	3	77	21	25	33	0	0	0	0	0	0	0	1	0	0	0	0	0	1	0	0	2	0	1	1	0	0	0	0	2	0	0	1	0	0	0	1	0	0	0	0	0	0	0	0	0	0	0	1	0	0	0	1
"TCGA-DK-A3IU-01"	0	1	4	3	3	4	6	3	1	0	1	1	9	9	3	3	0	1	3	3	1	2	0	0	0	0	1	1	45	17	3	57	2	5	5	0	7	6	7	13	3	2	8	3	105	26	38	71	0	0	1	1	1	1	3	0	2	1	0	1	0	0	2	0	3	1	1	1	1	1	2	4	0	1	1	1	3	2	1	1	0	0	0	1	0	0	2	2	0	0	1	0	0	0	0	0
"TCGA-DK-A3IV-01"	1	1	0	0	0	0	0	0	0	0	1	0	3	3	1	0	1	0	0	1	0	1	0	0	2	0	0	1	8	2	4	8	2	0	3	1	4	2	4	3	1	1	0	0	11	5	5	9	0	0	1	0	0	0	1	0	0	0	0	1	0	0	0	0	1	0	0	0	0	0	0	0	0	0	0	1	2	0	0	1	0	0	0	0	0	0	0	0	0	0	0	0	0	0	0	0
"TCGA-DK-A3WW-01"	1	2	2	0	2	0	0	3	0	0	0	0	24	21	13	24	2	0	0	1	8	0	1	5	2	0	1	4	162	41	39	226	3	3	8	3	15	5	13	6	15	4	12	4	318	87	138	168	0	0	0	1	0	0	0	3	0	0	0	0	1	0	0	0	0	1	0	0	0	2	1	0	0	0	1	0	0	2	1	0	1	0	2	0	0	0	0	0	0	0	2	0	0	0	0	0
"TCGA-DK-A3WX-01"	0	0	0	0	0	0	0	0	0	1	0	0	1	1	2	0	0	0	0	0	0	0	1	0	0	0	0	0	1	0	0	3	0	1	3	0	1	0	4	1	1	0	3	0	3	2	2	5	0	0	0	0	0	0	0	0	0	0	0	0	0	0	0	0	1	0	2	1	0	0	1	1	0	0	0	0	0	0	0	0	0	0	0	0	0	0	0	0	0	0	0	0	1	0	0	0
"TCGA-DK-A3WY-01"	0	0	0	0	0	0	0	0	0	0	0	0	0	0	0	1	0	0	0	0	0	0	0	0	0	0	0	0	1	5	0	3	0	0	1	0	0	0	1	0	0	1	1	0	4	2	1	1	0	0	0	0	0	0	0	0	0	0	0	0	0	0	0	0	0	0	0	0	0	0	0	0	1	0	0	0	0	0	0	0	0	0	1	0	0	0	0	0	0	0	0	0	0	0	0	0
"TCGA-DK-A3X1-01"	2	2	0	1	1	3	1	1	1	2	0	0	50	27	16	34	5	1	2	3	2	1	0	5	1	2	2	3	107	29	17	134	1	2	4	1	7	3	11	7	4	3	12	2	216	66	92	98	0	0	0	0	1	0	0	0	0	0	0	0	0	2	0	0	5	1	2	1	0	1	3	0	2	2	2	0	1	2	0	2	0	1	0	0	0	1	0	0	0	0	1	0	0	1	1	0
"TCGA-DK-A3X2-01"	0	2	2	0	2	1	1	0	0	0	1	1	3	2	0	0	1	0	0	0	2	0	0	2	0	0	1	1	5	3	2	9	3	1	9	1	3	2	14	3	1	2	12	4	7	6	9	6	0	0	0	0	0	1	1	1	0	1	0	0	0	0	0	0	0	0	0	3	3	1	0	0	0	0	0	2	0	1	1	1	0	1	2	0	0	0	0	2	1	0	0	0	1	0	2	0
"TCGA-DK-A6AV-01"	1	0	0	2	2	2	2	1	0	3	0	2	6	2	0	3	0	1	0	0	2	1	1	0	0	1	0	2	10	1	0	9	2	0	9	0	3	1	3	5	2	1	7	1	17	1	11	8	0	0	0	1	0	0	1	0	0	0	0	0	0	0	0	0	0	1	3	0	1	0	0	0	0	1	0	1	2	0	0	0	0	0	0	0	0	0	1	1	0	0	0	0	0	0	0	0
"TCGA-DK-A6B0-01"	0	0	0	0	0	0	1	0	0	1	0	0	1	0	0	0	0	0	0	0	0	0	0	1	0	0	0	0	0	0	0	1	1	0	1	0	0	1	2	2	0	3	2	0	2	0	0	2	0	0	1	0	0	0	0	0	0	0	0	0	0	0	0	0	2	1	0	1	0	0	0	0	0	0	0	1	1	0	0	0	0	0	1	0	0	0	0	1	0	0	0	0	0	0	0	0
"TCGA-DK-A6B1-01"	0	2	1	0	3	1	2	0	1	0	0	0	1	1	2	3	0	3	0	1	1	0	1	1	0	0	0	0	6	2	1	9	0	1	9	0	1	2	8	3	0	4	8	1	21	11	12	6	1	0	1	0	0	1	2	0	1	1	0	0	1	0	0	0	1	1	1	2	1	0	0	1	1	0	2	1	0	2	2	0	0	0	0	0	1	0	0	1	1	0	0	0	2	0	0	0
"TCGA-DK-A6B2-01"	2	0	0	1	3	3	2	2	1	1	0	3	4	1	2	5	3	1	1	2	1	1	1	1	3	2	0	1	10	3	1	13	3	0	6	1	2	6	11	3	1	1	11	3	22	9	9	12	2	0	1	2	1	0	3	0	1	0	0	1	1	1	2	0	1	0	3	3	2	0	2	1	1	1	3	3	1	1	1	0	0	0	0	0	0	0	1	0	0	2	0	0	1	0	1	0
"TCGA-DK-A6B5-01"	1	1	0	0	1	2	0	0	0	0	0	0	5	6	3	1	1	0	1	1	2	1	0	4	0	0	0	1	17	3	2	14	0	2	2	1	1	0	1	3	0	3	2	0	25	5	7	6	0	1	1	1	0	0	0	1	0	0	0	0	0	0	0	0	0	1	1	0	1	1	1	1	1	1	0	1	1	0	1	0	0	0	0	1	0	0	2	1	0	0	0	0	1	0	2	0
"TCGA-DK-A6B6-01"	2	1	0	0	0	1	0	1	2	2	1	2	14	10	9	8	2	1	0	0	1	0	4	2	1	0	0	0	71	37	8	126	4	5	5	2	18	12	17	10	7	6	11	4	361	99	112	163	0	0	0	0	0	0	0	0	0	0	0	0	0	0	1	1	1	0	2	0	0	0	1	1	0	0	0	0	0	0	0	0	1	0	0	1	0	1	0	1	0	0	0	0	1	1	0	0
"TCGA-DK-AA6L-01"	1	1	3	1	4	4	1	2	1	3	1	0	13	7	1	3	2	0	0	1	2	1	0	2	1	0	0	1	72	23	10	79	4	1	1	3	6	3	8	3	1	2	3	1	78	21	24	36	0	0	0	0	0	2	0	1	2	0	1	0	1	0	0	0	1	0	1	0	1	1	3	1	3	0	2	0	1	1	2	0	0	0	0	0	0	0	0	1	0	0	0	0	0	0	0	0
"TCGA-DK-AA6M-01"	1	1	0	2	1	1	0	1	1	1	0	0	1	1	2	2	0	0	0	1	0	0	0	0	0	0	0	0	1	0	0	2	0	1	3	0	1	0	7	1	4	4	9	1	9	2	7	2	0	0	0	0	0	0	0	0	0	0	0	0	0	0	0	0	0	1	0	1	0	0	1	0	0	0	1	0	0	0	1	0	0	0	0	0	0	0	0	0	0	0	0	0	0	0	0	0
"TCGA-DK-AA6P-01"	2	2	2	0	2	3	2	0	0	2	1	1	7	2	4	5	1	0	0	0	0	0	1	3	1	0	0	1	13	10	3	23	1	2	6	2	5	2	4	2	3	3	3	2	45	9	18	15	1	0	0	0	1	0	3	0	0	0	1	0	0	0	0	0	4	2	3	2	1	1	3	0	0	0	0	0	0	0	0	0	0	0	0	2	0	0	1	1	1	0	0	0	0	0	0	1
"TCGA-DK-AA6Q-01"	0	0	0	0	1	0	0	1	0	2	0	0	4	1	0	4	0	0	0	0	0	0	1	1	0	0	0	1	12	6	2	11	1	1	4	1	4	1	4	0	2	3	4	3	18	7	5	18	0	0	1	0	0	0	0	0	0	0	0	0	0	1	0	0	0	0	0	1	0	0	0	0	0	0	1	0	0	0	1	0	0	0	0	1	0	0	0	0	0	0	0	1	0	0	0	0
"TCGA-DK-AA6R-01"	3	4	10	4	12	12	13	11	1	10	10	1	5	19	10	6	0	1	2	0	3	3	2	6	0	2	2	1	17	5	2	20	3	2	6	3	7	3	12	9	5	6	6	3	35	16	16	14	1	1	1	1	0	0	3	1	1	0	0	3	1	1	0	0	8	2	0	0	1	3	4	1	2	0	3	1	1	0	0	0	1	1	0	0	0	0	0	0	0	0	2	1	1	1	1	2
"TCGA-DK-AA6S-01"	2	4	2	3	2	2	2	4	0	3	2	3	25	14	4	8	3	2	2	1	5	0	1	2	0	1	1	2	86	31	7	106	1	0	4	4	12	3	9	2	5	2	6	3	124	40	41	60	0	0	0	0	1	2	3	2	2	0	1	0	0	1	0	1	0	0	0	0	0	0	1	3	0	1	0	0	0	1	0	1	1	0	1	0	0	1	0	1	0	0	1	0	0	1	0	1
"TCGA-DK-AA6T-01"	0	0	0	0	0	0	0	0	0	0	0	0	0	1	0	1	2	3	0	2	2	0	1	0	0	2	0	5	6	3	2	4	1	1	6	0	0	1	3	0	2	2	5	1	1	1	8	1	0	0	0	1	0	0	0	0	0	0	1	0	0	0	1	0	1	0	0	0	0	0	0	0	0	1	0	0	0	0	1	1	2	0	0	0	0	0	0	0	1	0	0	0	0	2	0	0
"TCGA-DK-AA6U-01"	5	9	4	3	11	7	3	6	9	11	3	4	6	19	5	9	1	4	1	3	4	4	1	3	2	1	3	3	41	7	8	39	3	3	10	4	14	8	9	5	4	7	11	10	60	30	26	36	0	0	1	1	4	0	3	1	2	2	1	1	0	1	1	4	0	1	2	1	0	0	1	0	2	1	5	3	0	4	0	1	0	0	1	0	0	0	2	1	0	1	0	0	0	0	1	2
"TCGA-DK-AA6W-01"	3	1	1	0	1	2	1	2	1	1	0	1	8	3	1	4	0	1	0	0	1	0	0	1	0	0	0	1	29	5	2	41	3	0	12	0	2	4	20	1	0	2	8	1	56	15	21	27	0	1	1	2	1	0	0	1	0	0	0	1	0	0	0	0	0	0	2	0	0	1	0	0	0	0	2	1	0	1	0	1	0	0	1	0	1	1	0	2	1	1	0	0	0	0	0	0
"TCGA-DK-AA6X-01"	0	0	0	0	0	1	1	0	1	0	1	0	1	3	0	6	1	0	0	0	0	0	0	0	0	0	0	0	14	4	2	20	2	0	4	0	3	1	3	1	2	2	4	0	16	6	10	12	0	1	0	0	1	0	0	1	0	0	0	0	0	0	0	0	1	0	3	1	0	0	1	1	0	0	0	0	0	0	1	0	0	0	0	0	1	0	1	0	1	0	0	0	0	0	0	0
"TCGA-DK-AA71-01"	1	1	2	0	0	2	1	0	1	1	1	0	17	10	7	15	0	1	0	1	3	1	1	2	0	0	0	1	74	38	14	134	2	0	9	1	4	1	11	6	3	1	12	1	178	49	54	99	0	1	0	1	1	1	2	1	1	0	0	1	0	0	0	0	3	0	0	0	0	2	1	0	2	0	0	0	1	0	0	2	0	0	0	0	0	0	2	1	0	0	0	0	0	0	0	2
"TCGA-DK-AA74-01"	0	2	0	0	0	1	0	1	0	1	0	0	7	7	0	6	1	1	0	0	1	0	0	1	0	0	0	0	28	15	4	49	2	0	2	1	4	0	4	1	2	1	6	2	40	13	16	25	0	0	0	0	0	0	1	1	0	0	0	0	1	1	0	2	2	2	1	1	2	0	0	1	1	0	0	0	0	0	0	1	0	1	0	1	0	1	0	0	0	0	0	0	2	0	0	0
"TCGA-DK-AA76-01"	3	4	1	1	4	2	0	3	1	1	1	3	10	2	2	2	0	0	0	3	1	2	2	5	1	1	0	2	19	2	4	27	3	4	8	2	3	1	6	8	5	3	6	1	26	10	22	23	0	1	1	0	1	2	2	1	2	0	0	1	0	0	3	1	2	0	1	2	1	1	1	4	0	0	0	0	0	2	0	0	0	0	1	1	0	0	3	0	2	0	0	0	0	0	1	0
"TCGA-DK-AA77-01"	2	7	1	2	13	14	10	6	1	7	3	0	7	7	4	4	3	2	1	1	6	10	4	2	1	0	0	0	18	4	5	9	11	9	11	5	14	25	17	15	3	0	12	2	35	16	16	24	3	0	6	2	1	0	3	0	1	1	2	0	2	0	2	1	0	5	2	3	0	1	0	1	2	0	0	4	0	1	3	0	1	0	0	3	0	1	0	0	1	0	1	0	0	1	0	1
"TCGA-E5-A2PC-01"	1	1	2	2	1	4	2	4	1	4	2	1	5	1	1	1	3	1	0	2	0	4	1	5	2	3	0	2	4	8	3	11	1	2	4	2	7	6	5	4	1	1	6	5	33	9	12	13	0	1	2	0	1	2	5	1	1	0	0	0	1	3	1	0	1	3	4	4	1	0	3	1	1	1	3	1	1	0	1	0	0	1	0	0	0	1	2	2	1	0	0	0	0	1	1	1
"TCGA-E5-A4TZ-01"	4	2	1	1	4	6	2	2	2	2	3	2	15	10	2	7	2	0	1	0	1	0	2	5	1	1	1	0	62	31	9	84	3	6	20	1	3	5	24	4	3	0	22	5	72	17	31	38	0	0	1	1	0	0	1	0	0	2	0	1	0	1	0	0	2	1	0	2	2	0	3	1	4	1	0	3	2	2	1	1	0	1	0	1	0	1	2	0	0	0	0	1	0	0	0	2
"TCGA-E5-A4U1-01"	1	1	0	1	8	3	4	2	1	3	0	2	18	12	4	12	0	4	2	0	2	1	1	2	2	2	1	3	80	33	16	131	9	1	9	3	10	4	8	6	8	5	6	4	140	39	51	68	0	0	3	0	0	3	1	1	0	0	3	0	0	0	0	0	1	1	2	1	1	3	1	1	0	0	2	0	1	0	1	3	0	1	0	0	0	0	3	0	0	0	0	0	0	0	0	0
"TCGA-E7-A3X6-01"	0	0	0	0	0	0	1	0	0	0	1	0	4	1	0	1	0	0	0	0	1	0	0	0	0	0	0	1	13	4	4	17	0	0	4	0	1	2	2	0	2	3	5	0	27	4	7	15	0	0	0	0	0	1	0	0	0	1	1	0	0	0	0	0	1	2	1	1	0	0	1	0	0	0	0	0	0	2	1	0	0	0	0	0	0	0	0	2	0	0	0	1	0	0	0	0
"TCGA-E7-A3Y1-01"	2	2	1	1	3	3	11	2	3	2	0	1	2	1	0	3	0	1	0	0	1	3	1	0	0	0	1	1	4	3	0	6	1	0	7	1	8	12	14	12	0	5	9	4	8	7	4	7	1	1	2	1	0	0	3	0	0	0	0	0	0	0	0	0	2	1	5	4	2	0	1	2	1	0	1	0	2	0	2	0	0	0	1	0	0	0	1	0	1	0	0	0	0	0	0	0
"TCGA-E7-A4IJ-01"	4	3	2	1	4	8	1	3	3	1	4	3	13	3	6	8	1	2	1	1	3	4	1	3	3	2	1	3	35	13	3	38	3	5	4	2	4	4	7	4	3	2	3	4	52	15	29	29	0	1	2	0	3	1	5	3	0	1	1	0	0	1	1	1	3	0	1	0	2	3	5	1	2	1	2	0	0	1	0	1	0	0	0	0	1	0	2	2	1	0	0	1	1	0	0	0
"TCGA-E7-A4XJ-01"	0	1	1	0	0	0	2	0	1	0	0	0	1	0	0	0	0	0	0	0	0	0	1	0	0	0	0	1	0	0	1	0	2	0	3	1	1	0	5	2	0	1	7	0	2	0	5	0	0	0	0	0	0	0	0	0	0	0	1	0	0	0	0	0	0	0	1	0	0	0	0	0	0	1	0	0	0	0	1	0	0	0	0	0	0	0	0	1	0	0	0	0	0	0	1	0
"TCGA-E7-A519-01"	0	0	1	0	1	0	2	1	0	0	0	0	0	2	0	1	0	0	1	0	0	0	0	0	0	0	0	0	4	3	0	2	2	0	1	0	0	2	6	1	1	0	1	0	7	3	2	2	0	0	1	0	0	0	1	0	0	0	1	0	1	0	0	0	4	0	3	1	1	0	1	1	2	0	1	2	1	0	2	0	0	0	0	0	0	0	0	0	0	0	0	0	0	0	0	0
"TCGA-E7-A541-01"	3	1	1	1	2	2	1	2	1	4	5	1	10	11	2	2	7	2	0	5	1	4	0	3	2	2	0	3	40	10	2	43	2	4	10	6	12	5	13	8	1	7	12	6	63	23	31	35	1	2	2	5	1	5	3	2	2	1	1	1	1	4	3	2	3	5	5	3	1	3	1	10	0	0	4	2	7	2	3	4	3	1	1	2	1	3	1	4	0	0	1	0	1	4	3	2
"TCGA-E7-A5KE-01"	0	3	1	4	1	0	2	0	2	0	1	0	5	4	1	0	2	0	0	2	3	1	2	4	0	2	1	1	9	4	0	12	2	3	9	3	3	4	17	1	5	5	9	3	23	9	14	15	0	2	0	0	0	2	1	0	2	0	0	0	1	0	1	0	3	0	4	3	0	1	1	0	1	2	1	1	1	1	1	0	0	0	1	0	0	1	3	1	0	0	2	0	0	1	0	1
"TCGA-E7-A5KF-01"	0	0	0	0	1	2	4	1	0	0	1	1	8	2	1	6	0	0	1	2	2	0	0	0	1	0	0	0	23	10	2	30	2	1	1	1	3	1	3	2	2	1	3	2	52	17	21	22	0	0	0	0	0	0	0	0	0	0	0	0	1	0	0	1	1	0	2	0	0	0	0	0	0	0	0	0	0	1	0	0	0	0	0	0	0	0	0	0	0	0	0	0	0	1	0	0
"TCGA-E7-A677-01"	5	2	1	2	5	4	2	1	3	1	1	3	3	4	2	2	3	2	3	0	4	0	1	2	0	2	1	1	4	1	2	5	7	2	6	6	2	3	10	7	5	9	8	10	11	8	11	10	0	3	1	2	0	2	0	0	0	3	0	0	0	1	0	1	5	2	5	6	1	3	4	3	2	0	4	4	1	2	3	1	0	1	0	0	0	0	3	2	1	1	1	0	0	2	4	2
"TCGA-E7-A678-01"	0	1	0	0	0	0	0	0	1	1	0	0	3	3	1	0	0	0	0	1	0	0	0	0	0	0	0	0	1	1	0	1	0	2	5	0	2	0	2	0	1	0	7	1	2	1	2	1	1	0	1	0	1	0	2	0	0	0	0	2	0	0	0	0	3	1	2	2	0	0	1	0	0	1	1	0	0	0	0	0	0	0	0	0	0	0	0	0	1	0	0	0	0	0	0	0
"TCGA-E7-A6MD-01"	1	0	0	1	0	2	3	3	1	2	2	0	15	4	3	11	1	1	0	0	2	3	1	2	2	0	2	0	49	18	11	73	5	2	17	4	9	4	9	6	2	3	10	2	104	23	42	39	1	1	1	1	0	1	0	4	0	0	1	0	2	1	1	0	2	1	0	0	0	1	0	2	1	1	0	2	1	1	1	0	1	0	0	1	0	1	0	0	0	0	0	1	0	1	1	0
"TCGA-E7-A6ME-01"	2	0	1	0	2	2	2	1	1	2	3	2	0	3	1	1	2	1	2	0	1	2	1	3	0	1	2	0	6	1	2	4	0	4	6	4	6	5	8	8	1	0	3	1	0	6	5	4	0	0	0	1	0	0	0	1	0	0	0	0	1	0	1	0	6	1	2	4	4	1	2	5	3	0	1	2	0	0	1	1	0	0	0	0	0	0	0	0	0	0	0	0	1	0	0	0
"TCGA-E7-A6MF-01"	0	0	0	0	1	0	0	0	0	0	0	1	1	2	0	3	0	0	0	0	0	0	0	0	0	0	0	1	3	0	0	6	0	0	1	0	0	0	0	1	1	0	4	0	13	4	4	6	0	0	0	0	0	0	0	0	0	0	0	0	0	0	0	0	0	0	0	0	0	0	0	0	0	0	0	0	0	0	0	0	0	0	0	0	0	0	1	0	0	0	0	0	0	0	0	0
"TCGA-E7-A7DU-01"	2	0	0	0	1	2	0	1	1	1	0	0	9	4	2	8	0	0	0	1	0	0	1	0	0	0	0	0	18	7	3	54	1	1	6	1	3	4	11	4	1	1	6	3	76	12	21	29	0	1	0	0	0	0	0	1	0	0	0	0	0	0	0	0	1	0	0	2	1	1	1	0	1	0	1	0	0	1	0	0	0	0	0	0	0	0	0	0	0	0	0	0	0	0	0	0
"TCGA-E7-A7DV-01"	0	0	0	0	0	1	0	1	0	1	0	0	6	9	4	8	0	0	0	3	1	1	0	2	1	0	0	1	53	17	5	73	0	0	4	1	3	2	6	3	4	7	9	1	48	15	25	28	0	0	0	0	0	3	0	0	1	0	1	0	0	0	0	0	2	1	1	3	0	0	1	2	0	1	0	0	2	0	0	0	0	0	1	0	0	1	0	0	0	0	0	1	2	0	0	0
"TCGA-E7-A7PW-01"	1	1	0	1	4	1	2	0	3	2	0	1	3	1	0	2	0	1	1	1	0	0	1	0	0	0	0	0	9	5	0	3	0	2	6	1	3	2	6	0	1	1	9	2	15	1	6	16	0	0	0	0	0	0	0	1	0	0	0	0	0	0	0	0	2	0	0	1	1	1	0	0	0	0	1	0	0	0	0	1	0	1	0	1	0	1	0	1	0	0	0	0	0	0	0	0
"TCGA-E7-A7XN-01"	1	2	0	0	1	0	1	0	0	0	2	0	12	16	4	5	1	1	1	3	3	3	1	1	1	0	0	1	187	60	24	194	3	1	5	1	19	3	8	7	8	5	10	2	226	58	77	95	1	0	1	1	0	2	8	1	0	2	2	0	0	1	2	0	1	2	0	1	1	1	1	0	2	1	1	1	0	0	1	1	0	0	0	1	0	0	1	2	0	0	0	0	0	0	0	0
"TCGA-E7-A8O7-01"	0	0	0	1	0	0	0	1	0	0	0	1	0	0	2	1	0	0	1	0	0	1	0	0	0	0	0	0	2	0	1	2	0	0	3	0	2	1	3	1	1	0	2	1	3	0	3	1	0	0	0	0	0	0	1	0	0	0	0	0	0	0	0	1	0	2	2	0	0	0	0	0	0	0	0	0	0	0	0	0	0	0	0	0	0	0	0	0	0	0	0	0	0	0	1	0
"TCGA-E7-A8O8-01"	0	2	3	0	2	2	2	3	0	1	1	0	2	2	0	0	0	1	0	0	0	0	0	1	2	0	0	0	2	3	1	8	1	1	7	1	4	2	12	0	5	0	8	0	14	7	9	4	1	0	2	0	0	2	12	2	2	1	0	0	0	1	3	0	3	0	2	0	0	1	0	1	1	1	1	1	0	0	0	2	0	0	0	0	0	1	1	1	0	0	1	0	0	0	1	0
"TCGA-E7-A97P-01"	2	1	1	0	2	1	2	1	4	4	0	1	8	5	3	5	3	1	1	0	1	2	2	6	0	1	0	2	10	1	3	8	1	5	6	0	6	2	5	5	6	9	8	2	15	9	4	2	0	0	0	0	1	1	0	0	0	0	0	2	0	0	3	0	7	4	2	6	2	1	2	8	4	2	4	2	2	2	1	1	0	0	0	0	1	0	0	3	0	1	1	0	0	0	1	0
"TCGA-E7-A97Q-01"	0	0	0	0	0	0	0	0	0	0	0	0	2	2	0	0	0	0	0	0	0	1	0	0	0	0	0	0	3	1	1	2	0	0	1	0	0	1	3	2	0	1	1	3	5	3	4	5	0	1	0	0	0	0	0	2	1	2	0	0	0	0	1	0	0	0	0	2	1	0	0	2	0	1	0	0	3	0	1	0	0	0	0	1	0	0	0	0	1	0	0	0	0	0	1	0
"TCGA-FD-A3B3-01"	2	0	1	1	0	1	1	3	1	2	0	2	1	1	0	2	0	1	1	1	3	1	2	1	0	0	2	0	15	4	3	18	1	0	4	1	3	6	9	4	2	0	4	3	30	9	15	10	0	0	1	0	0	0	2	1	0	1	1	0	0	0	0	0	1	0	1	0	3	1	1	1	1	0	0	1	0	1	1	2	0	0	0	0	0	0	2	0	0	0	0	1	0	0	1	0
"TCGA-FD-A3B4-01"	5	0	0	1	3	0	0	2	5	0	2	5	2	1	1	4	0	1	0	1	0	0	0	0	0	0	0	1	0	0	0	2	1	2	1	1	1	1	3	2	0	1	3	1	2	1	5	1	0	0	1	0	0	0	0	1	0	0	0	0	0	0	0	1	0	3	0	0	0	0	0	0	2	0	1	0	0	0	0	0	0	0	0	0	0	0	0	0	0	0	1	1	0	0	0	0
"TCGA-FD-A3B5-01"	0	0	0	2	3	1	1	2	1	0	1	1	2	2	2	4	0	0	1	0	1	0	0	1	0	0	0	2	13	7	3	24	1	0	4	1	0	2	6	1	4	0	2	1	21	5	16	14	0	1	0	0	0	1	2	0	0	0	0	0	0	0	0	0	2	0	0	0	1	1	0	2	0	0	0	2	0	1	0	1	0	0	0	0	0	0	0	0	0	0	0	0	0	0	0	1
"TCGA-FD-A3B6-01"	1	1	1	0	4	1	0	1	1	3	1	0	13	8	1	7	1	1	1	1	2	0	1	2	0	1	0	0	32	9	3	44	2	3	5	2	8	3	8	6	4	2	7	2	50	18	18	17	1	0	0	0	0	0	0	1	0	0	0	0	1	1	2	0	3	0	1	0	0	2	2	0	1	0	2	2	1	0	0	0	0	0	0	0	0	0	0	0	0	1	0	0	1	0	0	0
"TCGA-FD-A3B7-01"	1	0	0	0	0	1	1	0	1	0	3	1	0	1	0	2	2	0	0	0	0	1	1	1	0	0	0	0	6	0	2	2	0	1	6	1	2	2	5	0	0	0	2	0	2	4	1	3	0	0	0	0	1	0	0	0	1	1	0	0	0	1	1	2	0	2	1	1	0	0	2	0	1	2	2	0	0	0	1	1	0	1	1	0	1	0	0	1	0	0	1	2	1	1	0	0
"TCGA-FD-A3N5-01"	5	5	2	1	4	1	2	4	3	6	3	2	6	8	1	3	2	3	0	2	8	1	5	6	1	4	1	1	8	2	3	3	8	9	8	3	10	10	11	16	11	9	6	3	12	7	9	7	2	0	0	1	0	2	6	2	4	1	1	2	1	3	0	0	9	5	13	2	3	1	11	3	5	5	6	3	5	2	4	2	1	0	2	2	2	1	2	2	0	3	2	3	1	0	2	0
"TCGA-FD-A3N6-01"	2	0	3	0	3	0	2	1	0	0	0	1	2	2	1	5	0	1	0	0	0	0	0	4	0	1	0	1	0	2	2	8	1	3	7	1	2	0	12	1	0	2	12	2	14	3	19	2	1	0	0	1	0	0	0	1	0	0	0	0	0	0	0	0	0	1	1	0	1	0	0	1	2	0	1	0	0	1	0	0	0	1	0	1	0	0	1	0	0	0	0	0	1	0	0	0
"TCGA-FD-A3NA-01"	0	1	0	2	0	1	0	1	3	0	0	1	3	2	1	4	1	0	1	2	0	0	1	0	1	1	1	1	27	7	2	25	1	1	2	1	2	0	6	2	1	1	3	2	35	11	15	16	0	1	1	0	0	0	0	0	0	0	0	0	0	0	0	0	2	0	0	2	0	0	1	0	1	0	0	0	1	0	1	0	0	0	0	0	0	0	0	0	0	0	0	1	0	0	1	0
"TCGA-FD-A3SJ-01"	1	4	2	1	6	1	2	2	2	1	4	2	4	1	1	3	1	1	0	1	4	0	0	2	0	0	1	0	16	17	5	29	1	3	6	2	7	2	9	9	2	1	14	3	35	7	4	18	0	3	3	0	1	3	4	1	0	1	1	0	0	1	2	1	3	2	4	3	0	0	2	2	2	0	0	1	3	0	0	1	0	1	0	0	0	0	0	0	0	0	0	0	0	1	0	0
"TCGA-FD-A3SL-01"	3	4	0	1	1	3	2	2	2	0	4	1	2	5	3	4	0	4	4	2	0	3	7	4	1	1	2	0	10	4	7	15	5	4	12	2	4	2	5	6	1	5	5	3	15	4	8	11	3	3	1	0	0	1	3	0	2	1	0	2	0	1	1	0	2	3	0	0	0	2	4	0	4	2	1	1	1	2	2	1	0	0	1	0	2	2	1	5	0	1	1	1	0	0	1	1
"TCGA-FD-A3SM-01"	0	0	0	0	0	0	1	1	2	1	0	1	5	6	2	1	1	0	1	1	1	1	0	1	0	0	0	0	26	8	4	33	0	0	8	0	3	4	7	3	3	1	7	1	33	6	14	19	0	0	2	1	1	0	0	0	0	0	0	1	0	1	0	0	0	0	5	1	2	0	0	0	0	0	1	0	0	0	0	0	0	0	0	0	0	0	1	0	0	0	1	0	0	0	0	0
"TCGA-FD-A3SN-01"	1	1	4	1	2	1	1	0	0	2	0	0	4	3	2	1	2	0	1	0	1	1	2	2	2	1	0	0	21	8	3	26	11	2	14	3	9	5	6	3	7	3	5	2	97	38	51	63	0	1	0	2	0	0	1	1	0	0	1	0	0	1	1	0	3	1	2	2	2	1	2	0	1	1	6	2	1	0	1	0	0	0	0	0	0	1	1	0	0	0	0	0	2	3	1	0
"TCGA-FD-A3SO-01"	2	0	0	1	1	0	0	0	0	1	0	0	6	5	0	5	1	1	0	1	0	1	0	3	1	2	0	0	47	18	5	51	2	3	7	0	5	2	3	2	3	3	5	2	88	23	41	53	0	3	0	0	0	0	1	0	0	0	0	0	0	1	0	1	2	1	1	2	2	0	1	0	0	0	1	0	0	1	0	0	0	0	0	0	0	0	0	0	0	0	0	0	0	0	0	0
"TCGA-FD-A3SP-01"	0	3	1	0	1	1	0	0	2	0	0	1	1	0	1	3	0	0	0	0	1	0	1	1	0	1	0	0	5	6	1	12	0	1	4	1	2	2	11	4	1	2	6	0	19	7	12	8	0	0	1	0	0	0	0	0	1	0	0	1	0	0	0	0	1	0	0	4	1	0	0	2	0	0	2	1	0	1	1	1	0	0	0	2	0	0	0	0	0	0	0	0	0	0	0	0
"TCGA-FD-A3SQ-01"	1	1	0	0	0	0	1	0	0	0	1	1	0	0	0	2	1	0	0	0	0	0	2	0	1	0	0	0	3	0	2	4	2	1	8	1	3	1	5	2	1	2	1	0	10	3	8	4	2	0	0	0	0	0	1	0	0	1	0	1	1	0	1	0	1	0	0	1	1	1	0	1	0	1	0	1	0	0	0	0	0	0	0	0	0	0	0	0	0	0	0	0	0	0	0	0
"TCGA-FD-A3SR-01"	0	0	0	1	1	1	1	0	0	0	1	1	2	3	2	4	1	1	0	0	0	0	0	0	0	1	0	0	10	3	2	20	0	1	5	3	3	3	8	2	2	3	7	2	12	8	14	5	0	0	1	0	0	1	0	1	0	0	0	2	0	0	0	0	1	1	0	2	0	0	2	0	1	1	0	2	0	1	1	0	0	0	0	0	0	0	0	0	0	0	0	1	0	1	1	0
"TCGA-FD-A3SS-01"	0	0	2	1	1	3	1	1	2	4	1	1	10	5	2	17	3	0	0	0	3	1	0	0	1	0	0	2	47	8	9	74	3	2	2	0	7	3	6	4	4	6	8	2	133	39	61	81	0	0	0	0	0	0	0	1	0	0	0	0	0	0	1	0	1	2	1	1	0	0	2	0	1	0	0	0	0	0	0	1	0	0	0	0	0	0	1	0	0	0	0	0	0	0	1	0
"TCGA-FD-A43N-01"	2	2	1	1	3	1	0	1	2	1	1	4	2	3	1	2	0	2	2	0	1	2	0	0	0	1	1	0	12	5	0	25	1	1	14	0	2	1	15	3	3	0	11	3	10	5	12	13	0	2	1	1	1	0	2	0	1	0	0	0	0	0	0	0	3	1	2	1	0	1	1	2	3	1	0	1	0	0	1	1	0	0	2	0	0	0	1	0	0	0	0	0	0	0	0	0
"TCGA-FD-A43P-01"	0	2	1	1	3	1	3	2	0	2	1	2	12	15	4	9	1	0	1	2	0	2	1	5	1	0	0	2	53	24	3	65	6	2	7	1	12	4	14	4	5	3	14	2	67	30	31	39	2	0	1	0	0	0	1	0	0	2	0	0	0	0	0	1	2	2	6	0	1	0	0	4	1	2	2	1	0	1	1	1	0	0	0	1	0	0	0	1	0	0	0	0	0	0	1	1
"TCGA-FD-A43U-01"	1	2	0	1	1	0	3	1	1	1	1	1	4	0	1	0	0	0	0	1	0	0	1	3	0	0	0	1	0	2	0	0	4	2	8	0	1	1	6	5	0	0	6	0	5	4	6	4	0	1	0	0	1	0	0	0	0	0	1	0	0	1	0	0	1	0	0	0	0	0	1	3	0	0	0	1	0	0	1	0	0	0	0	0	0	0	0	0	0	0	0	1	0	0	0	0
"TCGA-FD-A43X-01"	2	0	0	0	2	1	1	0	1	0	1	0	10	3	3	7	0	1	0	1	0	2	0	2	0	1	0	1	39	8	7	54	3	1	4	2	10	6	7	4	1	3	9	2	67	22	24	35	0	0	0	0	0	0	0	0	1	0	2	0	0	0	2	0	1	0	5	3	1	0	3	2	1	0	1	1	0	0	0	2	0	0	0	1	0	0	1	0	0	0	0	0	0	0	0	0
"TCGA-FD-A43Y-01"	0	0	0	1	1	1	0	2	0	0	0	1	4	3	0	0	0	0	1	1	1	0	0	0	0	1	1	0	1	0	1	0	1	1	0	1	1	1	5	1	1	3	2	2	4	4	1	1	0	1	0	0	1	0	1	0	1	0	0	1	0	4	0	0	0	0	3	1	1	1	3	1	0	0	0	1	0	0	0	1	0	0	0	0	0	0	4	1	0	0	0	0	0	1	0	2
"TCGA-FD-A5BR-01"	4	4	1	1	3	1	1	1	1	3	0	1	2	2	0	2	1	0	0	0	0	1	0	1	1	1	0	1	2	0	0	2	2	1	5	2	1	2	9	0	1	2	2	1	6	2	6	1	0	0	1	0	0	0	1	0	1	1	0	0	1	0	0	1	1	0	1	2	0	1	2	1	1	0	0	0	0	0	0	0	0	1	1	1	2	0	0	1	0	0	1	0	0	0	0	0
"TCGA-FD-A5BS-01"	0	0	0	0	0	0	0	0	0	0	0	0	0	1	0	1	0	0	0	0	0	0	0	2	0	0	0	0	2	1	0	1	0	0	1	0	2	0	1	1	0	0	0	0	4	2	2	6	0	0	0	0	0	0	0	0	0	0	0	0	0	0	0	0	0	0	0	0	0	0	0	0	1	0	0	0	0	0	0	0	0	0	0	0	0	0	0	0	0	0	0	0	0	0	0	0
"TCGA-FD-A5BT-01"	1	0	0	0	1	1	1	0	0	0	0	0	3	5	1	2	0	0	0	0	0	0	0	0	0	0	0	0	16	3	0	14	3	0	6	3	3	3	3	1	0	0	7	0	17	6	11	7	0	0	1	0	0	0	0	0	0	0	0	0	0	1	0	0	2	0	2	1	1	0	3	1	0	0	0	0	0	0	1	0	0	0	0	0	0	0	0	0	0	0	0	0	0	0	0	0
"TCGA-FD-A5BU-01"	1	4	2	0	0	1	2	1	0	2	0	2	0	0	0	1	0	0	0	0	0	0	1	1	0	1	0	0	2	0	1	4	3	1	9	1	2	1	4	1	2	4	4	0	4	0	2	4	0	0	0	0	0	0	0	0	0	0	0	0	0	0	0	0	1	1	1	0	0	0	1	2	0	0	0	0	0	0	0	0	0	0	0	0	0	0	0	0	0	0	0	0	0	0	0	0
"TCGA-FD-A5BV-01"	0	1	0	0	4	2	2	3	2	4	1	1	5	2	0	0	0	0	0	0	0	3	0	3	1	0	0	0	6	0	0	2	3	5	2	0	3	6	9	4	1	1	7	2	4	1	2	2	1	0	0	0	2	1	0	1	0	0	0	0	1	0	1	0	2	1	0	2	1	0	1	3	1	0	0	0	0	3	1	1	1	1	1	0	1	0	1	1	0	0	0	0	0	0	1	0
"TCGA-FD-A5BX-01"	0	1	0	0	0	2	0	0	1	2	0	0	11	4	4	13	1	0	0	0	1	1	0	3	1	0	0	1	38	18	9	70	3	3	4	0	5	3	3	3	2	0	5	1	76	28	34	51	0	0	1	0	1	0	0	1	0	0	0	0	0	0	0	0	0	0	0	0	0	1	0	0	0	1	1	1	0	0	0	0	0	0	0	0	0	0	0	0	0	0	0	0	0	0	0	0
"TCGA-FD-A5BY-01"	2	0	0	0	1	0	0	0	0	1	0	0	1	0	1	3	0	0	1	0	0	0	0	1	0	0	0	0	2	1	0	3	0	0	3	0	2	1	3	0	1	5	4	0	7	3	2	2	0	0	0	0	0	0	0	0	0	0	0	0	0	0	0	0	0	0	0	0	0	1	0	0	0	0	0	0	0	0	0	0	0	0	0	0	0	0	0	0	0	0	1	0	0	0	0	0
"TCGA-FD-A5BZ-01"	0	1	1	0	4	1	1	2	1	0	0	1	0	6	0	1	0	0	2	0	0	0	0	2	0	0	0	1	10	4	4	13	0	0	5	0	2	2	7	1	1	3	11	4	13	8	13	11	0	0	0	0	0	0	0	0	0	0	0	1	0	0	0	0	0	1	1	3	0	1	0	0	0	0	4	1	0	1	0	0	0	0	2	0	0	0	1	0	0	0	1	0	0	0	0	2
"TCGA-FD-A5C0-01"	1	0	0	0	0	3	0	1	3	0	0	1	0	3	3	1	0	0	0	1	0	0	0	2	0	1	0	0	4	0	0	2	0	2	5	0	7	9	13	4	1	6	5	0	8	5	8	6	0	0	0	1	0	0	1	1	0	0	0	0	0	0	0	1	4	0	4	0	0	3	1	1	2	1	2	1	2	2	0	1	0	0	0	0	0	0	1	0	0	0	0	0	0	0	0	0
"TCGA-FD-A5C1-01"	0	1	0	0	1	1	1	1	1	0	0	1	2	3	3	3	1	1	0	0	1	0	0	1	0	1	0	0	8	6	1	20	2	5	11	0	2	1	11	1	2	2	10	0	16	4	12	11	0	0	1	1	0	0	1	0	0	0	0	0	0	1	0	0	1	2	6	1	0	0	1	1	0	0	1	1	0	0	0	0	0	0	0	0	0	0	0	0	0	0	1	0	1	0	0	0
"TCGA-FD-A62N-01"	3	2	1	0	2	1	2	1	1	0	1	0	1	3	1	3	0	1	0	0	0	0	0	0	0	1	0	0	3	1	0	3	1	1	1	1	3	5	7	1	3	3	2	4	5	4	6	4	0	0	0	0	0	1	2	0	0	0	0	0	2	0	1	0	1	0	0	0	0	0	2	2	1	0	1	1	1	1	0	0	0	0	0	0	0	0	0	0	0	0	1	1	0	0	1	0
"TCGA-FD-A62O-01"	0	0	0	1	1	0	0	1	0	0	0	0	4	2	1	2	1	2	1	0	0	0	1	0	2	1	1	1	15	11	2	22	1	2	5	1	4	6	8	1	0	3	7	1	33	9	30	12	1	0	0	0	0	0	0	0	0	0	0	1	0	0	0	0	1	0	2	0	0	0	0	0	2	0	0	0	2	0	0	1	0	0	0	0	0	0	0	2	0	0	0	0	0	0	0	0
"TCGA-FD-A62P-01"	2	2	0	0	1	1	0	1	0	0	1	0	15	15	4	6	1	2	0	2	0	0	1	6	0	0	1	2	54	22	12	72	4	2	12	1	7	4	10	7	1	1	10	4	81	22	37	40	1	1	0	0	0	0	1	0	1	0	0	1	0	0	0	0	3	1	2	2	0	0	1	1	1	0	2	0	1	0	0	0	0	0	0	0	0	0	1	0	1	0	2	0	0	0	0	0
"TCGA-FD-A62S-01"	1	0	1	2	5	2	1	0	1	1	0	1	0	2	1	0	1	0	0	0	0	0	0	0	0	0	0	0	1	0	1	3	2	1	4	1	1	2	6	1	0	2	4	3	2	4	2	0	0	0	0	1	0	0	2	0	0	0	0	0	0	0	0	0	2	0	1	1	0	1	1	1	2	0	1	0	0	0	1	1	0	0	0	0	0	0	2	1	0	0	0	0	0	0	0	0
"TCGA-FD-A6TA-01"	0	1	0	0	0	0	0	1	1	0	0	0	7	5	0	6	1	0	0	0	1	0	1	0	1	0	1	1	41	12	5	63	1	0	0	0	5	1	7	2	2	0	4	0	60	17	22	32	0	1	0	0	0	0	0	0	0	0	0	0	0	0	0	0	0	0	1	0	0	1	0	0	1	0	0	0	0	0	0	0	0	0	0	0	0	0	0	0	0	0	0	0	0	1	0	1
"TCGA-FD-A6TB-01"	1	1	0	0	1	0	0	0	0	1	0	0	5	1	4	3	0	0	0	0	0	3	0	0	0	0	0	1	27	11	6	44	1	1	4	0	2	0	6	0	0	1	7	2	43	15	20	21	0	0	0	0	0	0	0	0	2	0	0	0	0	0	0	0	0	0	0	0	0	2	0	0	0	0	0	1	1	0	1	0	0	0	0	0	0	0	0	0	0	0	0	0	0	0	0	0
"TCGA-FD-A6TC-01"	0	0	1	0	3	1	0	1	1	0	0	0	35	15	8	13	1	0	1	2	5	0	0	4	0	1	1	3	161	60	30	175	0	2	6	2	10	5	13	4	7	5	12	5	205	73	89	126	0	0	0	0	1	1	0	0	0	0	0	0	0	0	0	0	3	2	2	1	0	1	0	2	3	0	0	2	0	0	0	3	0	0	0	1	0	0	1	0	0	0	0	0	1	0	0	0
"TCGA-FD-A6TD-01"	0	0	0	0	2	3	0	0	0	1	1	1	5	5	0	0	1	1	0	1	0	1	2	3	1	0	0	0	8	3	0	12	1	1	9	0	4	2	6	1	1	6	2	2	29	7	9	9	0	0	0	0	0	0	2	0	1	0	0	0	0	0	0	0	2	1	2	1	0	0	0	0	2	0	0	2	0	0	0	0	0	0	0	0	0	0	0	0	0	0	0	0	0	0	0	0
"TCGA-FD-A6TE-01"	1	1	0	0	1	0	0	1	1	0	0	0	6	4	4	8	0	0	1	0	0	1	0	1	0	0	1	1	32	12	5	47	2	3	6	1	3	2	6	3	2	1	2	2	53	20	15	21	0	0	0	0	0	0	0	0	0	0	0	0	0	0	0	0	0	0	1	1	0	0	0	0	0	0	1	0	0	0	0	0	0	1	0	0	0	0	0	0	0	0	0	0	0	1	0	0
"TCGA-FD-A6TF-01"	1	3	0	0	1	1	0	1	0	1	1	1	4	3	1	1	1	0	1	0	2	0	2	1	3	0	0	1	16	2	0	22	2	0	3	0	3	2	8	4	2	3	4	1	17	9	7	7	0	1	1	1	0	0	0	0	0	0	0	2	0	0	0	0	2	1	1	0	1	1	2	1	1	0	1	0	0	0	0	0	0	0	0	0	0	0	1	0	0	0	0	1	0	0	0	1
"TCGA-FD-A6TG-01"	3	4	6	2	2	1	2	3	3	0	3	3	18	14	5	5	2	1	0	0	2	1	2	4	1	1	2	2	34	14	5	64	3	1	7	2	11	10	10	10	4	2	9	4	60	19	22	33	2	0	0	1	0	2	5	1	0	0	0	0	3	1	0	1	7	0	5	2	2	5	1	2	1	1	4	0	1	2	4	0	0	0	0	0	0	2	0	0	1	1	0	0	1	0	0	0
"TCGA-FD-A6TH-01"	0	0	0	0	0	2	3	0	1	0	0	1	4	1	0	0	0	1	0	1	0	1	0	1	1	0	1	0	16	7	1	11	5	2	5	0	1	5	7	4	0	2	5	5	26	10	19	17	0	0	0	0	0	0	0	0	3	0	0	0	0	1	2	0	1	0	2	1	0	0	0	1	0	0	0	0	1	0	0	0	0	0	0	0	0	0	1	1	0	0	0	1	0	0	0	0
"TCGA-FD-A6TI-01"	1	1	0	3	1	3	2	2	3	1	1	0	2	0	1	4	1	1	0	1	1	0	0	0	0	0	0	0	0	1	0	1	2	0	9	2	3	4	9	6	2	3	11	5	3	1	8	6	0	1	0	1	1	2	1	1	2	1	1	0	0	0	0	0	3	0	1	2	3	0	1	2	0	1	0	3	1	0	0	1	0	0	0	0	0	0	0	0	0	0	1	0	0	1	0	0
"TCGA-FD-A6TK-01"	0	2	0	0	2	1	2	0	1	1	0	1	0	0	0	0	0	0	0	0	3	1	0	2	0	0	0	0	9	5	2	14	1	3	8	0	2	4	4	3	0	2	5	0	18	5	7	12	0	0	1	0	0	1	1	1	0	0	0	0	0	1	0	0	3	0	3	0	2	0	2	2	0	0	1	0	0	0	0	1	0	0	0	0	0	0	0	0	0	0	0	1	0	0	0	0
"TCGA-FJ-A3Z7-01"	2	2	1	0	0	1	0	0	1	2	2	2	8	6	3	2	1	1	3	0	0	0	4	3	2	1	1	2	40	19	5	37	6	2	9	1	5	5	5	4	4	3	9	6	70	22	22	25	1	0	2	0	0	1	1	0	0	1	0	1	1	1	0	1	0	1	0	0	1	2	0	0	0	0	0	2	0	0	0	1	0	0	0	0	0	0	0	0	0	0	0	0	0	3	0	1
"TCGA-FJ-A3Z9-01"	1	1	0	0	2	0	0	3	0	0	2	1	1	0	0	3	0	0	0	0	0	0	0	0	0	1	2	0	3	0	0	4	0	1	8	0	1	1	13	1	1	2	12	1	8	2	7	2	0	0	0	0	0	0	0	0	0	0	0	0	0	0	0	0	0	1	1	0	1	0	0	1	1	0	0	1	0	0	0	1	0	0	0	0	0	0	0	0	0	0	0	0	0	1	0	0
"TCGA-FJ-A3ZE-01"	14	15	3	7	12	8	2	7	10	16	7	18	3	11	1	13	1	7	0	2	3	8	1	5	9	3	4	2	12	10	2	11	10	10	5	4	4	8	6	9	16	16	12	19	9	5	8	10	2	1	1	0	0	1	5	1	1	0	2	2	2	1	1	3	1	0	2	1	3	4	5	0	2	4	1	1	4	7	3	2	1	0	3	1	0	1	2	2	0	0	1	0	1	1	2	2
"TCGA-FJ-A3ZF-01"	1	5	4	0	0	2	4	1	5	2	2	2	4	5	3	3	0	0	2	1	2	2	0	3	1	2	0	4	15	7	3	29	3	3	9	2	4	3	10	8	0	0	6	2	41	14	17	26	0	0	0	0	0	0	0	1	1	0	1	0	1	0	1	0	0	0	1	5	0	1	1	1	4	1	1	2	1	0	0	1	1	0	0	0	0	0	2	1	1	1	0	2	0	0	1	0
"TCGA-FJ-A871-01"	0	2	0	0	1	0	1	0	0	0	0	0	0	0	1	0	0	0	0	0	1	1	0	0	0	1	0	0	1	0	0	1	0	1	4	0	2	2	4	3	1	2	5	1	2	2	3	1	0	0	0	0	0	0	0	0	0	0	0	0	0	0	0	0	2	0	3	3	0	0	0	3	0	2	0	0	0	0	0	0	0	0	0	0	0	0	0	0	0	0	0	0	1	0	0	1
"TCGA-FT-A3EE-01"	1	1	0	1	4	0	0	1	1	1	0	1	0	5	1	2	0	0	0	0	2	1	3	1	0	1	0	0	4	1	0	2	1	0	6	0	3	3	6	7	1	2	7	1	13	7	10	5	0	0	2	0	0	0	1	2	0	0	0	1	1	0	0	1	1	1	4	3	0	0	3	2	0	2	0	0	1	1	1	0	0	0	0	0	0	1	1	0	0	0	0	0	0	1	1	0
"TCGA-FT-A61P-01"	1	0	0	0	0	1	0	2	2	2	2	1	3	4	0	1	2	0	0	0	1	0	3	1	0	0	0	1	8	3	1	10	2	2	5	1	3	2	9	5	5	3	6	6	17	11	11	10	0	1	0	0	0	1	1	0	0	0	0	0	0	1	0	0	0	0	6	2	1	0	5	3	1	0	2	1	1	0	2	1	0	1	1	0	1	3	1	2	1	0	0	1	2	1	0	1
"TCGA-G2-A2EC-01"	0	0	0	0	1	0	0	2	0	1	0	4	1	7	0	3	0	1	0	1	1	1	1	0	0	1	0	1	15	7	5	23	4	0	2	0	2	1	5	3	2	4	2	3	35	9	16	18	1	0	0	1	0	1	0	0	0	0	0	0	0	0	0	1	1	1	2	2	0	2	1	0	3	1	0	1	0	1	1	0	0	0	0	0	0	0	0	0	0	0	0	0	0	0	0	1
"TCGA-G2-A2EF-01"	0	0	0	1	1	0	1	1	0	2	0	0	5	0	3	4	1	1	0	0	0	1	0	1	0	1	2	0	35	11	4	36	2	3	6	0	3	5	7	3	0	1	7	3	61	17	19	32	0	1	1	0	0	0	1	1	0	0	0	0	0	1	0	0	2	1	0	0	0	1	3	3	1	1	1	1	1	0	3	0	1	0	1	0	0	0	1	1	0	0	0	1	0	0	0	0
"TCGA-G2-A2EJ-01"	4	0	0	1	3	0	0	0	0	3	1	2	3	8	3	4	1	2	1	0	0	1	1	4	0	2	2	0	41	17	5	46	0	4	10	0	3	2	7	2	7	4	6	4	42	19	24	22	0	0	0	2	0	0	1	0	1	0	0	0	0	0	0	1	1	1	3	0	2	0	0	0	1	0	0	1	0	1	1	0	0	0	0	0	0	0	1	1	0	0	1	1	0	1	0	0
"TCGA-G2-A2EK-01"	0	0	0	0	0	0	0	0	0	0	2	0	2	0	0	1	0	0	0	0	0	1	0	1	0	0	0	0	6	1	0	9	1	1	5	0	2	3	12	1	1	1	6	0	7	2	2	3	1	0	0	0	0	0	0	0	0	0	0	0	0	0	0	0	1	0	0	0	1	2	0	0	0	0	1	1	1	0	1	0	0	0	0	0	0	0	0	1	0	0	0	0	0	0	0	0
"TCGA-G2-A2EL-01"	0	2	0	1	0	1	1	1	0	1	0	0	7	4	3	2	1	1	1	0	1	2	0	4	3	0	0	0	33	13	4	51	0	2	5	1	2	4	6	2	2	2	4	0	39	16	26	13	0	0	0	1	0	0	0	0	0	1	0	0	0	0	0	0	2	0	0	1	1	0	4	2	0	0	0	0	1	0	0	2	0	0	0	0	0	0	0	0	0	0	0	1	0	0	0	0
"TCGA-G2-A2EO-01"	1	0	1	0	1	0	0	3	1	1	1	4	26	18	11	20	2	0	1	1	4	1	0	5	1	0	0	2	133	40	30	155	2	3	9	2	7	2	12	7	6	3	9	6	232	48	64	99	0	0	0	1	1	1	0	0	0	0	1	0	0	0	1	0	2	2	0	1	1	4	0	2	2	3	0	1	0	0	0	0	0	0	0	0	1	2	1	3	0	0	0	1	1	0	0	0
"TCGA-G2-A2ES-01"	4	4	2	5	1	1	6	3	2	3	2	1	5	8	4	8	1	1	0	1	3	1	0	2	4	0	1	1	9	6	4	22	4	9	9	4	9	6	10	11	6	10	6	10	69	24	32	38	4	0	2	2	2	1	8	5	3	2	0	2	1	0	0	1	9	3	3	2	1	4	5	5	8	1	3	3	6	1	1	2	0	0	1	0	1	2	5	7	1	0	1	2	2	2	2	4
"TCGA-G2-A3IB-01"	7	2	0	3	5	2	3	4	7	0	0	3	3	0	1	4	0	0	0	1	0	0	0	0	0	0	0	0	1	2	1	6	1	1	5	0	0	2	3	0	1	1	1	0	7	8	5	8	0	0	0	0	0	0	0	0	0	0	0	0	0	0	0	1	0	0	0	0	0	1	1	0	0	0	1	1	0	0	0	0	0	0	0	0	0	0	0	1	0	0	0	0	0	0	0	0
"TCGA-G2-A3IE-01"	1	0	0	1	3	0	3	0	1	3	0	1	12	4	4	10	1	1	2	0	0	1	1	5	1	1	0	1	42	19	10	65	0	1	5	1	6	6	11	3	3	2	3	0	77	26	26	38	1	0	0	0	2	0	1	1	1	0	1	2	0	1	0	1	2	1	4	0	0	2	5	0	6	0	0	1	0	1	0	2	0	3	0	0	0	0	0	0	0	0	0	1	0	1	1	0
"TCGA-G2-A3VY-01"	1	0	3	4	3	8	2	3	8	3	1	2	23	18	8	14	6	5	3	6	9	2	0	9	3	3	0	7	118	32	14	150	8	4	4	4	10	2	12	9	7	2	11	2	106	36	32	61	0	1	1	0	1	2	3	2	0	2	2	2	2	0	0	2	0	2	1	1	0	2	3	2	3	3	2	3	0	0	3	3	0	0	1	1	1	0	2	1	4	0	0	1	0	2	1	2
"TCGA-G2-AA3B-01"	0	0	2	1	4	2	2	3	0	0	0	1	28	8	10	14	0	1	1	1	2	0	4	7	2	1	1	1	134	40	19	163	3	3	4	4	7	4	7	7	5	1	6	4	121	34	52	78	1	0	0	1	0	1	2	0	0	1	0	0	0	3	0	3	8	4	2	4	0	0	2	3	1	0	0	1	0	0	0	1	0	0	0	0	0	2	2	3	1	0	0	1	3	1	3	0
"TCGA-G2-AA3C-01"	1	2	0	0	2	2	0	2	0	1	2	1	9	3	1	2	0	3	0	0	1	1	0	1	1	0	0	1	37	13	5	36	1	1	7	1	2	3	10	3	4	2	8	2	40	13	18	15	0	1	0	0	0	0	0	0	0	0	1	0	0	0	1	0	1	0	0	0	0	0	0	0	0	0	2	2	0	0	0	0	0	0	0	0	0	2	2	0	0	0	0	1	0	1	0	1
"TCGA-G2-AA3D-01"	0	0	1	0	2	1	1	1	1	0	0	0	13	6	0	6	2	1	1	0	1	4	0	3	0	0	0	4	67	16	5	81	4	0	2	0	2	5	2	2	1	3	2	2	52	14	17	29	0	1	2	1	0	0	1	0	1	0	1	0	0	0	0	0	0	0	1	0	1	0	0	3	0	0	0	0	0	0	2	1	1	0	0	1	0	0	1	0	0	1	0	0	0	0	0	0
"TCGA-G2-AA3F-01"	0	2	1	0	1	2	1	0	3	0	1	1	1	4	1	2	1	0	1	1	0	1	0	1	0	0	1	3	7	3	1	18	1	0	10	0	3	2	2	4	0	4	7	3	17	4	4	5	1	1	1	0	1	0	1	0	0	0	0	0	0	0	0	0	1	1	1	0	0	0	2	0	1	1	2	1	0	0	0	2	0	1	0	0	0	1	2	1	1	0	1	0	0	0	0	0
"TCGA-GC-A3BM-01"	0	0	0	0	0	1	1	0	0	1	0	1	0	1	0	2	0	0	0	0	1	0	0	0	0	0	0	0	10	2	2	5	0	2	13	3	4	7	9	2	0	3	14	1	13	2	13	10	1	0	0	0	2	0	0	1	0	1	0	1	0	0	0	0	1	1	3	1	0	0	1	0	1	0	1	0	1	0	0	0	0	1	0	0	0	0	1	0	0	0	0	1	0	0	0	0
"TCGA-GC-A3I6-01"	0	1	0	0	2	1	0	0	0	1	0	0	5	3	1	5	0	1	1	2	1	0	0	1	0	0	0	1	19	8	1	25	1	5	6	2	4	5	3	3	2	1	3	1	40	15	11	21	0	3	0	0	0	0	0	1	0	0	0	0	0	1	0	0	1	1	0	0	0	0	2	0	0	1	1	0	0	0	1	0	0	0	0	0	0	0	0	1	0	0	0	0	0	0	0	0
"TCGA-GC-A3OO-01"	0	0	0	0	0	0	0	1	0	1	1	0	3	1	0	0	0	0	0	0	1	0	0	2	1	0	0	1	12	7	2	12	0	0	0	1	4	4	3	3	1	2	3	3	37	13	11	31	0	0	0	0	0	0	1	0	0	0	0	0	0	0	0	0	0	0	0	0	0	0	0	0	1	1	1	0	0	1	0	0	0	0	0	0	0	0	0	0	0	0	0	0	0	0	0	0
"TCGA-GC-A3RB-01"	0	1	1	0	1	1	0	0	2	0	0	1	2	4	1	2	0	0	1	1	0	0	4	1	0	0	0	1	12	2	3	24	1	3	9	1	3	3	9	3	1	2	7	2	32	9	10	15	0	0	1	1	1	1	0	0	1	0	0	0	0	0	0	0	0	0	2	1	1	1	2	0	0	1	0	1	0	0	0	1	1	0	0	0	0	0	0	0	0	0	1	0	0	0	0	0
"TCGA-GC-A3RC-01"	0	3	2	0	2	2	4	1	0	3	0	1	4	5	2	6	4	0	0	2	4	3	2	1	0	2	0	2	23	13	2	23	3	7	4	4	16	6	8	7	8	9	8	6	57	18	22	24	2	1	0	0	0	0	3	4	0	0	1	1	0	1	1	0	7	4	3	1	2	2	7	3	4	2	7	6	3	2	2	3	2	0	0	0	0	1	4	1	1	1	0	0	0	0	0	4
"TCGA-GC-A3RD-01"	0	0	0	0	0	1	1	1	1	1	1	0	4	5	0	1	0	0	0	0	0	1	0	0	0	0	0	1	6	3	1	5	2	1	6	0	1	1	2	0	1	6	7	1	14	3	5	11	0	0	0	0	0	0	0	0	0	0	0	0	0	1	0	1	0	1	1	0	1	0	0	0	0	1	0	0	1	0	0	0	0	0	0	0	0	0	0	0	0	0	0	0	0	0	0	0
"TCGA-GC-A3WC-01"	1	0	0	0	0	0	1	1	0	0	1	1	3	2	1	4	1	2	1	0	1	0	3	0	0	0	0	0	12	4	8	16	5	2	5	1	4	3	6	4	0	4	8	4	22	6	7	12	0	0	0	0	0	0	2	1	0	0	0	0	0	1	0	1	2	0	1	1	0	0	3	0	1	0	0	1	1	0	0	0	0	0	0	1	0	0	0	0	0	0	0	1	0	1	0	0
"TCGA-GC-A3YS-01"	0	2	1	0	2	1	1	1	1	0	1	0	4	7	2	5	0	0	0	0	2	1	0	4	0	0	0	0	29	9	2	33	2	4	8	1	7	1	9	6	4	1	5	3	36	14	25	18	0	3	1	1	1	1	0	0	0	0	1	0	0	1	1	0	0	0	2	2	1	1	4	1	0	2	1	1	0	0	0	1	0	0	0	0	0	0	0	0	0	0	0	0	0	0	0	0
"TCGA-GC-A4ZW-01"	0	1	2	2	4	0	5	0	1	0	2	0	11	11	4	6	4	0	2	1	9	2	1	6	1	2	0	4	159	41	20	130	4	3	5	0	9	6	9	6	5	3	13	3	116	30	63	50	0	0	0	1	0	1	0	1	0	1	0	0	0	0	1	2	3	0	4	3	0	0	0	4	2	2	2	1	2	2	0	3	1	0	0	0	0	1	1	7	0	1	0	0	0	0	1	0
"TCGA-GC-A6I1-01"	1	3	0	0	1	2	1	1	0	0	0	0	4	2	0	5	1	0	0	1	0	1	1	3	0	0	0	0	32	11	3	29	3	0	4	1	3	4	3	4	0	3	7	3	47	11	20	32	0	0	0	0	0	0	0	1	0	0	0	0	0	0	0	3	1	2	1	1	1	0	0	1	2	0	1	0	1	0	1	1	0	0	0	0	1	0	0	0	0	0	0	1	0	0	0	0
"TCGA-GC-A6I3-01"	1	4	1	2	2	2	4	3	1	0	3	1	6	3	4	2	0	0	1	1	1	0	0	1	1	0	0	1	24	6	4	25	2	0	5	2	2	1	8	5	3	3	8	6	21	12	15	17	1	2	1	1	0	3	0	2	0	2	0	0	4	1	0	1	2	1	2	6	0	2	0	1	1	0	0	1	1	0	0	1	0	1	1	0	0	3	0	1	3	0	0	0	0	0	0	3
"TCGA-GD-A2C5-01"	1	0	1	0	1	2	0	2	1	1	0	0	4	5	2	4	0	0	1	0	2	0	1	1	0	0	0	0	42	12	10	37	2	2	6	2	7	1	6	0	5	1	11	3	41	26	27	32	0	0	0	0	0	3	0	0	0	0	0	0	0	1	0	3	2	0	1	2	0	1	0	0	0	2	1	2	1	2	0	0	1	0	0	0	0	0	0	0	0	0	1	0	0	0	0	1
"TCGA-GD-A3OP-01"	2	0	1	0	3	6	1	3	2	1	1	1	15	4	4	4	2	1	0	3	0	3	0	0	0	0	1	0	34	8	5	51	3	2	10	1	10	4	18	6	4	3	11	6	93	28	22	54	0	1	1	0	0	0	2	0	0	0	0	0	0	0	0	2	4	0	1	2	0	3	4	1	3	2	2	2	3	1	0	3	1	0	0	0	0	0	1	0	1	0	0	0	0	0	0	1
"TCGA-GD-A3OQ-01"	0	0	1	0	0	0	2	1	0	0	0	0	3	0	1	1	0	0	0	2	1	0	0	0	0	0	2	0	8	4	1	19	1	0	10	1	1	0	2	1	4	1	6	1	14	8	10	6	0	0	0	0	0	1	0	0	0	0	0	0	0	0	0	0	0	1	0	1	1	2	1	2	0	0	0	1	0	0	0	0	0	0	0	0	0	1	0	0	0	0	0	0	0	0	0	1
"TCGA-GD-A3OS-01"	1	1	1	1	3	1	1	1	2	1	0	3	1	0	2	1	0	2	1	1	0	0	0	1	0	0	0	0	2	3	0	4	3	0	7	1	0	2	8	0	1	2	6	1	10	6	4	4	0	0	1	2	0	0	0	0	0	2	0	0	0	0	0	0	1	0	0	3	0	1	1	0	0	0	0	0	0	1	0	2	0	0	1	0	0	1	0	2	0	0	0	0	0	0	0	2
"TCGA-GD-A6C6-01"	2	2	0	0	3	2	1	3	2	1	0	0	4	5	4	4	1	0	0	2	0	1	1	3	0	1	1	4	36	8	6	42	3	5	7	2	4	3	7	1	1	1	4	1	43	7	18	33	0	0	0	1	0	0	0	0	1	1	1	0	0	1	0	0	1	2	2	2	1	2	2	2	2	0	1	1	1	0	1	0	0	0	0	0	0	0	2	3	0	0	0	1	0	0	1	0
"TCGA-GD-A76B-01"	0	1	0	0	1	0	2	0	0	1	0	2	2	4	1	2	0	0	0	0	3	3	1	1	0	1	0	1	15	8	4	24	2	1	8	1	2	2	7	3	3	1	3	5	29	14	20	24	0	0	0	0	0	2	0	1	0	0	0	1	0	0	0	0	1	0	1	2	1	0	1	1	0	1	0	0	0	1	1	0	0	0	0	2	0	0	1	1	0	0	0	1	1	0	0	0
"TCGA-GU-A42P-01"	2	1	2	0	1	0	4	0	1	2	2	0	13	3	5	3	0	0	0	2	1	0	1	1	0	0	0	1	23	7	6	29	2	1	7	2	11	2	5	5	3	5	6	1	65	20	28	25	0	0	1	0	0	0	0	0	0	0	0	0	0	0	0	0	0	0	0	0	0	0	1	2	2	0	0	2	1	0	0	1	0	0	0	0	0	0	1	0	0	0	0	0	0	0	0	0
"TCGA-GU-A42Q-01"	1	0	1	0	1	1	0	0	1	0	1	0	4	2	2	6	0	0	0	0	0	0	0	1	1	0	0	1	25	7	3	30	4	2	7	0	1	3	9	3	2	4	4	0	29	10	17	12	0	0	1	0	0	1	1	0	0	0	0	0	0	0	0	0	2	1	1	1	2	0	2	1	1	0	0	1	0	1	0	0	0	0	0	0	0	0	0	1	0	0	0	0	0	1	0	0
"TCGA-GU-A42R-01"	0	2	0	0	0	0	1	0	1	0	0	1	8	4	3	2	1	0	0	1	1	0	0	3	0	1	1	0	13	4	2	20	4	1	3	0	5	1	5	5	2	1	4	1	29	10	14	13	1	0	0	0	0	0	0	0	0	0	0	0	0	0	0	0	0	1	0	2	1	1	5	0	1	0	1	1	1	1	5	0	0	0	0	0	0	0	0	0	0	0	1	0	0	0	0	0
"TCGA-GU-A762-01"	1	1	2	1	2	0	1	0	1	0	1	1	4	3	0	2	1	0	0	0	0	0	0	1	0	0	0	0	6	5	0	9	1	1	4	2	5	1	9	3	2	0	5	0	9	4	7	3	1	0	0	0	0	1	0	0	0	1	1	1	0	0	0	0	0	0	0	0	0	1	0	1	0	0	0	0	0	0	1	0	0	0	0	0	0	0	2	0	0	1	0	0	0	1	1	0
"TCGA-GU-A763-01"	0	0	3	1	3	1	1	1	1	0	2	0	1	2	2	0	0	0	0	0	0	0	1	0	0	0	0	0	3	3	1	6	1	5	4	0	1	2	5	1	0	1	2	2	4	1	2	5	0	0	0	0	0	1	0	0	0	0	0	0	0	0	0	0	0	0	1	1	0	0	1	0	1	1	0	0	0	0	0	1	0	0	0	0	0	1	0	0	0	0	1	0	0	0	0	0
"TCGA-GU-A764-01"	3	1	0	0	2	1	0	2	0	1	0	3	5	4	1	4	0	1	0	1	1	0	0	1	0	2	2	2	10	6	3	14	1	2	2	2	5	0	6	1	2	4	4	4	16	5	9	5	0	0	0	1	0	0	3	0	0	0	0	0	0	0	0	0	1	1	2	0	1	0	2	1	0	1	0	1	0	0	1	0	0	0	1	0	0	0	0	0	0	0	0	1	1	0	0	1
"TCGA-GU-A766-01"	1	0	0	0	0	1	0	0	1	1	0	0	7	6	0	1	0	0	1	2	1	0	0	0	0	0	0	0	27	7	3	30	0	1	4	0	3	1	4	3	0	2	5	1	37	16	23	20	0	0	0	0	0	0	0	0	0	0	0	0	0	0	0	0	2	0	0	0	0	0	0	0	2	0	0	0	0	0	1	0	0	0	0	0	0	1	0	0	0	0	0	0	0	1	0	1
"TCGA-GU-A767-01"	9	9	2	6	7	9	1	8	7	11	2	9	13	12	2	9	1	0	2	3	12	2	2	8	6	2	0	1	48	11	3	38	5	0	9	9	3	5	4	4	9	11	7	10	36	17	25	32	2	0	2	1	3	1	1	4	2	1	0	0	2	0	2	1	4	0	4	3	1	2	4	3	3	0	3	2	1	1	1	1	1	0	1	0	1	2	1	2	0	1	1	0	0	0	0	1
"TCGA-GU-AATO-01"	2	0	0	0	2	2	2	1	0	2	1	0	6	8	1	7	1	1	0	2	0	1	1	1	0	1	0	1	43	10	5	55	1	1	6	1	5	3	8	1	3	2	7	0	72	35	20	44	0	0	0	1	0	1	0	1	0	0	0	0	0	1	0	0	1	0	0	2	0	0	0	0	0	0	2	0	0	0	1	0	0	0	0	0	0	0	0	0	0	0	0	0	0	1	0	1
"TCGA-GU-AATP-01"	1	1	2	0	2	0	2	2	1	0	4	1	4	5	6	4	1	0	2	1	2	2	1	2	0	0	0	0	25	15	4	44	0	0	3	1	6	3	8	7	5	3	10	4	70	26	32	38	2	0	1	1	0	1	0	0	0	0	0	0	0	0	0	1	2	0	1	0	0	0	4	1	2	0	0	1	1	1	1	0	0	0	0	1	2	1	1	0	1	0	1	0	0	0	0	0
"TCGA-GU-AATQ-01"	0	0	1	0	2	0	0	0	1	1	2	2	4	4	1	0	1	0	1	2	1	1	0	1	0	1	0	1	24	8	10	24	2	2	1	1	3	1	4	5	0	4	3	2	18	13	11	12	1	2	1	0	0	0	0	1	0	0	0	0	0	0	0	0	2	2	1	1	1	2	1	0	1	2	2	1	0	0	0	1	1	0	1	0	0	1	0	1	0	0	0	0	0	0	0	1
"TCGA-GV-A3JV-01"	1	0	0	1	3	1	0	1	0	3	0	1	2	0	2	3	0	0	1	0	0	0	0	0	1	0	0	1	1	3	0	3	0	0	21	1	4	3	14	2	2	3	10	0	12	4	11	9	0	0	0	3	0	0	0	0	0	0	0	0	0	0	0	0	2	2	0	1	1	1	3	1	0	0	0	0	0	0	0	1	0	0	0	0	0	0	0	0	0	0	0	0	0	0	0	0
"TCGA-GV-A3JW-01"	1	0	0	0	3	1	0	2	1	0	1	0	0	0	1	3	0	0	0	1	0	1	0	1	0	0	1	2	6	1	0	9	0	0	3	1	1	0	7	0	1	2	4	1	7	4	7	9	0	0	0	0	0	0	0	0	0	0	0	0	0	0	0	0	0	0	0	1	0	0	0	0	1	0	0	1	0	0	0	0	2	0	1	0	0	0	0	2	0	0	0	0	0	0	2	0
"TCGA-GV-A3JX-01"	2	2	0	0	1	0	3	0	0	0	0	2	8	4	3	8	2	0	2	0	2	0	0	4	0	0	0	0	38	11	2	63	3	1	4	1	4	2	11	6	4	1	7	1	47	26	25	28	0	2	0	0	0	0	2	0	0	0	0	0	0	0	0	0	2	1	3	1	1	1	0	1	2	0	0	0	1	1	0	1	0	0	0	1	1	0	0	1	0	0	0	0	0	0	0	0
"TCGA-GV-A3JZ-01"	0	2	0	1	3	3	0	1	3	4	0	0	10	9	3	10	1	2	2	1	1	0	0	2	0	1	0	2	66	24	7	66	0	0	11	3	6	2	6	4	3	3	9	5	91	33	50	61	0	0	0	2	0	0	0	1	1	1	1	1	0	0	0	1	0	1	1	1	1	0	1	2	1	2	0	1	0	0	0	2	0	1	0	0	1	0	0	2	1	0	1	0	0	2	1	0
"TCGA-GV-A3QF-01"	2	1	1	1	3	2	1	3	1	1	1	3	2	5	2	2	0	0	1	2	0	0	2	1	1	1	0	0	4	2	1	7	0	2	6	1	8	3	7	6	0	6	8	2	5	3	2	7	0	1	1	1	0	0	0	0	0	1	3	0	1	0	0	1	1	0	5	0	1	1	2	1	0	0	3	1	2	1	1	1	1	0	2	0	0	0	1	0	0	0	0	0	1	0	0	1
"TCGA-GV-A3QG-01"	0	1	0	1	4	1	1	1	1	0	1	1	1	2	1	2	0	1	0	0	0	0	0	1	0	0	1	1	4	4	0	5	1	2	5	0	0	2	7	2	0	0	7	1	9	0	2	4	0	0	0	0	1	0	0	0	0	2	0	0	0	0	0	0	4	0	2	1	1	0	1	4	0	1	0	1	1	0	0	0	0	0	0	0	0	0	0	1	0	1	0	0	0	0	0	0
"TCGA-GV-A3QH-01"	0	0	1	1	1	0	0	1	2	2	1	0	5	3	1	2	2	0	0	0	0	0	1	3	1	0	0	0	17	6	1	34	3	1	12	0	1	0	8	5	1	2	11	1	21	5	7	18	1	0	1	0	0	0	0	1	0	0	1	1	0	0	0	0	2	0	1	0	1	0	1	3	2	1	1	0	0	0	1	0	0	0	1	0	1	0	0	0	0	0	0	1	0	1	0	1
"TCGA-GV-A3QI-01"	4	0	1	2	14	11	10	9	7	4	3	3	5	16	3	8	5	4	0	4	4	2	4	4	1	2	2	1	26	11	2	32	8	5	13	6	16	15	12	25	10	8	7	5	35	16	13	19	2	0	4	5	3	1	7	4	3	2	4	4	1	4	3	2	11	0	8	2	3	2	7	4	5	1	6	2	6	1	2	4	3	0	1	0	1	2	2	0	2	0	0	0	0	1	2	1
"TCGA-GV-A3QK-01"	1	0	2	1	0	1	1	3	1	2	0	1	4	0	3	1	0	0	1	0	1	1	0	1	0	0	0	0	6	4	1	14	2	3	5	0	1	6	10	5	1	0	6	1	17	5	16	13	0	0	0	0	0	1	1	0	0	0	0	1	0	0	0	0	1	0	1	1	1	1	0	2	1	0	0	1	2	0	1	1	0	0	0	2	0	0	0	0	0	0	0	0	0	0	0	0
"TCGA-GV-A40E-01"	2	0	1	2	2	0	1	3	0	0	0	0	7	2	1	3	1	1	1	2	2	0	1	1	2	1	1	1	21	7	1	19	0	3	3	2	1	3	6	3	3	1	7	2	14	9	5	9	1	2	0	0	0	0	1	0	0	0	0	0	0	0	0	0	1	0	2	1	1	1	0	0	2	0	1	1	0	1	0	0	0	0	0	1	0	2	2	0	1	0	0	1	0	0	2	0
"TCGA-GV-A40G-01"	0	0	1	0	2	1	2	2	1	2	3	1	5	4	2	1	2	0	0	1	2	1	1	0	1	1	1	0	2	2	0	12	2	5	9	0	4	1	19	4	2	3	12	1	16	15	14	17	0	1	0	0	0	1	0	0	0	0	1	0	0	0	0	0	1	1	3	1	2	1	4	0	2	1	0	1	1	0	0	0	1	0	0	1	0	0	1	2	0	0	1	0	0	0	0	0
"TCGA-GV-A6ZA-01"	1	0	0	0	1	0	1	0	1	0	1	1	4	7	1	4	1	0	0	0	1	0	0	1	0	0	0	2	46	16	8	40	3	3	9	1	6	5	7	3	0	3	7	2	62	21	34	30	0	0	2	0	0	1	0	1	0	0	1	0	1	0	0	0	1	1	1	1	1	1	0	1	0	0	1	1	2	1	0	0	0	0	1	1	1	0	0	7	1	0	0	1	0	1	0	0
"TCGA-H4-A2HO-01"	0	1	0	1	0	2	3	0	1	0	0	0	3	1	0	3	0	0	0	0	0	0	0	0	0	0	0	0	2	4	3	6	0	1	4	1	4	1	11	3	3	0	6	0	15	3	4	3	0	1	0	1	0	0	0	0	0	0	1	0	1	1	0	0	1	1	1	0	0	1	0	1	0	1	1	0	2	1	0	0	0	0	0	0	0	0	0	1	1	0	0	0	0	1	0	0
"TCGA-H4-A2HQ-01"	1	3	1	3	4	3	2	2	1	2	2	3	17	5	9	9	1	1	0	3	2	2	1	4	4	2	1	1	53	22	7	53	7	3	6	2	8	3	7	2	8	6	3	2	76	23	31	41	0	3	1	2	1	7	5	3	3	1	3	2	0	4	0	1	4	1	1	3	0	1	5	2	3	2	2	1	2	2	2	0	0	0	2	2	2	0	1	4	1	1	1	1	1	2	0	2
"TCGA-HQ-A2OE-01"	2	2	0	0	0	1	0	2	1	2	1	0	3	3	1	2	2	0	1	2	0	0	3	0	1	0	0	2	11	9	0	16	2	1	5	1	7	1	8	3	2	6	4	3	19	3	9	6	0	0	0	1	0	0	1	2	1	1	1	0	0	1	0	0	1	1	3	1	0	0	1	1	0	0	1	1	0	0	1	1	0	0	0	0	0	0	0	0	0	0	0	0	0	0	0	0
"TCGA-HQ-A2OF-01"	2	0	1	1	0	3	1	1	0	1	0	1	2	1	0	2	0	1	0	0	0	0	1	0	1	0	0	1	1	0	0	5	2	0	19	4	1	2	19	1	0	3	18	0	3	4	10	6	0	0	0	0	0	1	1	0	0	0	0	0	0	0	0	0	0	0	0	0	0	1	1	0	1	0	0	1	1	0	0	0	1	0	0	0	0	0	0	0	1	0	2	0	0	0	0	0
"TCGA-HQ-A5ND-01"	1	0	0	0	3	0	1	0	2	1	0	0	1	1	0	3	1	0	0	0	0	1	0	0	0	0	0	0	5	2	1	4	1	2	3	0	3	2	7	1	2	3	3	2	8	2	8	4	1	1	0	0	0	0	0	0	0	0	0	1	0	0	0	0	0	1	3	0	1	1	2	0	1	1	0	2	0	1	1	0	0	0	0	0	0	0	1	0	0	0	1	0	0	1	0	0
"TCGA-HQ-A5NE-01"	0	1	2	0	0	2	3	0	0	1	0	1	6	5	8	8	0	0	0	0	2	0	2	2	3	0	0	2	45	12	8	57	1	1	5	1	8	1	10	1	2	2	6	1	84	26	26	46	0	0	0	0	0	1	0	0	1	0	1	0	0	0	0	0	1	0	1	3	0	0	2	2	1	0	0	0	0	0	1	0	0	1	0	0	0	0	0	0	0	0	0	0	0	1	0	1
"TCGA-K4-A3WS-01"	3	5	1	2	5	3	0	2	2	3	0	3	10	8	3	6	4	3	2	2	3	3	3	4	2	2	1	1	22	21	3	29	3	2	2	2	3	3	3	8	5	4	4	7	33	12	7	18	0	0	0	0	0	2	6	0	1	2	0	1	1	0	1	0	0	0	2	0	1	3	2	1	0	1	3	1	0	3	1	0	0	0	1	0	0	0	3	1	1	0	1	3	0	0	2	0
"TCGA-K4-A3WU-01"	0	1	0	0	2	2	1	2	1	2	2	1	3	4	1	3	1	3	0	0	1	0	0	3	1	1	1	3	22	9	3	29	0	2	12	0	1	0	6	7	2	2	13	0	28	9	16	12	0	0	3	0	0	0	1	1	1	0	1	1	0	1	0	0	1	2	1	0	2	1	1	4	2	2	2	1	0	1	0	0	0	0	0	0	0	0	0	0	0	0	0	0	0	1	0	0
"TCGA-K4-A3WV-01"	1	0	1	0	0	0	0	0	3	0	0	0	0	1	0	3	0	0	1	0	0	1	0	1	0	0	0	0	0	1	1	1	0	0	6	1	0	3	9	3	0	1	5	0	4	2	5	2	0	0	0	0	0	0	4	0	0	0	0	0	0	0	1	0	0	0	3	0	0	1	1	0	1	0	0	0	0	0	0	0	0	0	0	0	0	3	1	1	0	0	0	0	0	0	0	0
"TCGA-K4-A4AB-01"	1	0	1	0	0	0	1	1	1	1	2	0	2	0	1	2	0	0	0	0	0	0	1	1	0	0	1	0	3	4	0	4	3	1	4	1	5	2	9	1	1	3	9	2	6	5	4	10	0	0	1	0	0	0	0	0	0	0	0	0	0	0	0	0	1	0	2	2	0	0	2	1	1	1	0	1	1	0	0	0	0	0	0	0	0	0	1	0	0	0	0	0	1	0	0	0
"TCGA-K4-A4AC-01"	0	0	0	1	1	3	1	0	0	0	0	0	1	2	1	4	0	0	1	0	1	0	1	1	2	0	1	0	16	3	2	10	5	0	5	1	3	4	7	4	4	1	8	1	18	8	13	12	0	0	0	0	0	0	2	2	0	0	0	0	0	1	1	0	0	1	4	1	0	0	1	1	1	2	1	1	1	0	0	1	0	0	0	0	0	0	1	0	0	0	0	0	1	0	0	0
"TCGA-K4-A54R-01"	0	0	0	0	4	2	0	0	0	0	1	1	36	11	8	24	1	1	1	1	2	1	2	5	1	0	0	0	171	40	10	149	3	5	6	1	11	4	11	5	7	4	8	4	218	78	82	132	2	0	0	1	0	1	0	0	0	1	0	0	1	2	0	0	3	0	0	0	1	0	0	0	0	1	0	0	0	0	0	1	0	0	0	0	0	0	1	0	0	0	0	0	0	0	0	0
"TCGA-K4-A5RH-01"	1	0	1	0	1	2	1	0	1	1	1	0	5	3	3	5	1	0	0	0	1	1	0	0	2	2	1	1	13	4	2	15	0	1	3	1	6	3	6	4	1	2	4	2	39	9	21	23	0	0	0	0	0	0	0	0	0	0	1	0	0	0	1	0	2	1	2	0	0	1	3	0	1	0	4	0	0	0	1	0	0	0	0	1	0	0	1	0	0	0	0	1	0	0	0	1
"TCGA-K4-A5RI-01"	1	1	1	0	0	0	2	3	0	1	1	2	1	4	2	3	0	0	0	2	1	1	0	1	0	1	0	1	11	1	2	7	0	2	4	0	4	0	10	4	2	3	10	1	14	8	6	4	0	0	2	1	0	0	2	0	1	0	1	3	0	0	0	0	2	0	3	0	1	4	1	0	0	0	0	0	1	0	2	0	0	0	0	0	0	1	0	2	1	1	0	0	1	0	0	0
"TCGA-K4-A5RJ-01"	0	0	1	1	1	3	1	1	1	0	0	0	18	8	3	6	1	1	0	1	1	0	0	1	2	1	0	2	47	25	4	58	0	1	5	0	8	2	3	5	3	5	7	4	71	25	20	34	0	1	1	0	1	2	1	0	0	0	0	1	0	0	0	1	1	0	2	4	0	0	1	0	0	1	0	0	0	1	1	0	0	1	0	2	0	0	0	0	0	0	0	0	0	0	0	1
"TCGA-K4-A6FZ-01"	1	0	0	2	2	3	1	4	1	0	1	2	7	2	0	2	1	2	1	0	1	0	0	1	2	0	1	1	20	7	4	30	1	2	7	3	4	4	1	2	1	2	4	0	49	22	14	22	0	9	4	1	0	14	8	5	1	4	4	2	1	10	3	3	0	4	6	3	1	10	2	4	5	20	9	6	1	12	5	4	0	0	0	0	0	5	2	3	0	0	0	2	0	1	0	0
"TCGA-K4-A6MB-01"	1	1	1	0	1	2	2	0	0	2	1	2	13	5	5	5	0	0	1	1	3	1	0	1	0	0	1	1	34	17	5	52	4	3	8	1	6	4	14	7	7	3	7	6	65	19	23	39	0	0	2	0	0	1	1	1	1	0	0	1	0	1	0	0	2	2	1	1	1	2	2	0	1	0	0	0	0	1	2	1	0	1	0	0	0	0	0	1	0	0	0	0	0	0	0	1
"TCGA-K4-A83P-01"	1	2	0	1	5	1	1	1	3	2	0	0	4	5	1	3	0	0	2	2	0	1	0	0	0	1	0	1	38	9	3	37	3	3	7	0	6	4	12	1	3	3	10	3	50	13	18	28	0	5	4	3	1	4	4	4	1	1	2	1	1	8	0	1	6	2	3	5	0	10	5	1	5	7	2	2	0	4	3	2	0	1	1	3	1	2	1	3	0	0	0	1	0	1	4	0
"TCGA-K4-AAQO-01"	2	1	1	2	5	3	0	1	1	0	2	1	7	3	2	3	0	0	0	2	0	2	0	0	0	1	2	2	28	11	1	37	5	4	9	0	11	6	4	3	2	3	7	0	32	22	15	20	1	0	1	0	0	2	1	4	1	0	1	0	0	0	1	0	3	0	1	3	1	0	0	0	1	1	1	2	6	0	1	1	0	0	0	0	0	0	1	0	0	0	0	0	0	0	0	0
"TCGA-KQ-A41N-01"	6	3	1	0	4	1	3	1	1	1	1	3	7	1	3	2	1	1	1	0	2	4	4	5	2	0	1	0	14	8	3	6	3	2	6	4	3	3	11	4	3	4	4	5	20	8	12	8	2	3	2	0	0	2	3	3	1	1	1	1	1	2	1	1	9	2	5	5	3	0	7	5	1	2	0	1	2	1	1	2	0	0	1	1	0	0	2	0	0	2	0	0	0	3	1	0
"TCGA-KQ-A41O-01"	0	1	0	1	0	0	1	2	2	2	1	1	8	6	2	6	1	0	0	0	2	0	2	0	0	0	2	4	40	12	2	40	1	1	16	0	3	2	9	3	0	2	8	0	30	7	16	22	2	1	0	0	1	3	0	1	1	1	0	0	0	1	0	0	0	1	0	1	0	0	0	1	0	0	1	0	0	0	2	1	0	0	0	1	0	0	0	0	0	0	0	0	0	0	0	0
"TCGA-KQ-A41P-01"	1	1	0	3	0	0	1	0	0	0	0	0	3	8	0	9	1	2	0	1	0	1	0	1	1	2	0	0	49	12	4	49	4	1	4	1	4	1	9	4	1	3	7	2	68	12	33	28	0	0	1	0	1	1	1	2	0	0	1	0	1	1	1	0	1	1	0	1	0	1	2	3	0	2	1	1	0	1	0	0	0	0	0	2	0	1	0	10	0	0	0	2	0	1	0	0
"TCGA-KQ-A41Q-01"	0	0	0	0	1	2	1	0	3	0	0	0	1	5	1	4	1	1	1	0	0	0	0	0	0	2	0	0	11	7	1	20	2	1	8	2	5	3	9	0	1	4	5	1	19	7	14	13	0	1	0	0	0	0	0	0	0	0	0	0	0	1	0	0	1	2	2	2	1	1	1	0	0	0	0	2	1	0	0	0	0	1	0	0	0	0	1	0	0	0	0	0	0	0	1	0
"TCGA-KQ-A41R-01"	3	2	1	1	3	6	0	2	3	3	1	3	9	8	4	10	5	2	3	4	13	3	8	12	2	2	0	3	25	12	8	30	18	6	23	7	19	15	20	23	9	9	15	9	159	41	63	103	3	5	3	1	0	1	7	0	2	1	2	0	1	2	1	2	8	4	9	3	3	1	9	6	13	6	4	5	3	3	3	2	0	3	1	2	2	1	2	3	0	0	2	5	1	3	1	4
"TCGA-KQ-A41S-01"	1	0	1	0	0	0	0	0	3	0	0	0	9	3	0	4	0	0	0	0	2	0	1	2	1	0	0	1	38	8	3	42	2	2	8	0	4	1	5	2	0	1	2	1	49	18	20	25	1	0	0	0	0	0	0	0	0	0	0	0	0	1	0	0	0	1	1	2	0	0	1	0	0	0	1	1	0	0	0	0	0	0	1	0	0	0	0	1	0	0	0	0	0	0	1	1
"TCGA-LC-A66R-01"	0	0	1	0	0	1	0	0	0	1	0	1	7	3	2	3	0	0	0	0	2	0	0	1	0	1	2	1	18	2	4	15	1	1	6	0	1	0	5	1	2	3	4	0	20	5	13	5	0	0	1	0	0	0	0	0	0	0	1	0	1	1	0	1	1	0	1	2	0	0	3	1	1	2	0	1	0	2	0	0	0	0	0	0	1	1	1	1	0	0	0	1	0	0	0	1
"TCGA-LT-A5Z6-01"	0	3	0	1	4	3	0	1	0	1	2	1	17	16	3	21	1	0	0	0	0	1	1	4	3	1	1	2	69	25	10	92	0	1	7	1	4	1	7	7	6	3	4	2	126	36	30	79	1	0	0	0	0	0	3	0	0	0	0	0	0	0	0	2	2	2	4	0	0	1	0	3	0	0	0	0	0	0	0	2	0	0	1	0	0	0	0	0	1	0	0	0	0	0	1	1
"TCGA-LT-A8JT-01"	0	0	1	0	1	0	1	1	1	2	1	0	2	0	0	2	0	0	0	0	0	0	0	0	0	0	0	0	6	1	0	6	2	1	5	4	1	1	5	3	2	1	7	5	10	5	8	4	0	0	0	1	0	0	0	0	0	0	0	1	0	0	0	0	0	1	3	2	0	0	1	0	0	0	0	0	0	0	0	0	0	0	0	0	0	0	0	0	0	0	0	0	0	0	0	0
"TCGA-MV-A51V-01"	1	3	2	3	7	4	0	6	1	5	5	6	98	47	20	60	6	6	2	12	10	4	3	12	5	3	1	8	401	152	53	448	5	1	6	5	12	3	21	11	11	4	10	2	300	92	138	130	0	0	0	2	2	3	1	3	0	1	1	0	0	0	0	0	2	0	2	0	1	3	4	2	1	1	5	4	2	2	1	1	0	2	0	1	0	0	0	2	1	0	3	2	0	2	2	1
"TCGA-PQ-A6FI-01"	0	3	1	1	0	1	1	1	2	0	0	0	2	5	2	5	0	0	0	1	0	0	0	0	1	2	0	3	17	6	3	12	1	0	2	4	3	0	7	3	0	2	6	1	22	8	8	5	0	0	3	0	1	0	2	1	1	0	0	1	1	1	2	1	3	0	1	2	0	0	2	2	1	0	2	0	1	0	0	0	0	0	0	0	0	1	2	0	0	0	0	0	0	0	0	0
"TCGA-PQ-A6FN-01"	0	1	2	0	2	0	0	1	0	0	3	0	1	2	2	0	2	1	0	0	0	0	0	1	0	0	0	0	4	2	2	4	0	2	2	1	2	1	2	3	2	3	3	2	10	6	5	4	0	0	1	0	0	0	0	0	0	0	0	0	0	0	0	1	0	0	1	0	0	0	1	0	0	0	0	1	0	0	0	1	0	0	0	0	0	0	0	0	1	0	0	0	0	0	0	0
"TCGA-R3-A69X-01"	1	0	0	1	0	1	1	0	0	0	0	0	5	4	2	4	2	0	0	1	0	0	0	1	0	0	0	0	42	16	1	40	1	0	7	0	5	2	5	3	1	1	6	2	40	11	18	19	0	0	0	0	0	0	0	0	0	1	0	0	1	1	0	0	1	3	2	1	0	0	1	0	0	0	0	0	0	0	0	0	0	0	0	0	0	0	0	0	0	0	1	0	0	0	0	0
"TCGA-S5-A6DX-01"	1	0	4	1	1	4	3	2	0	0	0	0	19	13	9	11	1	3	2	0	4	1	1	9	2	0	0	0	96	32	16	108	4	4	12	4	13	4	14	4	4	10	13	1	134	38	72	67	1	0	0	0	1	0	0	0	1	0	1	0	0	0	0	1	2	0	3	1	1	2	2	2	1	2	0	3	2	0	0	1	1	1	0	0	0	0	0	1	0	0	0	0	1	0	0	2
"TCGA-S5-AA26-01"	2	0	1	0	1	0	1	2	0	0	1	2	7	3	3	3	1	1	1	1	0	0	0	2	1	0	0	1	45	13	10	40	3	0	9	0	1	0	10	4	1	0	1	0	41	8	20	23	0	0	0	0	0	0	0	0	0	0	0	0	1	0	0	0	0	0	0	0	0	0	2	0	0	1	0	0	0	0	0	0	0	0	0	0	0	0	0	0	0	0	0	0	0	0	1	1
"TCGA-SY-A9G0-01"	0	0	0	0	0	0	0	1	1	0	0	1	1	0	0	1	0	0	0	1	0	0	1	0	0	0	0	2	4	0	0	8	0	0	4	0	2	2	3	0	0	0	5	1	5	1	5	2	0	0	1	0	0	0	0	1	0	0	0	0	0	0	0	0	1	0	0	0	0	0	1	1	0	1	0	1	0	0	0	0	0	0	0	0	0	0	0	0	0	0	0	0	0	1	1	0
"TCGA-SY-A9G5-01"	4	0	2	0	2	0	3	3	2	0	0	0	40	20	11	20	2	0	0	4	2	1	0	10	2	1	0	0	143	58	23	220	6	2	9	1	8	1	19	3	1	1	6	4	253	60	82	129	0	0	0	0	0	1	1	0	0	0	0	1	0	1	0	0	1	1	1	1	0	0	2	0	0	0	0	1	0	0	0	1	0	0	0	0	0	0	1	0	0	0	0	0	0	0	0	0
"TCGA-UY-A78K-01"	5	10	7	8	13	5	8	15	3	12	1	12	20	23	8	14	4	5	3	9	10	6	2	11	2	7	2	5	60	18	6	54	5	5	12	7	14	15	18	22	9	13	15	5	73	24	29	53	1	3	7	5	4	5	16	11	6	3	2	5	4	14	7	11	11	7	9	8	9	5	14	12	8	8	6	7	22	33	17	15	2	1	1	0	1	3	4	4	3	1	1	3	2	3	5	5
"TCGA-UY-A78L-01"	0	0	1	0	3	2	0	0	0	0	1	0	6	3	2	2	2	0	0	0	1	0	1	1	0	0	0	0	34	8	5	23	0	1	1	1	4	0	4	3	4	2	7	4	47	14	18	24	1	0	1	1	0	0	1	1	0	0	0	0	0	0	0	0	1	0	2	0	2	0	0	1	0	0	0	1	1	0	0	1	0	0	0	0	0	0	0	0	0	0	0	2	0	0	1	0
"TCGA-UY-A78M-01"	2	1	0	1	1	0	1	1	1	0	0	0	6	5	2	3	0	0	0	1	0	1	0	1	0	0	1	1	8	5	1	25	1	1	9	2	2	2	11	3	0	1	9	1	24	11	11	10	0	1	1	0	0	0	0	0	0	0	1	0	0	1	0	0	1	0	2	0	0	2	0	0	0	0	0	0	0	1	0	0	0	0	0	0	0	0	0	0	0	0	0	0	0	0	0	0
"TCGA-UY-A78N-01"	3	3	2	1	1	1	1	2	0	3	2	2	3	2	1	3	3	0	0	2	3	3	3	1	3	2	0	1	0	2	1	0	8	4	12	5	5	5	7	5	6	5	8	3	13	8	6	8	1	2	1	1	1	1	3	0	0	0	3	1	0	1	3	1	6	4	6	5	3	2	9	2	5	3	4	6	2	4	2	0	2	2	2	2	0	0	1	3	1	0	0	2	0	1	2	3
"TCGA-UY-A78O-01"	0	1	1	2	0	1	0	1	2	0	2	1	3	2	1	5	2	1	0	0	2	0	1	3	0	0	0	0	14	3	3	30	4	2	15	0	7	3	12	2	4	1	15	0	21	11	15	13	0	1	1	0	0	0	1	0	0	0	0	0	1	0	0	0	0	0	1	0	0	0	0	0	0	0	1	2	0	0	0	0	1	0	2	0	0	0	0	0	0	0	1	0	0	0	1	0
"TCGA-UY-A78P-01"	1	0	1	0	1	0	0	0	0	1	0	0	12	11	0	5	2	1	0	0	1	0	0	3	0	0	0	1	64	12	14	64	2	0	9	0	7	0	1	1	0	2	6	0	63	23	27	38	0	1	0	0	0	1	0	0	0	0	0	0	0	1	0	0	0	0	1	1	0	0	0	0	0	1	1	1	0	1	0	0	0	1	0	0	0	0	0	0	0	0	0	0	0	0	0	0
"TCGA-UY-A8OB-01"	1	2	0	2	1	3	0	2	2	1	0	3	2	5	0	5	2	1	0	2	3	3	4	1	0	3	2	2	17	9	5	18	3	1	3	0	2	5	8	5	0	4	6	2	16	9	4	10	0	0	2	2	0	4	2	2	1	0	1	0	1	10	5	6	6	2	4	6	2	4	1	8	5	0	3	5	8	28	15	16	2	3	2	2	1	0	1	9	1	1	0	2	1	4	0	5
"TCGA-UY-A8OC-01"	0	0	1	0	0	0	0	0	0	0	1	0	3	2	1	1	0	0	0	0	0	0	1	0	0	0	0	1	12	2	0	10	1	1	3	0	1	0	4	4	2	0	8	3	24	9	13	4	0	1	0	0	0	0	4	1	0	0	0	0	0	0	0	1	0	1	1	3	1	3	0	2	0	1	0	0	0	0	0	0	0	0	0	0	0	0	0	0	0	0	0	0	0	0	0	1
"TCGA-UY-A8OD-01"	2	0	0	0	0	0	1	1	2	0	0	0	1	3	0	2	0	0	0	0	0	1	1	1	0	0	1	1	7	5	1	5	2	1	7	1	3	3	9	1	2	5	9	2	16	2	5	8	0	2	0	0	0	0	1	0	0	1	0	0	0	0	0	0	0	4	2	3	0	1	1	1	1	0	0	1	0	0	1	0	1	0	0	0	0	0	2	0	0	0	0	1	0	0	0	0
"TCGA-UY-A9PA-01"	3	1	2	3	4	3	2	1	2	0	2	1	1	3	1	0	0	0	1	4	2	2	0	5	1	0	0	1	12	9	1	9	0	2	7	1	7	5	6	4	1	2	4	4	18	3	3	8	1	0	1	1	1	0	2	3	0	1	1	2	1	1	1	0	2	3	6	1	1	2	0	5	1	1	2	1	3	3	4	4	1	1	0	0	0	2	2	1	1	0	1	0	2	0	3	2
"TCGA-UY-A9PB-01"	0	2	4	5	7	6	5	6	4	3	3	4	14	13	7	6	0	3	0	2	2	1	5	5	1	2	2	5	54	20	0	63	7	4	12	2	17	12	16	13	5	5	9	7	88	23	23	45	2	2	0	0	0	5	6	3	1	2	1	2	1	1	3	2	10	5	9	0	3	2	8	9	10	2	6	3	6	2	5	5	0	0	1	1	0	0	2	0	1	0	3	0	1	1	0	1
"TCGA-UY-A9PD-01"	5	1	2	2	5	3	4	2	2	2	5	1	3	4	4	4	0	1	1	0	0	2	5	1	3	0	2	2	10	6	2	19	8	5	13	1	12	10	16	9	6	0	9	4	31	7	18	17	0	1	2	2	0	0	2	2	0	0	0	2	2	2	1	0	4	2	7	5	0	2	6	3	5	0	1	1	3	1	2	0	2	0	0	0	0	0	3	0	0	0	0	0	0	0	0	0
"TCGA-UY-A9PE-01"	0	2	1	0	4	2	3	4	1	4	3	0	4	7	2	8	0	1	1	0	0	1	3	2	0	0	0	1	21	5	5	24	3	1	9	1	5	2	11	2	4	0	4	2	29	12	21	16	0	0	0	0	0	0	2	3	0	0	0	0	1	0	0	0	0	0	2	0	0	0	1	0	2	1	0	0	1	1	0	0	0	0	1	1	0	0	1	1	0	0	1	2	0	0	2	0
"TCGA-UY-A9PF-01"	1	0	0	0	3	2	0	2	1	2	0	1	6	2	2	3	0	0	2	1	2	3	3	4	0	3	1	0	10	3	2	15	2	4	5	3	13	5	13	8	5	4	5	4	161	69	58	93	0	2	0	0	1	1	2	0	0	0	0	0	0	2	1	0	1	0	2	2	0	0	1	0	0	0	1	2	1	2	2	1	0	1	1	0	0	1	1	0	0	0	0	0	1	2	0	1
"TCGA-UY-A9PH-01"	1	0	0	0	2	1	1	0	0	0	0	0	12	2	5	8	2	3	0	1	1	0	1	5	0	0	0	0	44	11	14	64	1	2	8	0	7	2	9	3	2	4	6	2	90	35	37	48	0	0	0	0	0	0	0	0	0	0	0	0	0	0	0	0	1	0	1	1	0	0	2	1	1	2	0	1	0	0	0	0	0	1	0	0	0	0	0	0	0	0	0	0	0	0	0	0
"TCGA-XF-A8HB-01"	0	0	0	0	2	1	0	1	1	1	0	0	2	0	0	4	0	1	0	1	1	1	0	0	0	0	0	1	8	0	0	4	1	0	11	1	2	2	10	2	3	5	7	0	0	2	8	5	0	0	0	0	0	0	0	0	0	0	0	0	0	0	0	0	0	0	2	1	0	0	1	0	0	1	1	1	0	0	1	1	0	0	1	0	0	0	0	1	0	0	0	0	0	0	1	0
"TCGA-XF-A8HC-01"	2	0	0	0	3	2	1	0	1	1	0	1	4	2	0	0	0	0	0	0	0	1	0	0	0	1	0	0	10	3	0	14	2	2	6	2	7	1	10	5	2	3	8	3	38	18	19	20	1	1	0	0	1	0	0	0	0	1	0	1	0	0	1	0	0	0	0	1	0	2	0	0	0	0	1	1	0	1	0	0	0	0	0	0	0	0	1	0	0	0	0	0	0	0	0	0
"TCGA-XF-A8HD-01"	1	2	3	0	3	0	1	0	2	0	3	2	17	17	4	13	0	2	0	1	2	0	2	2	1	1	0	0	90	32	5	108	2	2	15	1	7	2	10	4	2	3	10	5	117	31	49	56	1	0	0	0	1	1	0	0	0	0	1	0	0	0	0	0	1	0	1	1	1	1	1	1	4	2	0	0	1	1	0	0	1	1	0	1	0	0	0	1	1	0	0	0	0	0	0	0
"TCGA-XF-A8HE-01"	1	1	1	0	0	3	0	2	0	1	0	0	11	7	5	9	1	2	0	1	1	0	0	3	1	0	0	1	66	28	9	88	2	1	3	0	5	3	5	4	6	4	5	3	129	59	47	57	0	1	0	0	0	0	0	1	0	0	0	0	0	0	0	0	0	0	0	0	0	0	1	0	0	0	2	0	0	0	1	0	0	0	0	0	0	0	0	0	0	0	0	0	0	0	1	1
"TCGA-XF-A8HF-01"	6	5	0	1	4	2	4	3	3	2	1	1	5	3	0	4	1	1	0	1	4	3	1	5	3	1	1	2	7	4	2	12	4	3	2	1	3	0	7	5	4	4	10	5	16	4	4	9	0	3	1	0	0	1	2	0	0	0	0	0	0	2	0	1	0	2	2	2	0	1	5	2	1	0	3	0	1	2	0	0	0	0	1	1	0	0	2	1	0	1	1	0	0	1	2	0
"TCGA-XF-A8HG-01"	3	2	0	1	1	2	4	9	0	2	1	3	7	7	1	4	2	1	1	2	1	1	0	2	0	1	2	2	25	6	4	21	1	5	17	3	5	3	24	3	5	8	24	8	58	17	19	24	0	1	0	0	0	1	0	0	0	2	0	0	0	0	0	0	4	2	11	3	3	4	16	1	5	1	4	3	0	4	7	0	0	0	2	3	0	1	2	3	1	1	1	1	0	0	1	0
"TCGA-XF-A8HH-01"	0	0	0	0	1	0	0	0	1	0	1	1	3	0	0	4	0	0	1	0	1	0	1	1	0	0	0	0	14	3	1	13	0	0	6	1	3	2	8	1	3	2	2	1	18	4	12	12	0	0	1	0	0	0	0	0	1	0	0	0	0	0	0	0	0	1	0	0	0	1	0	0	0	0	0	2	1	0	1	0	1	0	0	0	0	0	0	0	0	0	0	0	0	0	0	0
"TCGA-XF-A8HI-01"	0	0	0	0	0	0	0	0	0	0	0	0	0	0	1	2	0	0	0	2	1	0	0	0	1	0	0	0	9	3	0	11	0	0	2	0	2	0	3	0	0	1	7	0	20	6	4	6	0	2	0	0	0	0	0	1	0	0	0	0	0	0	0	1	0	0	0	1	0	0	0	0	1	0	0	0	0	0	0	0	0	0	0	0	0	0	0	0	0	0	0	0	0	0	0	0
"TCGA-XF-A9SG-01"	1	1	2	1	1	1	0	2	1	1	0	2	2	3	3	2	1	0	1	0	0	1	0	0	1	0	0	0	15	8	2	30	4	5	6	0	7	4	5	2	0	2	3	3	41	12	23	24	0	1	0	0	0	0	1	1	0	1	0	0	0	0	0	0	2	0	1	0	0	0	0	0	1	0	0	1	1	0	0	0	0	0	0	0	0	1	0	0	0	0	0	0	0	1	0	0
"TCGA-XF-A9SH-01"	1	0	0	0	0	0	0	1	1	0	1	0	1	1	1	0	0	0	0	0	1	0	0	0	0	0	0	0	3	4	0	7	0	0	2	0	0	0	5	1	1	2	3	0	3	2	2	5	0	0	0	0	0	0	0	0	0	1	0	0	0	0	0	0	0	0	1	2	0	0	1	0	0	0	0	0	0	0	0	1	0	0	0	0	0	0	0	0	0	0	0	0	0	0	1	0
"TCGA-XF-A9SI-01"	2	0	1	2	2	0	1	0	1	1	1	0	13	3	2	9	3	1	0	0	1	0	0	2	0	1	0	0	68	19	1	97	4	2	5	1	6	1	2	4	2	0	3	3	98	19	29	39	0	0	1	0	0	1	0	0	0	0	1	0	0	0	0	0	3	0	1	0	0	0	1	0	0	0	0	0	0	0	1	0	0	0	0	0	0	0	0	0	0	0	0	0	0	0	0	1
"TCGA-XF-A9SJ-01"	2	0	1	0	3	0	0	0	2	1	1	0	3	5	7	6	1	1	0	3	0	0	2	1	0	0	3	0	29	8	3	23	0	1	9	4	7	4	8	3	3	2	3	3	76	19	31	33	0	0	0	0	0	0	0	0	0	0	0	3	0	1	2	0	1	1	1	4	2	2	5	0	2	0	2	1	2	0	3	2	1	0	0	1	0	1	1	4	0	2	0	1	0	1	0	0
"TCGA-XF-A9SK-01"	1	0	1	0	1	0	1	1	0	0	1	0	2	2	1	5	1	1	1	1	1	0	1	3	0	0	0	2	17	4	1	23	0	2	3	0	7	1	6	3	1	1	7	1	20	7	15	15	0	0	0	0	0	1	0	0	0	0	0	0	0	0	0	0	1	0	0	3	0	0	0	1	0	1	0	0	1	0	0	1	0	0	0	0	0	0	0	1	0	0	1	0	0	0	0	0
"TCGA-XF-A9SM-01"	1	1	3	1	2	0	1	2	3	3	1	0	6	3	3	4	1	2	1	0	1	0	1	0	0	0	0	1	41	5	3	44	0	2	1	0	4	0	2	4	1	1	6	1	60	20	18	31	0	0	1	0	0	0	0	0	0	0	0	0	0	0	0	0	1	0	0	2	1	1	0	1	0	0	1	0	0	0	0	0	0	0	0	0	0	0	1	0	0	0	0	0	0	0	0	0
"TCGA-XF-A9SP-01"	0	0	0	2	1	2	1	5	0	0	1	1	10	7	2	8	0	1	2	0	0	1	2	2	1	1	1	1	33	14	2	44	2	3	13	2	12	6	12	5	3	7	5	3	54	22	29	26	0	0	1	0	0	0	1	0	2	0	2	0	1	1	1	0	2	0	3	1	1	0	2	0	1	1	2	1	1	0	1	0	0	1	0	1	0	1	1	1	0	0	2	0	0	0	1	0
"TCGA-XF-A9ST-01"	1	1	5	1	4	4	3	6	4	6	2	3	13	12	4	8	4	1	10	2	10	10	7	16	4	2	8	3	46	22	11	61	2	6	11	2	12	7	14	12	2	4	6	4	67	19	22	37	1	1	3	1	1	0	9	1	5	1	3	1	1	1	0	0	8	0	7	4	0	1	9	3	6	4	4	3	1	7	6	1	2	0	1	1	2	3	9	2	1	1	2	1	1	1	1	1
"TCGA-XF-A9SU-01"	0	0	0	0	0	1	1	0	0	0	0	0	0	0	0	0	0	0	0	0	0	0	0	0	0	0	0	0	1	1	0	4	2	1	8	0	2	1	8	0	0	3	3	1	4	1	7	1	0	0	0	0	1	0	0	0	0	0	0	0	0	0	0	0	2	1	1	0	0	2	1	2	0	0	1	1	0	1	1	0	0	0	1	0	0	0	0	0	0	0	0	0	0	0	1	0
"TCGA-XF-A9SV-01"	0	2	0	0	2	0	0	1	2	2	0	1	1	0	0	0	0	2	0	0	0	0	1	0	0	0	0	0	4	2	1	2	0	0	2	1	2	0	7	2	1	1	8	2	4	4	5	6	0	0	0	0	0	1	0	0	1	0	0	0	0	0	0	0	1	1	0	1	0	0	1	0	0	1	3	1	0	0	0	0	0	0	0	1	0	0	0	1	0	1	0	0	0	0	0	0
"TCGA-XF-A9SW-01"	0	0	0	0	1	2	0	0	0	0	1	1	2	1	0	0	0	0	0	0	0	0	0	0	0	0	0	0	2	0	0	6	1	2	4	0	2	1	4	2	1	2	4	1	8	1	4	6	0	0	0	0	0	1	0	0	0	0	0	0	0	0	0	0	0	0	1	0	0	0	0	0	2	0	0	1	0	1	0	0	0	0	0	0	0	0	0	1	0	0	0	0	1	0	0	1
"TCGA-XF-A9SX-01"	2	0	0	0	2	2	2	0	0	4	0	0	2	2	0	2	0	0	0	0	0	0	0	1	1	0	0	0	5	1	0	4	4	1	1	2	7	3	4	2	0	3	5	2	8	7	7	7	0	1	0	0	2	0	0	1	0	0	0	0	0	2	0	0	3	0	3	0	1	0	1	2	3	0	1	0	0	0	1	1	1	1	0	0	0	0	1	1	0	0	0	0	0	0	0	0
"TCGA-XF-A9SY-01"	10	6	6	3	27	11	0	18	5	7	8	10	17	10	6	15	3	1	1	2	4	5	2	1	2	3	0	3	40	10	5	51	6	3	4	2	10	3	3	5	7	6	6	4	44	19	22	28	3	2	0	0	1	0	3	2	0	2	0	0	3	1	0	2	2	2	5	1	0	0	5	3	5	1	1	4	3	2	0	0	0	1	0	0	2	0	1	1	1	0	1	0	1	0	0	0
"TCGA-XF-A9SZ-01"	0	3	0	1	3	1	2	0	0	1	0	1	3	4	2	4	3	3	2	3	1	0	1	1	1	0	1	4	19	7	3	22	2	3	5	4	4	4	5	2	2	0	6	4	34	14	18	9	1	0	1	1	0	2	2	1	0	1	1	2	0	0	1	1	3	0	3	1	1	1	1	1	0	1	0	1	1	0	0	0	0	1	0	0	0	0	2	0	0	0	1	0	0	0	0	0
"TCGA-XF-A9T0-01"	3	6	1	3	6	2	1	4	2	3	1	3	5	12	6	4	2	5	2	5	5	2	6	6	0	0	2	3	20	13	8	18	11	8	12	9	15	12	16	7	13	6	14	11	216	56	87	117	4	1	3	0	0	1	1	1	0	3	1	2	2	2	5	1	6	5	3	4	7	7	10	6	7	6	6	4	4	6	2	2	3	0	1	2	3	2	5	5	4	2	4	2	6	7	2	4
"TCGA-XF-A9T2-01"	1	0	0	0	0	1	1	0	0	1	0	0	1	0	0	1	0	0	0	1	0	0	0	0	0	0	0	1	8	4	1	14	0	1	5	1	3	1	4	2	3	0	4	1	15	8	6	8	0	1	0	0	0	0	1	0	0	0	1	0	0	0	0	0	1	0	0	1	0	0	0	1	0	0	0	0	0	0	0	0	0	0	0	0	0	0	0	0	0	0	0	0	0	0	0	1
"TCGA-XF-A9T3-01"	2	2	1	5	2	3	3	5	3	6	3	3	5	5	2	2	3	3	1	1	2	4	2	4	0	3	0	1	9	4	6	12	6	7	9	5	9	3	12	10	4	4	8	5	28	11	14	19	2	0	6	3	1	3	7	1	5	2	5	1	0	7	2	2	14	7	20	10	3	8	8	3	11	7	15	6	1	3	3	4	0	0	1	4	3	1	4	2	0	1	2	0	2	1	3	3
"TCGA-XF-A9T4-01"	0	1	0	1	0	0	0	1	0	1	0	0	0	0	0	1	0	0	1	0	0	0	0	0	0	0	0	0	0	1	0	6	0	0	4	0	1	0	2	1	0	0	3	0	3	2	2	3	0	0	1	0	0	0	1	0	0	0	0	0	0	0	0	0	0	0	0	0	0	2	1	0	2	0	0	0	0	0	0	0	0	0	0	0	0	0	0	0	0	0	1	0	0	0	0	0
"TCGA-XF-A9T5-01"	1	4	0	3	1	3	0	2	1	1	1	1	16	9	5	11	2	2	0	2	3	1	1	2	0	0	1	5	107	28	12	138	6	2	10	0	5	2	5	5	3	5	11	8	171	56	51	72	0	0	0	0	1	2	0	0	1	2	1	0	0	2	0	1	0	0	1	2	1	1	0	0	0	0	0	2	2	2	1	1	0	0	1	0	0	0	0	0	0	0	0	0	0	0	1	0
"TCGA-XF-A9T6-01"	8	1	2	3	2	0	1	0	1	3	0	2	4	5	0	3	3	0	0	2	2	1	9	4	0	2	1	2	1	5	5	3	13	5	12	3	7	2	11	8	8	5	4	4	35	17	23	26	0	1	3	0	1	0	1	1	2	1	2	0	0	0	0	2	3	1	6	3	2	1	4	4	4	6	4	5	3	1	3	1	0	0	3	1	0	1	0	2	1	1	1	0	1	2	1	2
"TCGA-XF-A9T8-01"	0	0	0	0	3	0	1	0	1	1	1	2	17	16	6	9	2	1	0	1	5	2	0	2	0	0	1	1	145	39	16	154	1	0	13	1	12	4	10	4	6	5	8	3	153	40	52	87	2	0	0	0	0	1	0	1	0	0	0	0	1	1	0	0	0	1	2	1	0	3	0	1	0	1	3	1	0	0	1	2	1	0	0	0	0	0	0	0	2	0	0	2	0	0	0	0
"TCGA-XF-AAME-01"	1	0	0	0	0	0	1	1	0	0	1	1	0	1	0	0	0	0	0	0	0	0	0	0	0	1	0	0	0	0	0	0	0	2	0	1	2	1	0	1	0	1	1	1	0	0	0	1	0	1	0	1	0	0	0	0	0	0	0	0	0	0	0	0	0	1	2	0	0	1	1	0	0	0	0	0	0	0	0	0	0	0	0	0	0	0	1	0	0	0	0	0	0	0	0	0
"TCGA-XF-AAMF-01"	1	0	0	1	2	0	0	0	0	1	1	0	0	1	0	1	0	0	0	1	0	0	0	0	0	0	1	0	10	1	3	8	2	0	3	0	1	3	5	0	2	1	4	0	11	3	9	4	0	0	0	0	0	0	0	0	0	0	0	0	0	0	0	0	0	0	0	3	0	0	0	1	0	1	0	0	1	0	0	0	0	0	0	0	0	0	0	0	0	1	0	0	0	0	0	1
"TCGA-XF-AAMG-01"	3	5	2	4	4	4	1	4	4	2	5	4	34	18	11	29	6	2	1	4	5	2	2	6	6	1	3	1	139	51	25	191	5	3	15	4	11	6	24	8	6	8	16	5	152	48	71	93	2	2	1	1	0	1	5	6	1	1	1	1	1	3	1	2	1	0	1	3	0	3	4	3	1	0	1	6	1	3	3	0	2	0	4	2	0	2	0	3	1	0	2	0	1	0	0	4
"TCGA-XF-AAMH-01"	0	0	1	1	1	0	1	0	2	0	2	0	1	2	1	0	0	0	0	0	0	0	0	1	0	0	0	0	1	0	1	1	1	2	4	2	4	2	7	4	1	2	5	0	3	2	2	2	0	0	0	0	0	0	0	0	0	1	0	0	0	0	1	0	1	1	0	0	1	0	1	1	0	3	1	0	0	1	1	0	0	0	0	0	0	0	0	0	0	1	0	0	0	0	0	0
"TCGA-XF-AAMJ-01"	0	0	0	0	1	3	0	0	1	0	0	0	1	1	0	0	0	1	0	0	0	0	0	0	0	0	0	0	1	0	1	1	0	0	7	1	1	0	3	1	0	2	11	0	0	4	3	2	0	0	0	0	0	0	0	0	0	0	0	0	0	0	0	0	0	0	0	1	0	0	0	1	0	0	0	0	0	0	0	0	0	1	0	0	0	0	0	0	0	0	1	0	0	0	0	0
"TCGA-XF-AAML-01"	0	0	0	0	1	0	3	1	1	1	1	0	15	13	1	12	2	2	0	1	1	0	0	1	0	0	0	1	55	20	3	66	4	1	7	1	6	4	9	8	3	5	9	2	122	49	61	64	0	0	0	1	0	0	2	0	0	1	0	1	0	0	0	0	3	0	6	2	1	0	2	3	2	0	0	0	0	1	0	1	0	1	0	0	1	0	0	0	0	0	0	0	0	0	0	0
"TCGA-XF-AAMQ-01"	0	0	1	0	0	0	1	1	0	0	0	1	4	3	3	4	0	0	0	0	0	0	0	1	0	0	0	3	23	9	5	35	2	2	7	0	3	2	6	2	5	5	5	0	40	10	20	22	0	0	0	0	0	0	0	0	0	0	0	0	0	0	1	0	3	1	0	1	1	1	0	0	0	1	0	0	0	0	0	0	0	0	0	1	0	0	0	1	0	0	0	0	0	0	1	0
"TCGA-XF-AAMR-01"	1	2	0	0	0	1	0	0	1	0	0	0	3	1	1	0	0	0	1	0	0	0	0	2	0	0	0	2	10	3	0	10	1	1	4	1	2	0	3	2	1	0	2	1	21	8	12	9	0	0	0	0	0	0	0	0	0	0	0	1	0	0	0	0	1	0	0	0	0	0	0	0	0	0	1	0	1	1	0	0	0	0	0	1	0	0	0	1	0	1	0	0	0	0	0	0
"TCGA-XF-AAMT-01"	1	0	2	2	3	1	0	2	2	2	0	1	1	2	1	3	0	0	0	0	0	0	0	1	3	1	0	1	4	2	0	12	1	3	4	0	2	1	4	2	2	0	3	2	6	3	4	3	1	1	1	0	2	0	1	1	2	0	1	0	1	0	0	0	0	0	1	0	0	0	3	1	0	0	0	1	0	1	0	0	0	0	0	0	0	1	2	0	0	0	1	0	0	0	0	1
"TCGA-XF-AAMW-01"	1	2	0	0	0	0	2	0	0	1	0	0	1	0	0	0	0	1	0	0	0	1	0	0	0	0	0	0	0	0	0	1	0	1	0	0	1	3	1	3	1	3	0	1	0	0	1	0	0	1	0	0	0	0	0	0	0	0	0	0	0	0	0	1	0	0	0	0	1	3	2	0	1	0	0	0	0	0	0	0	0	0	0	0	0	0	1	0	0	0	0	0	0	1	0	0
"TCGA-XF-AAMX-01"	1	4	1	2	5	6	1	4	1	4	0	5	11	7	3	5	1	5	4	2	2	2	2	1	1	3	1	6	20	12	5	35	2	7	8	4	3	5	7	11	9	3	12	7	29	15	21	15	0	2	2	3	0	1	0	4	2	2	1	0	0	0	0	0	5	2	2	1	3	3	4	0	1	1	2	3	1	1	1	1	0	0	2	1	0	0	0	1	1	0	0	0	0	0	0	3
"TCGA-XF-AAMY-01"	1	0	1	0	0	0	2	0	0	0	1	1	5	3	0	2	0	2	0	1	0	0	0	1	1	0	0	0	10	3	1	17	1	1	13	0	2	0	5	3	0	2	5	1	23	7	6	5	0	0	2	1	0	0	0	1	0	0	0	0	1	0	0	0	0	1	1	0	0	0	0	0	0	0	0	0	0	0	0	0	0	0	0	0	2	0	1	0	0	0	0	0	0	0	0	0
"TCGA-XF-AAMZ-01"	2	0	1	3	1	1	3	1	0	1	0	0	11	12	0	4	4	0	0	0	1	0	0	1	0	0	1	0	38	12	3	45	2	3	17	1	2	3	9	5	2	5	10	1	37	7	24	25	1	1	0	1	0	1	1	0	0	0	0	1	1	1	0	0	2	2	1	0	2	2	0	0	1	0	0	1	0	1	0	0	0	1	0	0	0	0	1	0	0	0	0	0	0	1	0	0
"TCGA-XF-AAN0-01"	1	1	1	1	0	0	1	2	1	0	0	3	16	13	1	11	0	0	0	2	1	1	0	1	1	0	0	1	56	23	9	83	1	1	4	1	6	5	11	3	2	3	2	5	81	31	35	49	0	0	0	0	0	0	1	0	0	0	1	0	1	0	0	0	0	0	2	2	1	2	0	0	2	0	0	1	0	3	1	1	0	0	0	1	0	2	0	0	0	0	0	0	0	0	0	0
"TCGA-XF-AAN1-01"	0	0	1	1	0	1	0	0	1	0	0	1	1	2	1	1	1	0	0	0	0	1	1	0	0	0	0	0	1	2	0	8	0	0	7	0	2	2	6	0	1	9	7	3	4	5	6	3	0	0	1	0	0	0	3	0	1	0	0	0	0	0	0	0	3	0	4	0	0	0	1	0	0	1	0	1	0	1	0	0	0	0	0	0	0	2	0	0	0	0	0	0	0	0	0	0
"TCGA-XF-AAN2-01"	0	0	0	1	1	2	0	1	1	0	0	1	9	14	3	7	0	1	0	0	2	0	0	0	1	1	0	2	63	31	3	73	1	2	5	1	6	4	7	5	4	6	8	4	101	36	38	61	1	0	0	0	0	0	0	0	0	0	0	0	0	0	1	0	0	0	3	0	0	2	2	1	2	1	1	2	0	0	0	0	0	1	0	0	0	0	0	0	0	0	0	0	0	0	1	0
"TCGA-XF-AAN3-01"	0	1	0	0	1	1	1	1	1	0	0	0	1	0	2	3	0	0	0	0	1	0	2	1	0	0	0	1	27	10	3	21	1	1	5	0	2	2	5	1	1	2	3	3	35	11	18	14	1	1	0	0	0	0	0	1	1	0	0	0	0	0	1	0	2	0	0	1	1	0	0	0	1	0	0	1	0	0	0	1	0	0	0	1	0	0	0	0	0	0	0	0	0	0	0	0
"TCGA-XF-AAN5-01"	1	0	0	3	1	0	4	1	3	1	0	1	21	9	2	6	1	0	0	0	2	0	0	0	0	0	0	1	54	18	5	63	0	3	6	1	3	0	11	2	0	4	5	2	42	16	21	21	0	1	3	0	0	0	0	0	0	0	0	0	0	1	1	0	1	0	0	1	1	0	2	0	1	0	0	0	0	0	3	0	0	0	0	0	1	1	1	0	1	0	0	0	1	0	0	0
"TCGA-XF-AAN7-01"	0	1	0	1	1	0	2	2	1	1	4	1	2	0	4	2	1	0	1	0	0	0	1	1	1	0	1	0	4	3	0	1	7	4	10	1	7	9	8	4	4	5	7	0	9	4	4	6	1	0	3	0	0	1	0	0	0	0	2	1	0	1	0	1	2	2	6	1	0	1	0	2	0	0	1	1	0	1	3	2	1	0	0	0	0	0	1	2	0	0	0	1	0	0	0	0
"TCGA-XF-AAN8-01"	0	0	0	0	0	1	0	0	0	0	0	0	0	0	0	0	0	0	0	0	0	0	0	0	0	0	0	0	0	0	0	0	0	0	1	0	0	0	0	0	0	0	0	0	0	0	0	0	0	0	0	0	0	0	0	0	0	0	0	0	0	0	0	0	0	0	0	0	0	1	0	0	0	0	0	0	0	0	0	0	0	0	0	0	0	0	0	0	0	0	0	0	0	0	0	0
"TCGA-YC-A89H-01"	4	6	0	4	11	8	3	6	9	7	2	2	7	10	2	9	5	5	2	4	2	3	7	4	2	7	2	3	21	12	6	32	16	10	35	9	56	22	42	24	21	20	29	16	725	219	263	378	5	1	4	3	4	2	7	1	3	2	2	2	4	2	3	6	9	6	8	4	12	3	13	7	15	5	10	8	7	2	4	5	0	3	4	3	1	0	3	10	0	0	1	1	2	1	2	6
"TCGA-YC-A8S6-01"	2	2	1	1	1	1	0	0	2	0	0	0	4	2	0	2	0	0	0	0	0	0	0	0	0	0	0	0	10	1	0	21	1	1	2	0	1	0	2	3	1	1	6	0	12	6	13	10	0	0	0	1	0	0	0	0	0	0	0	0	0	0	0	0	0	0	2	1	1	0	1	0	0	0	1	0	0	0	0	0	0	0	0	0	0	0	0	0	0	0	1	0	0	0	0	0
"TCGA-YC-A9TC-01"	1	0	1	2	1	3	1	0	3	1	1	0	5	1	0	3	0	0	0	1	0	0	2	0	0	0	0	0	11	5	1	17	3	4	6	0	3	2	4	2	0	0	7	0	15	3	7	6	0	0	1	0	0	0	0	0	0	0	0	0	0	1	0	0	1	0	0	0	0	0	0	2	0	0	1	1	0	0	1	0	0	0	0	0	0	2	0	1	0	0	0	0	0	1	1	0
"TCGA-YF-AA3L-01"	1	1	4	3	9	2	4	3	3	3	2	4	7	4	4	8	1	2	0	2	2	1	2	4	0	2	0	2	12	4	1	24	5	4	6	0	11	8	18	6	2	4	4	5	20	6	10	5	2	2	2	2	1	2	5	2	1	1	3	1	0	0	1	1	10	4	4	2	1	0	4	5	0	1	0	1	5	6	3	2	4	1	1	1	0	1	1	2	0	0	0	2	0	0	0	1
"TCGA-YF-AA3M-01"	1	0	2	0	1	1	3	4	4	1	2	0	4	3	1	0	0	0	1	0	0	1	1	2	1	2	1	0	12	4	0	7	0	0	10	3	5	7	7	5	6	4	14	6	15	7	8	6	1	0	0	1	0	0	0	0	0	0	0	0	1	0	0	1	6	1	6	2	0	1	3	2	1	2	0	0	2	0	1	3	2	0	0	0	0	1	0	0	1	0	0	0	0	1	1	2
"TCGA-ZF-A9R0-01"	0	1	0	1	0	0	0	2	0	1	1	0	6	2	3	4	1	0	0	0	0	0	1	1	0	0	0	0	35	12	2	35	1	0	8	0	4	0	10	2	2	2	2	2	39	9	16	18	0	0	0	1	0	0	0	0	1	0	0	0	0	0	0	1	3	0	0	0	0	0	1	0	0	1	1	0	1	1	0	0	0	0	0	0	0	0	1	0	0	0	0	0	0	0	1	0
"TCGA-ZF-A9R1-01"	1	1	0	0	0	1	0	1	0	1	0	0	2	0	0	3	0	0	0	1	0	1	0	1	0	0	0	1	9	5	0	10	0	0	5	0	3	1	7	2	2	0	5	1	11	6	10	5	0	0	1	1	0	1	1	2	0	0	0	1	0	1	0	1	0	0	0	0	0	0	0	0	0	0	0	0	1	0	1	0	0	0	1	0	0	0	0	0	1	1	0	0	0	0	2	0
"TCGA-ZF-A9R2-01"	1	0	0	0	1	1	3	0	1	2	0	1	3	4	1	0	0	2	2	1	0	0	0	3	0	0	0	1	17	10	3	20	1	2	3	1	2	2	1	6	1	1	6	2	24	7	6	8	0	0	1	1	1	0	0	0	0	0	0	0	0	0	0	0	3	0	0	2	0	0	2	2	2	1	1	2	0	1	0	0	0	0	0	0	0	0	0	2	0	0	0	0	1	1	0	0
"TCGA-ZF-A9R3-01"	2	0	0	0	0	1	1	0	0	0	0	0	0	1	1	0	0	1	0	0	1	1	0	0	0	0	0	1	7	1	0	10	0	1	4	0	0	2	7	1	1	1	7	1	9	8	6	6	2	0	0	0	0	1	1	0	0	0	0	0	0	0	0	1	1	0	1	0	0	0	0	0	0	1	0	1	0	1	1	0	0	0	0	0	0	0	0	0	0	0	1	0	0	0	0	0
"TCGA-ZF-A9R4-01"	3	1	0	0	0	0	0	0	2	2	0	0	5	8	2	7	1	0	1	0	1	1	0	1	0	0	0	2	21	5	5	51	1	4	5	0	4	7	8	0	0	3	5	1	57	20	22	25	0	0	1	0	0	0	1	1	0	0	0	0	0	0	0	0	0	1	1	0	0	1	0	0	1	0	0	0	0	2	0	1	0	1	0	0	0	0	0	0	0	0	0	0	1	0	0	0
"TCGA-ZF-A9R5-01"	2	1	0	0	1	2	1	1	1	1	3	1	0	1	0	2	0	0	0	0	0	0	0	0	0	0	0	1	1	0	2	1	0	1	8	7	1	3	10	5	3	0	3	1	1	2	4	3	0	1	0	2	1	1	1	4	0	0	0	0	0	0	1	0	7	0	3	1	1	1	0	2	2	1	0	1	2	0	0	0	0	0	0	0	0	0	0	0	0	0	0	0	0	0	1	0
"TCGA-ZF-A9R7-01"	0	0	0	0	2	3	1	3	1	0	2	1	13	12	1	16	1	0	0	1	0	1	1	5	1	1	0	0	122	41	25	136	3	2	10	2	7	5	15	5	2	1	7	3	144	42	63	76	0	0	0	0	0	0	2	0	0	0	0	0	0	1	0	0	0	0	0	0	0	1	0	4	0	1	0	0	1	0	0	0	0	0	0	0	0	0	0	0	0	1	0	0	0	0	0	0
"TCGA-ZF-A9R9-01"	0	1	0	0	1	0	1	0	4	0	0	0	4	3	1	2	0	0	0	0	1	1	1	1	1	0	1	2	18	7	2	25	3	2	8	0	4	4	4	1	2	2	14	0	35	20	22	17	0	1	0	1	0	0	0	1	0	0	0	0	0	0	0	1	4	0	2	1	1	1	2	1	0	0	0	0	1	0	1	0	0	0	0	0	0	0	0	0	0	0	0	0	0	1	0	1
"TCGA-ZF-A9RC-01"	3	1	3	4	5	2	3	4	5	3	3	1	15	6	1	4	2	1	5	3	10	1	5	2	2	0	1	4	48	24	12	47	7	9	19	10	16	12	22	14	5	6	12	5	299	93	68	160	2	0	5	5	0	4	5	2	2	1	1	1	0	1	2	1	11	5	10	7	3	2	8	10	10	5	6	7	10	4	7	5	2	1	0	10	4	0	3	11	2	1	0	4	1	0	1	9
"TCGA-ZF-A9RD-01"	1	1	0	3	0	3	0	2	1	0	1	0	6	2	1	4	0	0	1	0	1	0	0	1	0	0	0	0	22	7	1	23	0	2	4	0	7	1	7	2	2	2	3	3	30	17	16	13	0	0	0	0	1	0	0	0	0	0	0	1	0	0	0	0	0	2	0	1	0	0	1	1	1	0	0	0	1	0	0	0	0	0	0	0	0	0	2	0	1	1	0	1	0	1	0	0
"TCGA-ZF-A9RE-01"	0	2	0	1	0	0	0	2	3	1	0	0	2	0	0	1	0	0	1	1	1	1	0	1	0	0	0	0	2	1	2	1	1	1	8	0	0	1	4	0	0	1	9	2	1	0	7	2	1	0	0	0	0	1	2	0	0	0	1	0	1	0	0	1	1	0	2	1	0	0	0	0	0	1	0	0	0	1	0	0	0	0	0	0	0	0	1	1	0	0	0	0	0	0	0	1
"TCGA-ZF-A9RF-01"	1	1	3	2	2	3	3	4	5	3	3	0	7	2	2	7	2	0	0	1	2	3	1	0	1	0	1	1	15	10	1	30	6	2	3	1	10	2	6	9	2	4	8	3	32	10	10	11	0	2	0	1	0	0	1	2	0	1	2	3	0	1	0	0	1	2	1	1	2	1	3	0	1	3	2	1	5	1	0	2	0	0	0	0	0	0	0	2	0	0	1	0	0	0	0	0
"TCGA-ZF-A9RG-01"	1	1	0	1	0	1	1	0	1	1	1	1	1	4	0	4	0	0	0	0	1	1	0	1	1	1	0	1	16	7	4	24	3	2	4	1	4	2	4	1	0	1	6	1	71	18	23	36	0	0	0	0	0	1	0	3	0	0	0	0	0	1	1	0	2	1	2	2	0	0	0	1	2	0	1	2	0	1	1	0	1	0	0	0	1	1	0	0	0	0	1	0	0	0	0	1
"TCGA-ZF-A9RL-01"	0	3	12	0	10	5	2	2	5	5	11	0	7	14	3	7	2	0	4	3	1	1	0	2	0	0	0	0	39	12	8	56	3	2	11	1	6	3	7	5	1	0	11	2	30	14	29	16	0	0	0	1	0	1	1	1	1	0	0	0	0	0	0	0	13	1	4	5	0	0	1	2	0	1	0	0	1	2	1	0	1	0	0	0	0	0	0	0	0	0	0	0	0	0	1	0
"TCGA-ZF-A9RM-01"	1	1	1	0	1	0	0	1	1	2	2	1	0	4	1	2	1	0	0	2	1	1	0	3	0	0	0	1	2	2	1	1	2	2	3	3	2	3	6	4	2	0	4	2	2	2	4	1	3	1	0	2	0	0	1	1	0	1	0	0	0	0	0	1	2	0	3	1	1	0	0	2	1	1	0	1	2	0	0	1	1	0	0	0	0	0	1	0	0	0	1	1	0	1	0	0
"TCGA-ZF-A9RN-01"	3	0	0	1	3	4	1	2	1	1	2	2	8	1	3	1	0	2	2	2	0	0	1	4	0	0	0	4	19	8	4	23	2	2	8	1	0	0	5	2	1	2	9	3	15	8	14	12	1	0	1	0	2	0	1	1	1	0	0	0	1	0	0	0	0	2	1	0	2	2	0	3	1	3	0	2	1	0	1	1	1	0	0	0	0	0	0	1	1	0	0	0	0	1	2	0
"TCGA-ZF-AA4R-01"	3	0	0	0	2	2	1	0	0	2	0	0	0	3	0	0	1	1	0	1	0	0	0	1	0	0	0	0	4	5	2	9	0	1	3	1	0	2	2	0	1	0	2	1	8	1	5	0	0	0	0	0	0	0	0	0	1	0	0	1	0	1	0	0	3	0	1	1	0	0	0	1	0	1	0	0	0	1	0	0	0	1	0	0	0	0	1	0	0	0	0	0	0	2	0	0
"TCGA-ZF-AA4T-01"	2	1	1	0	1	5	2	1	1	3	3	1	1	0	0	0	0	1	1	0	1	0	0	2	1	0	0	0	3	0	0	3	1	0	5	0	3	1	8	2	2	1	11	1	6	4	3	2	0	1	1	0	2	1	2	0	0	0	0	0	0	0	0	0	3	0	0	1	0	1	1	2	1	1	0	0	1	1	1	5	0	1	0	0	0	0	0	3	0	0	0	1	0	1	0	0
"TCGA-ZF-AA4U-01"	0	0	0	0	0	1	1	1	0	1	1	0	3	2	0	1	1	0	0	0	0	0	0	0	1	1	0	0	1	1	0	1	0	0	6	1	2	5	10	0	2	2	5	1	2	4	2	3	0	0	0	0	0	0	0	0	0	0	0	0	0	0	0	0	2	1	1	2	0	0	2	0	1	1	0	1	0	0	1	0	0	0	0	0	0	0	0	0	1	0	0	0	0	0	0	1
"TCGA-ZF-AA4V-01"	7	3	2	3	6	2	3	2	1	5	3	2	8	10	1	6	1	2	4	2	4	6	4	4	3	2	0	2	42	13	7	58	12	3	12	2	14	10	12	8	9	5	9	5	141	40	55	92	0	4	1	2	0	1	2	1	1	2	5	0	1	0	2	4	19	7	14	4	3	2	11	0	10	8	6	6	2	6	3	1	1	0	0	4	0	3	0	0	1	0	2	1	0	1	0	0
"TCGA-ZF-AA4W-01"	1	3	1	3	4	11	2	27	0	3	1	5	4	9	3	18	0	0	1	2	0	0	2	3	1	1	1	0	36	14	5	47	9	7	23	5	5	5	17	10	9	27	56	10	37	15	19	30	1	2	1	3	0	0	1	1	1	2	0	3	0	1	0	0	2	10	6	0	1	3	9	4	6	3	10	5	7	4	5	4	0	0	0	0	0	0	2	1	1	2	0	0	0	0	0	0
"TCGA-ZF-AA4X-01"	0	0	0	0	2	1	0	2	0	0	0	0	21	19	2	16	2	0	0	2	3	1	1	3	0	1	0	2	94	22	6	132	5	1	8	1	11	1	6	5	1	2	4	3	184	66	62	94	0	0	0	0	0	0	0	0	0	0	0	0	0	1	0	0	0	0	1	0	0	2	1	0	0	0	0	0	0	0	0	0	0	0	0	0	0	0	0	0	0	0	0	0	0	0	0	0
"TCGA-ZF-AA51-01"	1	2	2	1	2	2	1	0	2	0	1	2	13	24	9	13	2	0	1	4	4	2	1	2	0	0	3	2	122	27	14	124	3	2	7	1	6	5	9	6	6	8	8	3	132	41	39	50	0	0	1	1	2	4	3	0	2	0	0	0	0	2	0	3	3	1	2	2	1	0	3	1	1	1	1	2	1	0	1	0	1	0	0	0	0	2	2	4	0	0	1	1	1	0	1	0
"TCGA-ZF-AA52-01"	1	0	0	0	0	1	0	0	0	0	1	0	1	3	1	2	0	0	0	0	0	0	0	1	0	0	0	0	12	1	0	11	0	2	6	4	1	2	5	2	0	2	4	1	18	10	19	11	0	1	0	0	0	0	1	0	0	0	0	0	0	0	0	0	0	0	2	2	0	2	2	1	2	2	0	0	0	0	0	1	0	0	0	0	0	1	0	2	0	0	0	0	0	0	0	0
"TCGA-ZF-AA53-01"	0	0	0	0	0	0	0	1	1	0	0	0	2	5	0	2	0	0	0	2	1	0	1	0	0	0	0	2	39	2	6	36	1	0	4	0	2	1	4	0	1	0	2	1	41	19	17	13	0	1	0	0	0	0	0	0	0	0	0	0	0	0	0	0	0	0	1	0	0	0	0	0	0	0	0	0	0	1	0	0	0	0	0	0	0	0	0	0	0	0	0	0	0	0	0	0
"TCGA-ZF-AA54-01"	1	0	1	0	0	0	0	0	4	2	0	0	3	2	1	5	0	0	0	0	0	1	0	5	0	1	0	0	28	4	3	34	1	3	6	0	0	2	6	1	0	1	2	3	32	14	8	18	0	0	0	0	1	1	1	0	0	1	1	0	0	0	0	0	3	1	1	1	0	1	2	2	0	2	0	0	1	0	1	1	0	0	0	1	0	0	0	1	0	0	0	0	0	0	0	0
"TCGA-ZF-AA56-01"	1	2	0	3	0	1	0	1	1	0	0	0	3	0	0	2	0	0	0	0	0	0	0	1	0	0	0	2	13	2	1	12	0	2	4	0	2	2	4	0	1	3	8	3	12	5	6	4	0	0	1	0	0	2	0	0	0	0	0	1	0	1	0	0	0	0	2	0	0	0	0	1	0	1	0	0	1	0	0	0	0	0	0	1	0	0	3	0	0	0	1	0	0	0	1	0
"TCGA-ZF-AA58-01"	2	1	2	1	0	5	0	0	0	0	1	2	6	3	0	2	0	0	0	3	2	2	1	5	1	2	0	1	22	9	3	28	3	1	4	2	3	4	3	4	6	4	5	1	35	7	12	13	1	0	1	0	0	0	2	3	0	0	1	1	1	2	1	1	3	0	1	3	0	3	1	0	1	1	3	0	2	0	1	0	0	0	0	0	0	1	3	3	0	1	1	0	0	0	0	2
"TCGA-ZF-AA5H-01"	1	1	0	2	0	2	0	0	0	1	1	0	0	0	0	0	0	1	0	0	0	1	0	1	0	0	0	0	3	2	0	5	0	1	3	0	2	1	8	1	0	0	5	0	13	3	4	4	0	1	0	0	0	0	0	0	0	0	0	0	0	0	0	0	0	2	1	0	0	0	0	0	0	0	1	2	0	0	0	1	0	0	0	0	0	0	1	0	0	0	0	0	0	0	0	0
"TCGA-ZF-AA5N-01"	0	1	0	0	0	1	0	0	0	0	0	1	1	1	0	0	2	0	0	1	0	0	0	0	0	0	0	0	0	0	0	3	1	0	4	1	2	2	3	1	0	2	3	1	2	2	3	1	0	0	0	0	0	0	0	0	0	0	0	0	0	0	0	0	1	0	0	0	0	0	0	0	1	0	3	0	1	1	0	0	0	0	1	1	0	0	1	2	0	0	0	0	2	0	0	0
"TCGA-ZF-AA5P-01"	0	1	0	0	0	0	0	1	2	0	2	0	3	3	1	0	0	0	0	0	0	0	0	0	0	1	0	0	5	2	0	9	0	0	3	1	0	1	3	2	1	0	1	1	8	2	7	1	1	0	0	0	0	0	0	0	0	0	1	0	0	0	0	0	0	0	1	0	0	0	0	0	0	0	0	0	0	1	0	1	0	0	0	0	0	0	0	2	0	0	0	0	0	1	0	1
"TCGA-4Z-AA7N-01"	0	0	0	0	0	0	0	0	0	0	0	0	3	0	0	1	0	0	0	0	0	0	0	0	1	0	0	0	5	0	0	3	0	0	1	0	1	0	2	1	0	1	2	0	7	2	2	2	0	0	0	0	0	0	0	0	0	0	0	0	0	0	0	0	0	0	0	0	0	0	0	0	0	0	0	0	0	0	0	0	0	0	0	0	0	0	0	0	0	0	0	0	0	0	0	0
"TCGA-4Z-AA87-01"	1	1	2	0	2	1	0	3	0	2	1	0	5	3	4	4	0	2	3	2	0	2	2	2	1	0	1	1	23	4	5	34	1	1	8	1	5	3	15	1	8	2	15	2	38	13	20	17	0	0	0	0	0	0	3	0	0	1	0	0	0	0	0	1	0	0	2	1	1	1	3	3	0	0	1	0	0	0	1	0	0	0	0	2	0	1	0	3	1	0	0	1	0	0	0	0
"TCGA-C4-A0F1-01"	0	1	0	0	0	1	1	0	3	1	0	1	3	6	1	4	0	0	0	0	0	0	1	0	1	1	0	0	15	9	2	16	1	0	8	3	2	2	8	1	4	0	5	2	31	14	21	20	1	1	0	1	0	0	0	0	0	0	0	0	1	0	0	1	1	0	0	0	0	1	0	0	0	1	2	0	1	0	0	1	0	0	0	0	0	0	0	0	0	0	0	0	1	0	1	0
"TCGA-C4-A0F7-01"	5	0	0	0	0	0	0	0	1	2	0	0	0	1	2	2	1	0	0	1	0	1	0	1	0	2	0	1	1	1	1	1	2	0	8	0	1	4	9	0	1	1	5	1	5	2	7	5	1	0	0	0	1	0	0	0	0	0	0	0	1	0	0	1	0	1	0	2	0	0	2	0	1	0	0	1	1	0	2	0	0	0	0	0	0	0	0	0	0	0	0	0	0	0	0	0
"TCGA-DK-A6AW-01"	3	13	2	38	8	1	3	40	5	14	2	23	151	18	15	964	0	2	0	0	0	0	0	1	2	1	0	1	0	0	0	1	5	25	101	33	5	13	47	17	11	108	290	95	21	100	1112	194	2	2	1	9	0	0	4	2	0	4	0	3	0	1	3	7	14	16	21	17	3	7	12	8	34	43	24	39	14	13	26	27	3	17	7	47	11	6	17	45	3	10	6	15	17	44	16	255
"TCGA-DK-AA75-01"	3	3	1	3	1	0	3	1	1	2	0	1	10	1	2	4	3	2	1	2	3	2	7	4	1	0	2	2	32	12	4	41	6	6	12	4	5	6	10	8	2	5	8	7	109	31	72	58	0	1	1	3	0	1	1	0	2	0	0	1	2	1	1	0	2	2	0	5	0	0	3	2	2	1	3	5	0	1	4	0	0	1	0	0	0	1	2	1	0	0	1	0	0	1	0	2
"TCGA-E7-A85H-01"	4	7	2	1	6	2	4	5	3	6	1	4	6	6	3	5	2	1	3	3	3	1	21	4	0	2	2	1	13	6	8	11	5	5	10	5	13	9	16	10	2	10	11	5	25	14	20	23	0	2	2	3	2	1	3	3	3	2	1	2	1	3	2	0	14	4	15	3	2	2	13	7	11	1	11	4	3	2	4	4	1	0	0	0	0	2	1	4	0	3	1	0	2	0	0	1
"TCGA-FD-A3B8-01"	1	0	0	0	0	0	0	1	1	1	1	0	0	2	1	2	0	0	1	0	1	0	0	1	0	0	0	0	13	3	1	14	0	0	1	0	2	0	4	0	0	4	1	1	12	3	4	6	0	0	0	0	0	0	0	0	0	0	0	0	0	0	0	0	1	0	2	1	0	2	1	0	0	1	0	0	0	0	0	0	0	0	0	0	0	0	0	0	0	0	0	0	0	0	0	0
"TCGA-XF-A9SL-01"	0	0	1	2	0	0	0	1	0	0	2	0	3	0	0	1	0	0	0	2	0	0	1	1	0	0	0	0	22	1	0	16	3	0	0	1	1	1	3	1	3	1	2	0	12	7	5	14	0	0	1	0	1	0	0	0	0	0	0	0	0	0	0	0	2	2	0	1	1	2	0	1	1	0	0	0	1	1	1	1	0	0	0	0	0	0	1	1	0	0	0	0	0	0	1	0
"TCGA-XF-AAN4-01"	1	0	0	0	0	0	2	2	0	0	0	1	3	1	1	0	0	0	0	0	0	0	0	0	0	0	0	0	6	5	1	8	1	0	2	0	1	0	0	1	0	1	2	0	7	1	3	3	0	1	0	0	0	1	2	1	0	0	0	0	0	0	0	0	1	1	3	2	0	0	0	2	0	0	2	0	0	0	0	0	0	0	0	0	0	0	0	0	0	0	0	0	0	0	0	0
