Chr1	0	999999	39.07
Chr1	1000000	1999999	36.13
Chr1	2000000	2999999	38.18
Chr1	3000000	3999999	39.49
Chr1	4000000	4999999	37.42
Chr1	5000000	5999999	36.98
Chr1	6000000	6999999	38.2
Chr1	7000000	7999999	38.65
Chr1	8000000	8999999	39.18
Chr1	9000000	9999999	37.54
Chr1	10000000	10999999	38.3
Chr1	11000000	11999999	38.32
Chr1	12000000	12999999	39.38
Chr1	13000000	13999999	37.86
Chr1	14000000	14999999	39.44
Chr1	15000000	15999999	36.09
Chr1	16000000	16999999	38.72
Chr1	17000000	17999999	37.88
Chr1	18000000	18999999	38.99
Chr1	19000000	19999999	39.32
Chr1	20000000	20999999	39.27
Chr1	21000000	21999999	37.65
Chr1	22000000	22999999	37.48
Chr1	23000000	23999999	38.64
Chr1	24000000	24999999	34.55
Chr1	25000000	25999999	35.54
Chr1	26000000	26999999	39.31
Chr1	27000000	27999999	36.42
Chr1	28000000	28999999	39.64
Chr1	29000000	29999999	40.28
Chr1	30000000	30999999	40.1
Chr1	31000000	31999999	37.74
Chr1	32000000	32999999	38.3
Chr1	33000000	33999999	40.07
Chr1	34000000	34999999	37.48
Chr1	35000000	35999999	40.13
Chr1	36000000	36999999	37.35
Chr1	37000000	37999999	38.29
Chr1	38000000	38999999	36.14
Chr1	39000000	39999999	37.24
Chr1	40000000	40999999	38.71
Chr1	41000000	41999999	36.62
Chr1	42000000	42999999	37.73
Chr1	43000000	43999999	39.04
Chr1	44000000	44999999	34.68
Chr1	45000000	45999999	37.52
Chr1	46000000	46999999	37.01
Chr1	47000000	47999999	36.56
Chr1	48000000	48999999	37.46
Chr1	49000000	49999999	37.75
Chr1	50000000	50999999	38.25
Chr1	51000000	51999999	36.86
Chr1	52000000	52999999	39.06
Chr1	53000000	53999999	36.39
Chr1	54000000	54999999	38.33
Chr1	55000000	55999999	38.02
Chr1	56000000	56999999	37.96
Chr1	57000000	57999999	37.96
Chr1	58000000	58999999	39.5
Chr1	59000000	59999999	36.96
Chr1	60000000	60999999	39.44
Chr1	61000000	61999999	37.91
Chr1	62000000	62999999	37.43
Chr1	63000000	63999999	38.31
Chr1	64000000	64999999	39.66
Chr1	65000000	65999999	38.61
Chr1	66000000	66999999	40.05
Chr1	67000000	67999999	38.33
Chr1	68000000	68999999	38.08
Chr1	69000000	69999999	38.53
Chr1	70000000	70999999	37.29
Chr1	71000000	71999999	39.01
Chr1	72000000	72999999	38.13
Chr1	73000000	73999999	37.45
Chr1	74000000	74999999	35.19
Chr1	75000000	75999999	38.5
Chr1	76000000	76999999	37.07
Chr1	77000000	77999999	38.15
Chr1	78000000	78999999	38.99
Chr1	79000000	79999999	37.04
Chr1	80000000	80999999	36.02
Chr1	81000000	81999999	38.28
Chr1	82000000	82999999	38.26
Chr1	83000000	83999999	38.65
Chr1	84000000	84999999	35.64
Chr1	85000000	85999999	36.73
Chr1	86000000	86999999	37.18
Chr1	87000000	87999999	37.76
Chr1	88000000	88999999	36.04
Chr1	89000000	89999999	35.24
Chr1	90000000	90999999	36.92
Chr1	91000000	91999999	37.62
Chr1	92000000	92999999	37.42
Chr1	93000000	93999999	37.46
Chr1	94000000	94999999	36.75
Chr1	95000000	95999999	37.79
Chr1	96000000	96999999	37.36
Chr1	97000000	97999999	36.84
Chr1	98000000	98999999	38.6
Chr1	99000000	99999999	38
Chr1	100000000	100999999	38.89
Chr1	101000000	101999999	38.13
Chr1	102000000	102999999	37.49
Chr1	103000000	103999999	34.46
Chr1	104000000	104999999	37.78
Chr1	105000000	105999999	39.28
Chr1	106000000	106999999	37.53
Chr1	107000000	107999999	38.8
Chr1	108000000	108999999	36.97
Chr1	109000000	109999999	36.44
Chr1	110000000	110999999	35.89
Chr1	111000000	111999999	36.1
Chr1	112000000	112999999	38.36
Chr1	113000000	113999999	34.81
Chr1	114000000	114999999	37.64
Chr1	115000000	115999999	39.53
Chr1	116000000	116999999	38.98
Chr1	117000000	117999999	38.67
Chr1	118000000	118073833	30.86
Chr10	0	999999	39.92
Chr10	1000000	1999999	37.13
Chr10	2000000	2999999	38.19
Chr10	3000000	3999999	36.29
Chr10	4000000	4999999	39.69
Chr10	5000000	5999999	38.26
Chr10	6000000	6999999	38.89
Chr10	7000000	7999999	37.91
Chr10	8000000	8999999	38.52
Chr10	9000000	9999999	38.86
Chr10	10000000	10999999	39.93
Chr10	11000000	11999999	36.09
Chr10	12000000	12999999	39.34
Chr10	13000000	13999999	39.21
Chr10	14000000	14999999	40.04
Chr10	15000000	15999999	40.14
Chr10	16000000	16999999	40.5
Chr10	17000000	17999999	38.7
Chr10	18000000	18999999	39.94
Chr10	19000000	19999999	39.73
Chr10	20000000	20999999	38.89
Chr10	21000000	21999999	39.65
Chr10	22000000	22999999	37.63
Chr10	23000000	23999999	39.94
Chr10	24000000	24999999	40.04
Chr10	25000000	25999999	39.95
Chr10	26000000	26999999	34.67
Chr10	27000000	27999999	38.24
Chr10	28000000	28999999	39.32
Chr10	29000000	29999999	38.02
Chr10	30000000	30999999	37.04
Chr10	31000000	31999999	35.34
Chr10	32000000	32999999	37.57
Chr10	33000000	33999999	36.87
Chr10	34000000	34999999	38.66
Chr10	35000000	35999999	37.46
Chr10	36000000	36999999	39.27
Chr10	37000000	37999999	38.3
Chr10	38000000	38999999	38.92
Chr10	39000000	39999999	37.79
Chr10	40000000	40999999	37.97
Chr10	41000000	41999999	37.68
Chr10	42000000	42999999	37.1
Chr10	43000000	43999999	37.6
Chr10	44000000	44999999	38.64
Chr10	45000000	45999999	37.08
Chr10	46000000	46999999	37.32
Chr10	47000000	47999999	36.65
Chr10	48000000	48999999	37.39
Chr10	49000000	49999999	39.11
Chr10	50000000	50999999	38.55
Chr10	51000000	51999999	37.78
Chr10	52000000	52999999	37.79
Chr10	53000000	53999999	36.81
Chr10	54000000	54999999	36.6
Chr10	55000000	55999999	36.53
Chr10	56000000	56999999	38.48
Chr10	57000000	57983155	37.89
Chr11	0	999999	36.89
Chr11	1000000	1999999	37.37
Chr11	2000000	2999999	35.9
Chr11	3000000	3999999	36.63
Chr11	4000000	4999999	38.55
Chr11	5000000	5999999	38.68
Chr11	6000000	6999999	37.15
Chr11	7000000	7999999	33.92
Chr11	8000000	8999999	38.62
Chr11	9000000	9999999	36.16
Chr11	10000000	10999999	36.84
Chr11	11000000	11999999	39.23
Chr11	12000000	12999999	38.31
Chr11	13000000	13999999	37.69
Chr11	14000000	14999999	35.64
Chr11	15000000	15999999	34.9
Chr11	16000000	16999999	37.28
Chr11	17000000	17999999	37.76
Chr11	18000000	18999999	37.06
Chr11	19000000	19999999	37.11
Chr11	20000000	20999999	38.91
Chr11	21000000	21999999	37.95
Chr11	22000000	22999999	37.01
Chr11	23000000	23999999	37.18
Chr11	24000000	24999999	40.71
Chr11	25000000	25999999	39.69
Chr11	26000000	26999999	37.45
Chr11	27000000	27999999	36.7
Chr11	28000000	28999999	38.29
Chr11	29000000	29999999	36.88
Chr11	30000000	30999999	38.17
Chr11	31000000	31999999	37.3
Chr11	32000000	32999999	38.46
Chr11	33000000	33999999	36.06
Chr11	34000000	34999999	35.69
Chr11	35000000	35999999	35.55
Chr11	36000000	36999999	36.36
Chr11	37000000	37999999	36.73
Chr11	38000000	38999999	37.65
Chr11	39000000	39999999	36.86
Chr11	40000000	40999999	39.19
Chr11	41000000	41999999	38.22
Chr11	42000000	42999999	36.86
Chr11	43000000	43999999	35.71
Chr11	44000000	44999999	35.05
Chr11	45000000	45999999	37.35
Chr11	46000000	46999999	37.61
Chr11	47000000	47999999	38.19
Chr11	48000000	48999999	39.77
Chr11	49000000	49999999	37.21
Chr11	50000000	50685131	36.53
Chr12	0	999999	39.42
Chr12	1000000	1999999	38.02
Chr12	2000000	2999999	38.11
Chr12	3000000	3999999	36.8
Chr12	4000000	4999999	38.77
Chr12	5000000	5999999	35.68
Chr12	6000000	6999999	35.19
Chr12	7000000	7999999	36.75
Chr12	8000000	8999999	38.89
Chr12	9000000	9999999	39.59
Chr12	10000000	10999999	36.6
Chr12	11000000	11999999	37.22
Chr12	12000000	12999999	36.34
Chr12	13000000	13999999	36.67
Chr12	14000000	14999999	39.77
Chr12	15000000	15999999	39.26
Chr12	16000000	16999999	38.45
Chr12	17000000	17999999	36.98
Chr12	18000000	18999999	38.21
Chr12	19000000	19999999	37.25
Chr12	20000000	20999999	37.21
Chr12	21000000	21999999	35.76
Chr12	22000000	22999999	38.6
Chr12	23000000	23999999	35.7
Chr12	24000000	24999999	37.15
Chr12	25000000	25999999	37.91
Chr12	26000000	26999999	40.11
Chr12	27000000	27999999	38.24
Chr12	28000000	28999999	36.92
Chr12	29000000	29999999	37.41
Chr12	30000000	30999999	37.2
Chr12	31000000	31999999	39
Chr12	32000000	32552834	37.78
Chr13	0	999999	38.04
Chr13	1000000	1999999	38.65
Chr13	2000000	2999999	35.64
Chr13	3000000	3999999	39.81
Chr13	4000000	4999999	35.85
Chr13	5000000	5999999	36.08
Chr13	6000000	6999999	37.22
Chr13	7000000	7999999	38.64
Chr13	8000000	8999999	36.96
Chr13	9000000	9999999	36.43
Chr13	10000000	10999999	38.53
Chr13	11000000	11999999	38.5
Chr13	12000000	12999999	39.33
Chr13	13000000	13999999	39.07
Chr13	14000000	14999999	38.93
Chr13	15000000	15999999	37.01
Chr13	16000000	16999999	38.83
Chr13	17000000	17999999	40.63
Chr13	18000000	18999999	38.72
Chr13	19000000	19999999	38.79
Chr13	20000000	20999999	38.88
Chr13	21000000	21999999	38.98
Chr13	22000000	22999999	39.87
Chr13	23000000	23999999	36.74
Chr13	24000000	24999999	40.1
Chr13	25000000	25667229	37.87
Chr14	0	999999	39.24
Chr14	1000000	1999999	39.85
Chr14	2000000	2999999	39.7
Chr14	3000000	3999999	39.71
Chr14	4000000	4999999	38.35
Chr14	5000000	5999999	34.71
Chr14	6000000	6999999	38.97
Chr14	7000000	7999999	38.81
Chr14	8000000	8999999	38.84
Chr14	9000000	9999999	39.74
Chr14	10000000	10999999	39.82
Chr14	11000000	11999999	39.53
Chr14	12000000	12999999	39.61
Chr14	13000000	13999999	36.73
Chr14	14000000	14999999	38.52
Chr14	15000000	15999999	35.98
Chr14	16000000	16999999	39.64
Chr14	17000000	17999999	39.55
Chr14	18000000	18999999	37.19
Chr14	19000000	19999999	35.35
Chr14	20000000	20999999	35.88
Chr14	21000000	21999999	37.52
Chr14	22000000	22999999	38.64
Chr14	23000000	23999999	37.39
Chr14	24000000	24999999	36.14
Chr14	25000000	25999999	38.65
Chr14	26000000	26999999	37.05
Chr14	27000000	27999999	39.33
Chr14	28000000	28999999	34.38
Chr14	29000000	29999999	38.74
Chr14	30000000	30999999	37.13
Chr14	31000000	31999999	39.34
Chr14	32000000	32999999	36.32
Chr14	33000000	33999999	37.58
Chr14	34000000	34999999	38.58
Chr14	35000000	35999999	38.37
Chr14	36000000	36999999	38.47
Chr14	37000000	37999999	37.31
Chr14	38000000	38999999	38.63
Chr14	39000000	39999999	38.04
Chr14	40000000	40999999	37.76
Chr14	41000000	41999999	37.44
Chr14	42000000	42999999	38.24
Chr14	43000000	43999999	37.16
Chr14	44000000	44999999	38.7
Chr14	45000000	45999999	40.22
Chr14	46000000	46999999	37.03
Chr14	47000000	47999999	35.82
Chr14	48000000	48999999	39.74
Chr14	49000000	49999999	36.72
Chr14	50000000	50999999	37.46
Chr14	51000000	51999999	38.94
Chr14	52000000	52999999	38.03
Chr14	53000000	53685928	36.79
Chr15	0	999999	38.09
Chr15	1000000	1999999	36.16
Chr15	2000000	2999999	38.15
Chr15	3000000	3999999	36.91
Chr15	4000000	4999999	36.41
Chr15	5000000	5999999	37.18
Chr15	6000000	6999999	38.96
Chr15	7000000	7999999	38.67
Chr15	8000000	8999999	38.62
Chr15	9000000	9999999	37.17
Chr15	10000000	10999999	38.04
Chr15	11000000	11999999	36.74
Chr15	12000000	12999999	37.25
Chr15	13000000	13456277	32.13
Chr16	0	999999	39.68
Chr16	1000000	1999999	40.55
Chr16	2000000	2999999	38.74
Chr16	3000000	3999999	38.16
Chr16	4000000	4999999	39.13
Chr16	5000000	5999999	36.79
Chr16	6000000	6999999	37.84
Chr16	7000000	7999999	38.62
Chr16	8000000	8999999	38.48
Chr16	9000000	9999999	37.54
Chr16	10000000	10999999	35.8
Chr16	11000000	11999999	37.3
Chr16	12000000	12999999	37.38
Chr16	13000000	13999999	39.82
Chr16	14000000	14999999	36.08
Chr16	15000000	15999999	36.17
Chr16	16000000	16999999	36.36
Chr16	17000000	17999999	35.76
Chr16	18000000	18999999	38.68
Chr16	19000000	19999999	38.61
Chr16	20000000	20999999	39.62
Chr16	21000000	21999999	37.64
Chr16	22000000	22999999	38.92
Chr16	23000000	23999999	39.5
Chr16	24000000	24999999	36.2
Chr16	25000000	25999999	36.64
Chr16	26000000	26999999	38.51
Chr16	27000000	27999999	36.68
Chr16	28000000	28459215	36.46
Chr17	0	999999	38.28
Chr17	1000000	1999999	38.83
Chr17	2000000	2999999	40.61
Chr17	3000000	3999999	38.97
Chr17	4000000	4999999	36.85
Chr17	5000000	5999999	38.87
Chr17	6000000	6999999	39.41
Chr17	7000000	7999999	37.44
Chr17	8000000	8999999	37.35
Chr17	9000000	9999999	38.81
Chr17	10000000	10999999	35.06
Chr17	11000000	11999999	39.65
Chr17	12000000	12999999	37.16
Chr17	13000000	13999999	36.15
Chr17	14000000	14999999	38.44
Chr17	15000000	15999999	37.52
Chr17	16000000	16999999	37.1
Chr17	17000000	17999999	37.36
Chr17	18000000	18999999	35.67
Chr17	19000000	19999999	35.44
Chr17	20000000	20999999	35.79
Chr17	21000000	21999999	38.75
Chr17	22000000	22999999	36.92
Chr17	23000000	23999999	38.95
Chr17	24000000	24999999	37.28
Chr17	25000000	25999999	38.99
Chr17	26000000	26999999	37.02
Chr17	27000000	27999999	36.71
Chr17	28000000	28999999	38.69
Chr17	29000000	29999999	37.92
Chr17	30000000	30999999	39.19
Chr17	31000000	31999999	35.94
Chr17	32000000	32999999	37.29
Chr17	33000000	33999999	37.28
Chr17	34000000	34999999	38.52
Chr17	35000000	35999999	39.03
Chr17	36000000	36999999	36.94
Chr17	37000000	37999999	36.95
Chr17	38000000	38999999	39.86
Chr17	39000000	39999999	37.29
Chr17	40000000	40999999	38.81
Chr17	41000000	41999999	38.52
Chr17	42000000	42403734	36.59
Chr18	0	999999	37.22
Chr18	1000000	1999999	38.61
Chr18	2000000	2999999	36.18
Chr18	3000000	3999999	38.6
Chr18	4000000	4999999	36.25
Chr18	5000000	5999999	39.36
Chr18	6000000	6999999	36.77
Chr18	7000000	7999999	38.22
Chr18	8000000	8999999	37.81
Chr18	9000000	9999999	37.64
Chr18	10000000	10999999	38.38
Chr18	11000000	11999999	38.88
Chr18	12000000	12999999	38.51
Chr18	13000000	13999999	36.43
Chr18	14000000	14999999	38.77
Chr18	15000000	15999999	38.42
Chr18	16000000	16999999	35.74
Chr18	17000000	17999999	38.95
Chr18	18000000	18999999	35.83
Chr18	19000000	19999999	32.66
Chr18	20000000	20999999	36.48
Chr18	21000000	21999999	37.69
Chr18	22000000	22999999	37.98
Chr18	23000000	23999999	35.67
Chr18	24000000	24999999	36.45
Chr18	25000000	25999999	35.63
Chr18	26000000	26999999	40.09
Chr18	27000000	27842185	35.87
Chr19	0	999999	35.46
Chr19	1000000	1999999	36.83
Chr19	2000000	2999999	39.37
Chr19	3000000	3999999	37.62
Chr19	4000000	4999999	37
Chr19	5000000	5999999	39.29
Chr19	6000000	6999999	37.84
Chr19	7000000	7999999	38.22
Chr19	8000000	8999999	35.35
Chr19	9000000	9999999	37.43
Chr19	10000000	10999999	36.21
Chr19	11000000	11999999	38.92
Chr19	12000000	12999999	35.57
Chr19	13000000	13999999	38.61
Chr19	14000000	14999999	38.79
Chr19	15000000	15999999	37.54
Chr19	16000000	16999999	38.12
Chr19	17000000	17999999	36.82
Chr19	18000000	18999999	39.05
Chr19	19000000	19701765	38.77
Chr2	0	999999	38.62
Chr2	1000000	1999999	37.6
Chr2	2000000	2999999	35.82
Chr2	3000000	3999999	36.98
Chr2	4000000	4999999	37.55
Chr2	5000000	5999999	39.07
Chr2	6000000	6999999	37.16
Chr2	7000000	7999999	35.27
Chr2	8000000	8999999	40.22
Chr2	9000000	9999999	38.19
Chr2	10000000	10999999	38.84
Chr2	11000000	11999999	37.22
Chr2	12000000	12999999	38.07
Chr2	13000000	13999999	39.02
Chr2	14000000	14999999	37.6
Chr2	15000000	15999999	37.92
Chr2	16000000	16999999	39.27
Chr2	17000000	17999999	38.11
Chr2	18000000	18999999	39.7
Chr2	19000000	19999999	37.49
Chr2	20000000	20999999	39.11
Chr2	21000000	21999999	38.21
Chr2	22000000	22999999	38.85
Chr2	23000000	23999999	37.51
Chr2	24000000	24999999	38.6
Chr2	25000000	25999999	37
Chr2	26000000	26999999	40.27
Chr2	27000000	27999999	36.65
Chr2	28000000	28999999	38.51
Chr2	29000000	29999999	38.02
Chr2	30000000	30999999	38.64
Chr2	31000000	31999999	34.02
Chr2	32000000	32999999	37.73
Chr2	33000000	33999999	37.88
Chr2	34000000	34999999	37.72
Chr2	35000000	35999999	39.15
Chr2	36000000	36999999	38.14
Chr2	37000000	37999999	37.56
Chr2	38000000	38999999	35.01
Chr2	39000000	39999999	36.91
Chr2	40000000	40999999	38.23
Chr2	41000000	41999999	38.94
Chr2	42000000	42999999	37.01
Chr2	43000000	43999999	39.78
Chr2	44000000	44999999	40.12
Chr2	45000000	45999999	38.51
Chr2	46000000	46999999	37.45
Chr2	47000000	47999999	39.46
Chr2	48000000	48999999	39.66
Chr2	49000000	49999999	38.34
Chr2	50000000	50999999	36.82
Chr2	51000000	51999999	37.51
Chr2	52000000	52999999	36.72
Chr2	53000000	53999999	38.49
Chr2	54000000	54999999	36.99
Chr2	55000000	55999999	38.1
Chr2	56000000	56999999	40.15
Chr2	57000000	57999999	37.62
Chr2	58000000	58999999	37.76
Chr2	59000000	59999999	39.55
Chr2	60000000	60999999	35.28
Chr2	61000000	61999999	35.32
Chr2	62000000	62999999	36.84
Chr2	63000000	63999999	38.31
Chr2	64000000	64999999	37.28
Chr2	65000000	65999999	38.5
Chr2	66000000	66999999	38
Chr2	67000000	67999999	37.03
Chr2	68000000	68999999	37.41
Chr2	69000000	69999999	37.97
Chr2	70000000	70999999	38.67
Chr2	71000000	71999999	37.58
Chr2	72000000	72999999	36.23
Chr2	73000000	73999999	36.44
Chr2	74000000	74999999	37.17
Chr2	75000000	75999999	36
Chr2	76000000	76999999	38.49
Chr2	77000000	77999999	36.71
Chr2	78000000	78999999	38.14
Chr2	79000000	79999999	40.82
Chr2	80000000	80999999	38.35
Chr2	81000000	81999999	38.37
Chr2	82000000	82999999	38.7
Chr2	83000000	83999999	37.28
Chr2	84000000	84999999	38.43
Chr2	85000000	85999999	36.51
Chr2	86000000	86999999	38.1
Chr2	87000000	87999999	36.99
Chr2	88000000	88999999	38.17
Chr2	89000000	89999999	37.68
Chr2	90000000	90999999	39.16
Chr2	91000000	91999999	39.66
Chr2	92000000	92999999	36.85
Chr2	93000000	93999999	38.96
Chr2	94000000	94999999	38.15
Chr2	95000000	95999999	40.07
Chr2	96000000	96999999	38.11
Chr2	97000000	97999999	39.64
Chr2	98000000	98364873	39.58
Chr3	0	999999	36.49
Chr3	1000000	1999999	38.81
Chr3	2000000	2999999	35.75
Chr3	3000000	3999999	36.98
Chr3	4000000	4999999	37.82
Chr3	5000000	5999999	38.08
Chr3	6000000	6999999	33.88
Chr3	7000000	7999999	37.57
Chr3	8000000	8999999	38.33
Chr3	9000000	9999999	37.36
Chr3	10000000	10999999	39.64
Chr3	11000000	11999999	36.35
Chr3	12000000	12999999	38.43
Chr3	13000000	13999999	35.81
Chr3	14000000	14999999	35.65
Chr3	15000000	15999999	39.19
Chr3	16000000	16999999	37.5
Chr3	17000000	17999999	36.85
Chr3	18000000	18999999	36.86
Chr3	19000000	19999999	38.07
Chr3	20000000	20999999	37.66
Chr3	21000000	21999999	34.7
Chr3	22000000	22999999	33.8
Chr3	23000000	23999999	38.02
Chr3	24000000	24999999	38.84
Chr3	25000000	25999999	37.21
Chr3	26000000	26999999	37.28
Chr3	27000000	27999999	38.23
Chr3	28000000	28999999	37.51
Chr3	29000000	29999999	36.49
Chr3	30000000	30999999	38.68
Chr3	31000000	31999999	37.42
Chr3	32000000	32999999	38.42
Chr3	33000000	33999999	37.56
Chr3	34000000	34999999	39.2
Chr3	35000000	35999999	37.83
Chr3	36000000	36999999	35.07
Chr3	37000000	37999999	39.63
Chr3	38000000	38999999	36.7
Chr3	39000000	39999999	40.1
Chr3	40000000	40999999	39.36
Chr3	41000000	41999999	36.84
Chr3	42000000	42999999	40.46
Chr3	43000000	43999999	36.47
Chr3	44000000	44999999	37.05
Chr3	45000000	45999999	38.49
Chr3	46000000	46999999	37.5
Chr3	47000000	47999999	38.44
Chr3	48000000	48999999	36.13
Chr3	49000000	49999999	38.26
Chr3	50000000	50999999	39.81
Chr3	51000000	51999999	37.84
Chr3	52000000	52999999	38.19
Chr3	53000000	53999999	38.79
Chr3	54000000	54999999	39.42
Chr3	55000000	55999999	37.69
Chr3	56000000	56999999	38.84
Chr3	57000000	57999999	38.64
Chr3	58000000	58999999	37.83
Chr3	59000000	59999999	38.41
Chr3	60000000	60999999	36.65
Chr3	61000000	61999999	37.83
Chr3	62000000	62999999	37.48
Chr3	63000000	63999999	38.94
Chr3	64000000	64999999	38.38
Chr3	65000000	65999999	37.61
Chr3	66000000	66999999	38.25
Chr3	67000000	67999999	38.87
Chr3	68000000	68999999	37.41
Chr3	69000000	69999999	36.96
Chr3	70000000	70999999	35
Chr3	71000000	71999999	36.74
Chr3	72000000	72999999	38.81
Chr3	73000000	73999999	37.47
Chr3	74000000	74999999	40.31
Chr3	75000000	75999999	37.92
Chr3	76000000	76999999	38.27
Chr3	77000000	77999999	37.95
Chr3	78000000	78999999	37.51
Chr3	79000000	79999999	36.91
Chr3	80000000	80999999	36.79
Chr3	81000000	81999999	39.07
Chr3	82000000	82999999	36.78
Chr3	83000000	83999999	37.97
Chr3	84000000	84999999	38.64
Chr3	85000000	85999999	39.55
Chr3	86000000	86999999	34.02
Chr3	87000000	87999999	40.13
Chr3	88000000	88999999	37.44
Chr3	89000000	89999999	35.94
Chr3	90000000	90999999	36.64
Chr3	91000000	91999999	36.81
Chr3	92000000	92999999	36.25
Chr3	93000000	93999999	37.34
Chr3	94000000	94999999	39.77
Chr3	95000000	95999999	38.85
Chr3	96000000	96999999	39.04
Chr3	97000000	97999999	40.6
Chr3	98000000	98999999	38.18
Chr3	99000000	99999999	38
Chr3	100000000	100999999	38.5
Chr3	101000000	101999999	39.42
Chr3	102000000	102999999	38.53
Chr3	103000000	103999999	39.35
Chr3	104000000	104999999	35.29
Chr3	105000000	105999999	37.34
Chr3	106000000	106999999	39.5
Chr3	107000000	107999999	36.82
Chr3	108000000	108999999	36.94
Chr3	109000000	109999999	37
Chr3	110000000	110999999	36.89
Chr3	111000000	111999999	35.06
Chr3	112000000	112999999	37.65
Chr3	113000000	113999999	32.94
Chr3	114000000	114999999	36.85
Chr3	115000000	115999999	37.56
Chr3	116000000	116999999	33.71
Chr3	117000000	117999999	38.87
Chr3	118000000	118999999	36.99
Chr3	119000000	119999999	37.29
Chr3	120000000	120999999	37.31
Chr3	121000000	121999999	36.85
Chr3	122000000	122999999	35.43
Chr3	123000000	123999999	37.46
Chr3	124000000	124999999	37.4
Chr3	125000000	125999999	38.22
Chr3	126000000	126999999	37.96
Chr3	127000000	127999999	36.07
Chr3	128000000	128999999	35.8
Chr3	129000000	129999999	38
Chr3	130000000	130999999	39.08
Chr3	131000000	131999999	37.16
Chr3	132000000	132999999	39.27
Chr3	133000000	133999999	38.82
Chr3	134000000	134999999	38.13
Chr3	135000000	135999999	38.2
Chr3	136000000	136999999	36.83
Chr3	137000000	137999999	39.14
Chr3	138000000	138999999	39.13
Chr3	139000000	139999999	40.17
Chr3	140000000	140999999	40.33
Chr3	141000000	141999999	38.96
Chr3	142000000	142999999	40.03
Chr3	143000000	143999999	38.22
Chr3	144000000	144999999	37.23
Chr3	145000000	145999999	36.73
Chr3	146000000	146999999	36.84
Chr3	147000000	147999999	37.43
Chr3	148000000	148999999	37.37
Chr3	149000000	149999999	39.2
Chr3	150000000	150999999	38.95
Chr3	151000000	151999999	38.97
Chr3	152000000	152999999	38.67
Chr3	153000000	153999999	37.53
Chr3	154000000	154999999	37.43
Chr3	155000000	155999999	38.83
Chr3	156000000	156999999	38.36
Chr3	157000000	157999999	36.15
Chr3	158000000	158999999	36.07
Chr3	159000000	159999999	37.76
Chr3	160000000	160999999	37.76
Chr3	161000000	161999999	38.96
Chr3	162000000	162999999	37.5
Chr3	163000000	163999999	38.36
Chr3	164000000	164999999	37
Chr3	165000000	165999999	38.31
Chr3	166000000	166999999	36.82
Chr3	167000000	167999999	38.59
Chr3	168000000	168999999	38.9
Chr3	169000000	169999999	37.75
Chr3	170000000	170999999	37.46
Chr3	171000000	171999999	38.66
Chr3	172000000	172999999	37.11
Chr3	173000000	173999999	38.04
Chr3	174000000	174999999	37.71
Chr3	175000000	175999999	38.84
Chr3	176000000	176999999	38.17
Chr3	177000000	177999999	36.83
Chr3	178000000	178999999	37.44
Chr3	179000000	179999999	36.73
Chr3	180000000	180999999	37.08
Chr3	181000000	181999999	38.73
Chr3	182000000	182999999	37.24
Chr3	183000000	183999999	38.66
Chr3	184000000	184999999	38.64
Chr3	185000000	185999999	40.68
Chr3	186000000	186999999	37.59
Chr3	187000000	187999999	38.73
Chr3	188000000	188999999	39.17
Chr3	189000000	189999999	35.49
Chr3	190000000	190999999	38.67
Chr3	191000000	191999999	38.76
Chr3	192000000	192999999	39.34
Chr3	193000000	193999999	34
Chr3	194000000	194999999	37.94
Chr3	195000000	195999999	37.86
Chr3	196000000	196999999	36.29
Chr3	197000000	197999999	35.74
Chr3	198000000	198999999	38.63
Chr3	199000000	199999999	36.64
Chr3	200000000	200999999	38.19
Chr3	201000000	201999999	38.75
Chr3	202000000	202999999	36.83
Chr3	203000000	203999999	37.03
Chr3	204000000	204999999	38.05
Chr3	205000000	205999999	36.72
Chr3	206000000	206999999	39.28
Chr3	207000000	207093695	40.46
Chr4	0	999999	36.09
Chr4	1000000	1999999	38.74
Chr4	2000000	2999999	36.19
Chr4	3000000	3999999	38
Chr4	4000000	4999999	37.52
Chr4	5000000	5999999	38.6
Chr4	6000000	6999999	36.65
Chr4	7000000	7999999	37.68
Chr4	8000000	8999999	35.55
Chr4	9000000	9999999	36.93
Chr4	10000000	10999999	33.73
Chr4	11000000	11999999	36.99
Chr4	12000000	12999999	38.58
Chr4	13000000	13999999	39.54
Chr4	14000000	14999999	39.45
Chr4	15000000	15999999	38.65
Chr4	16000000	16999999	39.49
Chr4	17000000	17999999	37.92
Chr4	18000000	18999999	38.57
Chr4	19000000	19999999	36
Chr4	20000000	20999999	37.16
Chr4	21000000	21999999	37.67
Chr4	22000000	22999999	37.34
Chr4	23000000	23999999	38.77
Chr4	24000000	24999999	37.59
Chr4	25000000	25999999	37.11
Chr4	26000000	26999999	39.73
Chr4	27000000	27999999	37.46
Chr4	28000000	28999999	36.94
Chr4	29000000	29999999	39.33
Chr4	30000000	30999999	39.33
Chr4	31000000	31999999	35.81
Chr4	32000000	32999999	37.01
Chr4	33000000	33999999	34.59
Chr4	34000000	34999999	38.85
Chr4	35000000	35999999	37.52
Chr4	36000000	36999999	37.02
Chr4	37000000	37999999	37.13
Chr4	38000000	38999999	35.23
Chr4	39000000	39999999	38.96
Chr4	40000000	40999999	37.92
Chr4	41000000	41999999	40.05
Chr4	42000000	42999999	39.67
Chr4	43000000	43999999	35.53
Chr4	44000000	44999999	38.25
Chr4	45000000	45999999	38.69
Chr4	46000000	46999999	37.99
Chr4	47000000	47999999	38.77
Chr4	48000000	48999999	37.1
Chr4	49000000	49999999	37.52
Chr4	50000000	50051714	38.31
Chr5	0	999999	34.88
Chr5	1000000	1999999	35.74
Chr5	2000000	2999999	37.19
Chr5	3000000	3999999	38.83
Chr5	4000000	4999999	36.21
Chr5	5000000	5999999	39.15
Chr5	6000000	6999999	40.31
Chr5	7000000	7999999	37.69
Chr5	8000000	8999999	39.06
Chr5	9000000	9999999	37.3
Chr5	10000000	10999999	37.57
Chr5	11000000	11999999	38.57
Chr5	12000000	12999999	39.34
Chr5	13000000	13999999	38.21
Chr5	14000000	14999999	38.18
Chr5	15000000	15999999	39.66
Chr5	16000000	16999999	39.78
Chr5	17000000	17999999	36.25
Chr5	18000000	18999999	35.02
Chr5	19000000	19999999	37.28
Chr5	20000000	20999999	39.92
Chr5	21000000	21999999	38.62
Chr5	22000000	22999999	38.59
Chr5	23000000	23999999	38.06
Chr5	24000000	24999999	38.07
Chr5	25000000	25999999	37.41
Chr5	26000000	26999999	38.02
Chr5	27000000	27999999	38.34
Chr5	28000000	28999999	38.14
Chr5	29000000	29999999	37.83
Chr5	30000000	30999999	36.82
Chr5	31000000	31999999	40.25
Chr5	32000000	32999999	38.35
Chr5	33000000	33999999	37.23
Chr5	34000000	34999999	38.48
Chr5	35000000	35999999	38.15
Chr5	36000000	36999999	37.09
Chr5	37000000	37999999	39.48
Chr5	38000000	38999999	36.85
Chr5	39000000	39999999	35.08
Chr5	40000000	40999999	39.47
Chr5	41000000	41999999	36.67
Chr5	42000000	42999999	36.35
Chr5	43000000	43999999	38.97
Chr5	44000000	44999999	36.86
Chr5	45000000	45443526	36.17
Chr6	0	999999	38.91
Chr6	1000000	1999999	38.96
Chr6	2000000	2999999	33.77
Chr6	3000000	3999999	39.54
Chr6	4000000	4999999	36.36
Chr6	5000000	5999999	40.12
Chr6	6000000	6999999	39.25
Chr6	7000000	7999999	37.84
Chr6	8000000	8999999	39.96
Chr6	9000000	9999999	38.95
Chr6	10000000	10999999	39.74
Chr6	11000000	11999999	39.11
Chr6	12000000	12999999	39.18
Chr6	13000000	13999999	39.54
Chr6	14000000	14999999	37.6
Chr6	15000000	15999999	38.24
Chr6	16000000	16999999	37.28
Chr6	17000000	17999999	38.97
Chr6	18000000	18999999	39.75
Chr6	19000000	19999999	37.14
Chr6	20000000	20999999	37.53
Chr6	21000000	21999999	37.37
Chr6	22000000	22999999	36.12
Chr6	23000000	23999999	37.35
Chr6	24000000	24999999	37.82
Chr6	25000000	25999999	38.36
Chr6	26000000	26999999	36.66
Chr6	27000000	27999999	35.23
Chr6	28000000	28999999	38.26
Chr6	29000000	29999999	37.73
Chr6	30000000	30999999	37.03
Chr6	31000000	31999999	39.19
Chr6	32000000	32999999	37.11
Chr6	33000000	33999999	39.76
Chr6	34000000	34999999	36.62
Chr6	35000000	35772468	39.26
Chr7	0	999999	36.93
Chr7	1000000	1999999	35.7
Chr7	2000000	2999999	37.56
Chr7	3000000	3999999	36.32
Chr7	4000000	4999999	38.45
Chr7	5000000	5999999	38.4
Chr7	6000000	6999999	36.19
Chr7	7000000	7999999	39.75
Chr7	8000000	8999999	38.21
Chr7	9000000	9999999	38.1
Chr7	10000000	10999999	37.98
Chr7	11000000	11999999	37.5
Chr7	12000000	12999999	37.86
Chr7	13000000	13999999	37.92
Chr7	14000000	14999999	37.36
Chr7	15000000	15999999	34.23
Chr7	16000000	16999999	37.2
Chr7	17000000	17999999	37.96
Chr7	18000000	18999999	38.77
Chr7	19000000	19999999	37.75
Chr7	20000000	20999999	35.13
Chr7	21000000	21999999	37.55
Chr7	22000000	22999999	32.59
Chr7	23000000	23999999	38.04
Chr7	24000000	24999999	39.63
Chr7	25000000	25999999	35.13
Chr7	26000000	26999999	39.24
Chr7	27000000	27999999	38.07
Chr7	28000000	28624509	36.7
Chr8	0	999999	37.2
Chr8	1000000	1999999	37.77
Chr8	2000000	2999999	38.82
Chr8	3000000	3999999	37.43
Chr8	4000000	4999999	38.38
Chr8	5000000	5999999	35.34
Chr8	6000000	6999999	37.77
Chr8	7000000	7999999	39.42
Chr8	8000000	8999999	39.44
Chr8	9000000	9999999	36.89
Chr8	10000000	10999999	36.87
Chr8	11000000	11999999	39.35
Chr8	12000000	12999999	38.77
Chr8	13000000	13999999	37.39
Chr8	14000000	14999999	40.14
Chr8	15000000	15999999	37.76
Chr8	16000000	16999999	38.62
Chr8	17000000	17999999	37.96
Chr8	18000000	18999999	38.03
Chr8	19000000	19999999	38.3
Chr8	20000000	20999999	38.68
Chr8	21000000	21999999	39.79
Chr8	22000000	22999999	37.49
Chr8	23000000	23999999	37.14
Chr8	24000000	24999999	37.31
Chr8	25000000	25999999	34.85
Chr8	26000000	26999999	37.74
Chr8	27000000	27999999	33.9
Chr8	28000000	28999999	37.93
Chr8	29000000	29999999	38.05
Chr8	30000000	30999999	38.07
Chr8	31000000	31999999	37.5
Chr8	32000000	32999999	37.78
Chr8	33000000	33999999	39
Chr8	34000000	34999999	37.98
Chr8	35000000	35999999	39.32
Chr8	36000000	36999999	38.8
Chr8	37000000	37999999	36.94
Chr8	38000000	38999999	37.44
Chr8	39000000	39999999	37.49
Chr8	40000000	40999999	38.62
Chr8	41000000	41999999	37.7
Chr8	42000000	42999999	39.57
Chr8	43000000	43999999	38.99
Chr8	44000000	44999999	39.97
Chr8	45000000	45999999	38.96
Chr8	46000000	46999999	37.07
Chr8	47000000	47999999	38.5
Chr8	48000000	48999999	36.31
Chr8	49000000	49999999	38.6
Chr8	50000000	50999999	37.52
Chr8	51000000	51999999	37.53
Chr8	52000000	52999999	38.17
Chr8	53000000	53999999	36.94
Chr8	54000000	54999999	36.67
Chr8	55000000	55999999	36.31
Chr8	56000000	56999999	36.92
Chr8	57000000	57999999	38.03
Chr8	58000000	58999999	37.61
Chr8	59000000	59999999	37.03
Chr8	60000000	60999999	38.34
Chr8	61000000	61999999	36.41
Chr8	62000000	62999999	39.22
Chr8	63000000	63999999	37.34
Chr8	64000000	64999999	37.45
Chr8	65000000	65999999	38.16
Chr8	66000000	66999999	36.66
Chr8	67000000	67999999	38.7
Chr8	68000000	68999999	39.79
Chr8	69000000	69999999	38.16
Chr8	70000000	70999999	37.93
Chr8	71000000	71999999	40.19
Chr8	72000000	72999999	37.48
Chr8	73000000	73999999	39.39
Chr8	74000000	74999999	37.39
Chr8	75000000	75999999	37.85
Chr8	76000000	76999999	38.21
Chr8	77000000	77999999	38.65
Chr8	78000000	78999999	37.52
Chr8	79000000	79999999	37.99
Chr8	80000000	80999999	38.88
Chr8	81000000	81999999	39.83
Chr8	82000000	82999999	38.91
Chr8	83000000	83999999	35.96
Chr8	84000000	84999999	37.58
Chr8	85000000	85999999	39.33
Chr8	86000000	86999999	37.65
Chr8	87000000	87999999	35.11
Chr8	88000000	88999999	39.32
Chr8	89000000	89999999	40.59
Chr8	90000000	90999999	38.21
Chr8	91000000	91999999	37.94
Chr8	92000000	92999999	39.36
Chr8	93000000	93999999	36.92
Chr8	94000000	94999999	36.21
Chr8	95000000	95999999	37.86
Chr8	96000000	96999999	39.37
Chr8	97000000	97999999	36.74
Chr8	98000000	98999999	39.96
Chr8	99000000	99999999	39.31
Chr8	100000000	100999999	37.9
Chr8	101000000	101999999	36.94
Chr8	102000000	102999999	39.19
Chr8	103000000	103999999	39.56
Chr8	104000000	104999999	36.5
Chr8	105000000	105999999	38.5
Chr8	106000000	106999999	38.14
Chr8	107000000	107999999	39.18
Chr8	108000000	108999999	36.56
Chr8	109000000	109999999	38.97
Chr8	110000000	110999999	37.23
Chr8	111000000	111999999	37.62
Chr8	112000000	112999999	35.97
Chr8	113000000	113999999	38.29
Chr8	114000000	114999999	38.3
Chr8	115000000	115999999	37.79
Chr8	116000000	116999999	35.34
Chr8	117000000	117999999	39.38
Chr8	118000000	118999999	39.13
Chr8	119000000	119999999	37.06
Chr8	120000000	120999999	37.31
Chr8	121000000	121999999	37.62
Chr8	122000000	122999999	38.66
Chr8	123000000	123999999	38.01
Chr8	124000000	124999999	38.7
Chr8	125000000	125999999	38
Chr8	126000000	126999999	38.24
Chr8	127000000	127999999	37.54
Chr8	128000000	128999999	37
Chr8	129000000	129999999	39.07
Chr8	130000000	130999999	38.08
Chr8	131000000	131999999	33.77
Chr8	132000000	132999999	36.7
Chr8	133000000	133999999	38.35
Chr8	134000000	134999999	36.36
Chr8	135000000	135999999	37.17
Chr8	136000000	136999999	35.56
Chr8	137000000	137999999	37.57
Chr8	138000000	138999999	36.68
Chr8	139000000	139999999	38.76
Chr8	140000000	140999999	39.16
Chr8	141000000	141999999	38.2
Chr8	142000000	142999999	38.72
Chr8	143000000	143999999	40.44
Chr8	144000000	144999999	38
Chr8	145000000	145999999	34.57
Chr8	146000000	146999999	37
Chr8	147000000	147999999	37.83
Chr8	148000000	148999999	37.88
Chr8	149000000	149999999	37.7
Chr8	150000000	150999999	39.15
Chr8	151000000	151999999	40.13
Chr8	152000000	152999999	40.32
Chr8	153000000	153999999	38.68
Chr8	154000000	154999999	37.49
Chr8	155000000	155999999	38.32
Chr8	156000000	156999999	38.34
Chr8	157000000	157999999	36.37
Chr8	158000000	158999999	38.59
Chr8	159000000	159999999	38.39
Chr8	160000000	160999999	37.18
Chr8	161000000	161999999	36.88
Chr8	162000000	162999999	37.02
Chr8	163000000	163999999	37.7
Chr8	164000000	164999999	38.36
Chr8	165000000	165999999	37.2
Chr8	166000000	166999999	37.59
Chr8	167000000	167999999	39.46
Chr8	168000000	168999999	39.26
Chr8	169000000	169999999	38.26
Chr8	170000000	170999999	38.42
Chr8	171000000	171999999	38.63
Chr8	172000000	172999999	37.23
Chr8	173000000	173999999	37.81
Chr8	174000000	174999999	40.21
Chr8	175000000	175999999	37.5
Chr8	176000000	176999999	39.34
Chr8	177000000	177999999	38.57
Chr8	178000000	178999999	37.98
Chr8	179000000	179999999	38.97
Chr8	180000000	180999999	36.75
Chr8	181000000	181999999	39.14
Chr8	182000000	182999999	39.47
Chr8	183000000	183999999	36.7
Chr8	184000000	184999999	36.15
Chr8	185000000	185999999	38.14
Chr8	186000000	186999999	36.6
Chr8	187000000	187999999	36.58
Chr8	188000000	188999999	37.03
Chr8	189000000	189999999	38.31
Chr8	190000000	190999999	38.59
Chr8	191000000	191999999	36.8
Chr8	192000000	192999999	39.66
Chr8	193000000	193999999	39.79
Chr8	194000000	194999999	38.45
Chr8	195000000	195669025	38.21
Chr9	0	999999	37.76
Chr9	1000000	1999999	38.81
Chr9	2000000	2999999	36.08
Chr9	3000000	3999999	40.1
Chr9	4000000	4999999	35.55
Chr9	5000000	5999999	36.46
Chr9	6000000	6999999	37.33
Chr9	7000000	7999999	37.98
Chr9	8000000	8999999	35.09
Chr9	9000000	9999999	37.84
Chr9	10000000	10999999	39.3
Chr9	11000000	11999999	36.19
Chr9	12000000	12999999	38.06
Chr9	13000000	13999999	37.88
Chr9	14000000	14999999	37.36
Chr9	15000000	15999999	38.67
Chr9	16000000	16999999	36.85
Chr9	17000000	17999999	38.82
Chr9	18000000	18999999	38.14
Chr9	19000000	19999999	37.65
Chr9	20000000	20999999	39.34
Chr9	21000000	21999999	37.19
Chr9	22000000	22999999	38.81
Chr9	23000000	23999999	36.15
Chr9	24000000	24999999	35.15
Chr9	25000000	25999999	38.27
Chr9	26000000	26999999	37.56
Chr9	27000000	27999999	36.27
Chr9	28000000	28999999	37.22
Chr9	29000000	29999999	39.01
Chr9	30000000	30999999	37.45
Chr9	31000000	31999999	36.55
Chr9	32000000	32999999	40.15
Chr9	33000000	33999999	38.33
Chr9	34000000	34999999	37.04
Chr9	35000000	35999999	37.89
Chr9	36000000	36999999	37.07
Chr9	37000000	37999999	35.89
Chr9	38000000	38999999	38.56
Chr9	39000000	39999999	38.02
Chr9	40000000	40999999	36.44
Chr9	41000000	41999999	37.98
Chr9	42000000	42999999	37.32
Chr9	43000000	43999999	39.24
Chr9	44000000	44999999	37.26
Chr9	45000000	45999999	37.52
Chr9	46000000	46999999	37.82
Chr9	47000000	47999999	37.49
Chr9	48000000	48999999	36.97
Chr9	49000000	49999999	38.42
Chr9	50000000	50999999	37.62
Chr9	51000000	51999999	38.47
Chr9	52000000	52999999	37.62
Chr9	53000000	53999999	37.55
Chr9	54000000	54999999	35.54
Chr9	55000000	55551413	38.26