Chr1	0	999999	0.273038
Chr1	1000000	1999999	0.055828
Chr1	2000000	2999999	0.168026
Chr1	3000000	3999999	0.143026
Chr1	4000000	4999999	0.019786
Chr1	5000000	5999999	0.026397
Chr1	6000000	6999999	0.131132
Chr1	7000000	7999999	0.239473
Chr1	8000000	8999999	0.049217
Chr1	9000000	9999999	0.076822
Chr1	10000000	10999999	0.032817
Chr1	11000000	11999999	0.157491
Chr1	12000000	12999999	0.115665
Chr1	13000000	13999999	0.060371
Chr1	14000000	14999999	0.098185
Chr1	15000000	15999999	0.074395
Chr1	16000000	16999999	0.128664
Chr1	17000000	17999999	0.137645
Chr1	18000000	18999999	0.168286
Chr1	19000000	19999999	0.203234
Chr1	20000000	20999999	0.101704
Chr1	21000000	21999999	0.245742
Chr1	22000000	22999999	0.04382
Chr1	23000000	23999999	0.080007
Chr1	24000000	24999999	0.084262
Chr1	25000000	25999999	0.116694
Chr1	26000000	26999999	0.194055
Chr1	27000000	27999999	0.146107
Chr1	28000000	28999999	0.082058
Chr1	29000000	29999999	0.248973
Chr1	30000000	30999999	0.195348
Chr1	31000000	31999999	0.14739
Chr1	32000000	32999999	0.110899
Chr1	33000000	33999999	0.230716
Chr1	34000000	34999999	0.061982
Chr1	35000000	35999999	0.083067
Chr1	36000000	36999999	0.06406
Chr1	37000000	37999999	0.174382
Chr1	38000000	38999999	0.071574
Chr1	39000000	39999999	0.040884
Chr1	40000000	40999999	0.051842
Chr1	41000000	41999999	0.099343
Chr1	42000000	42999999	0.073833
Chr1	43000000	43999999	0.048709
Chr1	44000000	44999999	0.04557
Chr1	45000000	45999999	0.052836
Chr1	46000000	46999999	0.099884
Chr1	47000000	47999999	0.037424
Chr1	48000000	48999999	0.124848
Chr1	49000000	49999999	0.170941
Chr1	50000000	50999999	0.060699
Chr1	51000000	51999999	0.115115
Chr1	52000000	52999999	0.208044
Chr1	53000000	53999999	0.037165
Chr1	54000000	54999999	0.105999
Chr1	55000000	55999999	0.22696
Chr1	56000000	56999999	0.192861
Chr1	57000000	57999999	0.028508
Chr1	58000000	58999999	0.098145
Chr1	59000000	59999999	0.072772
Chr1	60000000	60999999	0.076034
Chr1	61000000	61999999	0.090475
Chr1	62000000	62999999	0.243045
Chr1	63000000	63999999	0.108667
Chr1	64000000	64999999	0.270478
Chr1	65000000	65999999	0.182757
Chr1	66000000	66999999	0.250623
Chr1	67000000	67999999	0.151399
Chr1	68000000	68999999	0.297344
Chr1	69000000	69999999	0.083786
Chr1	70000000	70999999	0.129531
Chr1	71000000	71999999	0.074495
Chr1	72000000	72999999	0.12043
Chr1	73000000	73999999	0.107237
Chr1	74000000	74999999	0.048504
Chr1	75000000	75999999	0.187599
Chr1	76000000	76999999	0.072791
Chr1	77000000	77999999	0.112065
Chr1	78000000	78999999	0.257953
Chr1	79000000	79999999	0.067123
Chr1	80000000	80999999	0.019904
Chr1	81000000	81999999	0.088408
Chr1	82000000	82999999	0.155325
Chr1	83000000	83999999	0.066415
Chr1	84000000	84999999	0.181152
Chr1	85000000	85999999	0.048453
Chr1	86000000	86999999	0.117571
Chr1	87000000	87999999	0.09439
Chr1	88000000	88999999	0.220791
Chr1	89000000	89999999	0.099375
Chr1	90000000	90999999	0.08443
Chr1	91000000	91999999	0.143328
Chr1	92000000	92999999	0.06539
Chr1	93000000	93999999	0.111833
Chr1	94000000	94999999	0.035023
Chr1	95000000	95999999	0.068185
Chr1	96000000	96999999	0.183131
Chr1	97000000	97999999	0.092772
Chr1	98000000	98999999	0.161156
Chr1	99000000	99999999	0.090701
Chr1	100000000	100999999	0.148946
Chr1	101000000	101999999	0.113175
Chr1	102000000	102999999	0.018073
Chr1	103000000	103999999	0.080987
Chr1	104000000	104999999	0.114341
Chr1	105000000	105999999	0.139428
Chr1	106000000	106999999	0.026806
Chr1	107000000	107999999	0.170905
Chr1	108000000	108999999	0.119259
Chr1	109000000	109999999	0.105741
Chr1	110000000	110999999	0.138814
Chr1	111000000	111999999	0.119657
Chr1	112000000	112999999	0.097394
Chr1	113000000	113999999	0.124675
Chr1	114000000	114999999	0.156562
Chr1	115000000	115999999	0.332127
Chr1	116000000	116999999	0.1844
Chr1	117000000	117999999	0.131431
Chr1	118000000	118073833	0
Chr2	0	999999	0.087433
Chr2	1000000	1999999	0.051279
Chr2	2000000	2999999	0.172625
Chr2	3000000	3999999	0.075862
Chr2	4000000	4999999	0.189002
Chr2	5000000	5999999	0.118077
Chr2	6000000	6999999	0.093965
Chr2	7000000	7999999	0.053081
Chr2	8000000	8999999	0.077556
Chr2	9000000	9999999	0.149954
Chr2	10000000	10999999	0.039343
Chr2	11000000	11999999	0.038053
Chr2	12000000	12999999	0.109465
Chr2	13000000	13999999	0.145618
Chr2	14000000	14999999	0.084787
Chr2	15000000	15999999	0.02125
Chr2	16000000	16999999	0.129966
Chr2	17000000	17999999	0.192587
Chr2	18000000	18999999	0.09036
Chr2	19000000	19999999	0.196324
Chr2	20000000	20999999	0.265698
Chr2	21000000	21999999	0.211747
Chr2	22000000	22999999	0.17486
Chr2	23000000	23999999	0.113577
Chr2	24000000	24999999	0.192494
Chr2	25000000	25999999	0.083949
Chr2	26000000	26999999	0.123539
Chr2	27000000	27999999	0.092332
Chr2	28000000	28999999	0.147747
Chr2	29000000	29999999	0.238567
Chr2	30000000	30999999	0.127904
Chr2	31000000	31999999	0.040081
Chr2	32000000	32999999	0.160359
Chr2	33000000	33999999	0.10308
Chr2	34000000	34999999	0.10841
Chr2	35000000	35999999	0.143942
Chr2	36000000	36999999	0.173707
Chr2	37000000	37999999	0.133364
Chr2	38000000	38999999	0.039756
Chr2	39000000	39999999	0.037746
Chr2	40000000	40999999	0.19933
Chr2	41000000	41999999	0.150867
Chr2	42000000	42999999	0.14589
Chr2	43000000	43999999	0.248901
Chr2	44000000	44999999	0.206501
Chr2	45000000	45999999	0.195126
Chr2	46000000	46999999	0.11275
Chr2	47000000	47999999	0.213491
Chr2	48000000	48999999	0.133616
Chr2	49000000	49999999	0.089489
Chr2	50000000	50999999	0.030973
Chr2	51000000	51999999	0.056252
Chr2	52000000	52999999	0.133508
Chr2	53000000	53999999	0.149954
Chr2	54000000	54999999	0.124473
Chr2	55000000	55999999	0.204646
Chr2	56000000	56999999	0.28289
Chr2	57000000	57999999	0.363538
Chr2	58000000	58999999	0.131022
Chr2	59000000	59999999	0.095197
Chr2	60000000	60999999	0.051979
Chr2	61000000	61999999	0.067383
Chr2	62000000	62999999	0.125303
Chr2	63000000	63999999	0.14407
Chr2	64000000	64999999	0.124123
Chr2	65000000	65999999	0.095508
Chr2	66000000	66999999	0.080982
Chr2	67000000	67999999	0.028975
Chr2	68000000	68999999	0.134512
Chr2	69000000	69999999	0.267814
Chr2	70000000	70999999	0.160766
Chr2	71000000	71999999	0.122329
Chr2	72000000	72999999	0.068995
Chr2	73000000	73999999	0.133293
Chr2	74000000	74999999	0.032381
Chr2	75000000	75999999	0.199586
Chr2	76000000	76999999	0.08525
Chr2	77000000	77999999	0.100671
Chr2	78000000	78999999	0.126351
Chr2	79000000	79999999	0.098034
Chr2	80000000	80999999	0.123305
Chr2	81000000	81999999	0.06313
Chr2	82000000	82999999	0.085438
Chr2	83000000	83999999	0.176268
Chr2	84000000	84999999	0.163918
Chr2	85000000	85999999	0.074483
Chr2	86000000	86999999	0.043831
Chr2	87000000	87999999	0.213236
Chr2	88000000	88999999	0.060353
Chr2	89000000	89999999	0.127534
Chr2	90000000	90999999	0.295602
Chr2	91000000	91999999	0.102208
Chr2	92000000	92999999	0.167009
Chr2	93000000	93999999	0.087465
Chr2	94000000	94999999	0.157002
Chr2	95000000	95999999	0.163318
Chr2	96000000	96999999	0.118077
Chr2	97000000	97999999	0.056759
Chr2	98000000	98364873	0.348507563
Chr3	0	999999	0.141934
Chr3	1000000	1999999	0.15438
Chr3	2000000	2999999	0.200684
Chr3	3000000	3999999	0.072693
Chr3	4000000	4999999	0.101684
Chr3	5000000	5999999	0.100474
Chr3	6000000	6999999	0.151007
Chr3	7000000	7999999	0.185524
Chr3	8000000	8999999	0.11434
Chr3	9000000	9999999	0.16345
Chr3	10000000	10999999	0.103304
Chr3	11000000	11999999	0.091537
Chr3	12000000	12999999	0.155657
Chr3	13000000	13999999	0.166136
Chr3	14000000	14999999	0.087831
Chr3	15000000	15999999	0.135591
Chr3	16000000	16999999	0.181264
Chr3	17000000	17999999	0.025932
Chr3	18000000	18999999	0.08748
Chr3	19000000	19999999	0.045517
Chr3	20000000	20999999	0.124942
Chr3	21000000	21999999	0.024716
Chr3	22000000	22999999	0.009271
Chr3	23000000	23999999	0.149039
Chr3	24000000	24999999	0.017371
Chr3	25000000	25999999	0.084762
Chr3	26000000	26999999	0.056027
Chr3	27000000	27999999	0.11035
Chr3	28000000	28999999	0.243443
Chr3	29000000	29999999	0.060526
Chr3	30000000	30999999	0.132706
Chr3	31000000	31999999	0.072894
Chr3	32000000	32999999	0.179089
Chr3	33000000	33999999	0.172523
Chr3	34000000	34999999	0.02939
Chr3	35000000	35999999	0.306226
Chr3	36000000	36999999	0.045738
Chr3	37000000	37999999	0.172136
Chr3	38000000	38999999	0.067661
Chr3	39000000	39999999	0.137688
Chr3	40000000	40999999	0.149232
Chr3	41000000	41999999	0.191079
Chr3	42000000	42999999	0.213232
Chr3	43000000	43999999	0.141723
Chr3	44000000	44999999	0.196588
Chr3	45000000	45999999	0.174627
Chr3	46000000	46999999	0.078935
Chr3	47000000	47999999	0.114241
Chr3	48000000	48999999	0.155018
Chr3	49000000	49999999	0.139582
Chr3	50000000	50999999	0.04641
Chr3	51000000	51999999	0.011502
Chr3	52000000	52999999	0.076376
Chr3	53000000	53999999	0.08708
Chr3	54000000	54999999	0.12894
Chr3	55000000	55999999	0.040226
Chr3	56000000	56999999	0.161182
Chr3	57000000	57999999	0.095084
Chr3	58000000	58999999	0.168058
Chr3	59000000	59999999	0.223358
Chr3	60000000	60999999	0.077942
Chr3	61000000	61999999	0.281197
Chr3	62000000	62999999	0.098326
Chr3	63000000	63999999	0.043525
Chr3	64000000	64999999	0.080633
Chr3	65000000	65999999	0.082965
Chr3	66000000	66999999	0.134379
Chr3	67000000	67999999	0.170983
Chr3	68000000	68999999	0.106046
Chr3	69000000	69999999	0.149626
Chr3	70000000	70999999	0.026888
Chr3	71000000	71999999	0.080205
Chr3	72000000	72999999	0.215482
Chr3	73000000	73999999	0.152033
Chr3	74000000	74999999	0.140132
Chr3	75000000	75999999	0.189843
Chr3	76000000	76999999	0.194783
Chr3	77000000	77999999	0.064611
Chr3	78000000	78999999	0.144877
Chr3	79000000	79999999	0.10142
Chr3	80000000	80999999	0.077852
Chr3	81000000	81999999	0.192265
Chr3	82000000	82999999	0.084327
Chr3	83000000	83999999	0.227779
Chr3	84000000	84999999	0.116515
Chr3	85000000	85999999	0.134106
Chr3	86000000	86999999	0.15866
Chr3	87000000	87999999	0.133006
Chr3	88000000	88999999	0.108284
Chr3	89000000	89999999	0.103843
Chr3	90000000	90999999	0.178454
Chr3	91000000	91999999	0.180703
Chr3	92000000	92999999	0.035736
Chr3	93000000	93999999	0.1261
Chr3	94000000	94999999	0.119353
Chr3	95000000	95999999	0.14544
Chr3	96000000	96999999	0.154317
Chr3	97000000	97999999	0.257367
Chr3	98000000	98999999	0.131397
Chr3	99000000	99999999	0.164193
Chr3	100000000	100999999	0.207128
Chr3	101000000	101999999	0.165422
Chr3	102000000	102999999	0.114234
Chr3	103000000	103999999	0.123927
Chr3	104000000	104999999	0.01189
Chr3	105000000	105999999	0.221383
Chr3	106000000	106999999	0.154698
Chr3	107000000	107999999	0.097265
Chr3	108000000	108999999	0.073475
Chr3	109000000	109999999	0.116578
Chr3	110000000	110999999	0.048815
Chr3	111000000	111999999	0.112772
Chr3	112000000	112999999	0.115135
Chr3	113000000	113999999	0.018543
Chr3	114000000	114999999	0.047178
Chr3	115000000	115999999	0.111693
Chr3	116000000	116999999	0.104668
Chr3	117000000	117999999	0.078759
Chr3	118000000	118999999	0.091062
Chr3	119000000	119999999	0.111848
Chr3	120000000	120999999	0.019035
Chr3	121000000	121999999	0.046198
Chr3	122000000	122999999	0.132587
Chr3	123000000	123999999	0.105762
Chr3	124000000	124999999	0.114491
Chr3	125000000	125999999	0.161092
Chr3	126000000	126999999	0.058061
Chr3	127000000	127999999	0.06003
Chr3	128000000	128999999	0.231656
Chr3	129000000	129999999	0.104592
Chr3	130000000	130999999	0.250315
Chr3	131000000	131999999	0.088427
Chr3	132000000	132999999	0.114446
Chr3	133000000	133999999	0.095132
Chr3	134000000	134999999	0.061412
Chr3	135000000	135999999	0.129894
Chr3	136000000	136999999	0.12712
Chr3	137000000	137999999	0.09233
Chr3	138000000	138999999	0.127237
Chr3	139000000	139999999	0.200197
Chr3	140000000	140999999	0.187054
Chr3	141000000	141999999	0.166569
Chr3	142000000	142999999	0.300505
Chr3	143000000	143999999	0.004901
Chr3	144000000	144999999	0.166546
Chr3	145000000	145999999	0.127286
Chr3	146000000	146999999	0.037341
Chr3	147000000	147999999	0.167505
Chr3	148000000	148999999	0.245581
Chr3	149000000	149999999	0.194608
Chr3	150000000	150999999	0.214566
Chr3	151000000	151999999	0.22987
Chr3	152000000	152999999	0.169474
Chr3	153000000	153999999	0.224078
Chr3	154000000	154999999	0.16081
Chr3	155000000	155999999	0.076964
Chr3	156000000	156999999	0.061259
Chr3	157000000	157999999	0.064683
Chr3	158000000	158999999	0.097122
Chr3	159000000	159999999	0.211344
Chr3	160000000	160999999	0.072908
Chr3	161000000	161999999	0.009498
Chr3	162000000	162999999	0.103348
Chr3	163000000	163999999	0.128546
Chr3	164000000	164999999	0.026919
Chr3	165000000	165999999	0.082528
Chr3	166000000	166999999	0.065503
Chr3	167000000	167999999	0.089186
Chr3	168000000	168999999	0.074444
Chr3	169000000	169999999	0.071
Chr3	170000000	170999999	0.081801
Chr3	171000000	171999999	0.192514
Chr3	172000000	172999999	0.088727
Chr3	173000000	173999999	0.161027
Chr3	174000000	174999999	0.160143
Chr3	175000000	175999999	0.23263
Chr3	176000000	176999999	0.259538
Chr3	177000000	177999999	0.211738
Chr3	178000000	178999999	0.117869
Chr3	179000000	179999999	0.074526
Chr3	180000000	180999999	0.044774
Chr3	181000000	181999999	0.255375
Chr3	182000000	182999999	0.090223
Chr3	183000000	183999999	0.182551
Chr3	184000000	184999999	0.128252
Chr3	185000000	185999999	0.068797
Chr3	186000000	186999999	0.139532
Chr3	187000000	187999999	0.128503
Chr3	188000000	188999999	0.22342
Chr3	189000000	189999999	0.020046
Chr3	190000000	190999999	0.08393
Chr3	191000000	191999999	0.080315
Chr3	192000000	192999999	0.126302
Chr3	193000000	193999999	0.020002
Chr3	194000000	194999999	0.038499
Chr3	195000000	195999999	0.069278
Chr3	196000000	196999999	0.041344
Chr3	197000000	197999999	0.207694
Chr3	198000000	198999999	0.23105
Chr3	199000000	199999999	0.05866
Chr3	200000000	200999999	0.113257
Chr3	201000000	201999999	0.249151
Chr3	202000000	202999999	0.082615
Chr3	203000000	203999999	0.197519
Chr3	204000000	204999999	0.054189
Chr3	205000000	205999999	0.070855
Chr3	206000000	206999999	0.158611
Chr3	207000000	207093695	0.108468968
Chr4	0	999999	0.160169
Chr4	1000000	1999999	0.134606
Chr4	2000000	2999999	0.017038
Chr4	3000000	3999999	0.150121
Chr4	4000000	4999999	0.228685
Chr4	5000000	5999999	0.075382
Chr4	6000000	6999999	0.229525
Chr4	7000000	7999999	0.242348
Chr4	8000000	8999999	0.108037
Chr4	9000000	9999999	0.049061
Chr4	10000000	10999999	0.011841
Chr4	11000000	11999999	0.112453
Chr4	12000000	12999999	0.029534
Chr4	13000000	13999999	0.151609
Chr4	14000000	14999999	0.084104
Chr4	15000000	15999999	0.13774
Chr4	16000000	16999999	0.078204
Chr4	17000000	17999999	0.043507
Chr4	18000000	18999999	0.141194
Chr4	19000000	19999999	0.050885
Chr4	20000000	20999999	0.102447
Chr4	21000000	21999999	0.137708
Chr4	22000000	22999999	0.04443
Chr4	23000000	23999999	0.096042
Chr4	24000000	24999999	0.050881
Chr4	25000000	25999999	0.057018
Chr4	26000000	26999999	0.080811
Chr4	27000000	27999999	0.141264
Chr4	28000000	28999999	0.037671
Chr4	29000000	29999999	0.352306
Chr4	30000000	30999999	0.205233
Chr4	31000000	31999999	0.068733
Chr4	32000000	32999999	0.093493
Chr4	33000000	33999999	0.071626
Chr4	34000000	34999999	0.18745
Chr4	35000000	35999999	0.123771
Chr4	36000000	36999999	0.079013
Chr4	37000000	37999999	0.143167
Chr4	38000000	38999999	0.169389
Chr4	39000000	39999999	0.110493
Chr4	40000000	40999999	0.165316
Chr4	41000000	41999999	0.370664
Chr4	42000000	42999999	0.2119
Chr4	43000000	43999999	0.117989
Chr4	44000000	44999999	0.249412
Chr4	45000000	45999999	0.202324
Chr4	46000000	46999999	0.072975
Chr4	47000000	47999999	0.242234
Chr4	48000000	48999999	0.036609
Chr4	49000000	49999999	0.12066
Chr4	50000000	50051714	0
Chr5	0	999999	0.049432
Chr5	1000000	1999999	0.011689
Chr5	2000000	2999999	0.157941
Chr5	3000000	3999999	0.147865
Chr5	4000000	4999999	0.065373
Chr5	5000000	5999999	0.225765
Chr5	6000000	6999999	0.234153
Chr5	7000000	7999999	0.246541
Chr5	8000000	8999999	0.198598
Chr5	9000000	9999999	0.102533
Chr5	10000000	10999999	0.088657
Chr5	11000000	11999999	0.171543
Chr5	12000000	12999999	0.117322
Chr5	13000000	13999999	0.125124
Chr5	14000000	14999999	0.112245
Chr5	15000000	15999999	0.180605
Chr5	16000000	16999999	0.1755
Chr5	17000000	17999999	0.132726
Chr5	18000000	18999999	0.094164
Chr5	19000000	19999999	0.12214
Chr5	20000000	20999999	0.259278
Chr5	21000000	21999999	0.127349
Chr5	22000000	22999999	0.10519
Chr5	23000000	23999999	0.15814
Chr5	24000000	24999999	0.27033
Chr5	25000000	25999999	0.016411
Chr5	26000000	26999999	0.077692
Chr5	27000000	27999999	0.020489
Chr5	28000000	28999999	0.058103
Chr5	29000000	29999999	0.103108
Chr5	30000000	30999999	0.099103
Chr5	31000000	31999999	0.155157
Chr5	32000000	32999999	0.170336
Chr5	33000000	33999999	0.085704
Chr5	34000000	34999999	0.130659
Chr5	35000000	35999999	0.119368
Chr5	36000000	36999999	0.07385
Chr5	37000000	37999999	0.077226
Chr5	38000000	38999999	0.030954
Chr5	39000000	39999999	0.139355
Chr5	40000000	40999999	0.145901
Chr5	41000000	41999999	0.152734
Chr5	42000000	42999999	0.241726
Chr5	43000000	43999999	0.005553
Chr5	44000000	44999999	0.111321
Chr5	45000000	45443526	0.002931057
Chr6	0	999999	0.122463
Chr6	1000000	1999999	0.353483
Chr6	2000000	2999999	0.095188
Chr6	3000000	3999999	0.084623
Chr6	4000000	4999999	0.113082
Chr6	5000000	5999999	0.089315
Chr6	6000000	6999999	0.181935
Chr6	7000000	7999999	0.127063
Chr6	8000000	8999999	0.112328
Chr6	9000000	9999999	0.196655
Chr6	10000000	10999999	0.192314
Chr6	11000000	11999999	0.158195
Chr6	12000000	12999999	0.146695
Chr6	13000000	13999999	0.155062
Chr6	14000000	14999999	0.141891
Chr6	15000000	15999999	0.151318
Chr6	16000000	16999999	0.129156
Chr6	17000000	17999999	0.185439
Chr6	18000000	18999999	0.323248
Chr6	19000000	19999999	0.060334
Chr6	20000000	20999999	0.107261
Chr6	21000000	21999999	0.16604
Chr6	22000000	22999999	0.117776
Chr6	23000000	23999999	0.019781
Chr6	24000000	24999999	0.186037
Chr6	25000000	25999999	0.219618
Chr6	26000000	26999999	0.163195
Chr6	27000000	27999999	0.075111
Chr6	28000000	28999999	0.148179
Chr6	29000000	29999999	0.103983
Chr6	30000000	30999999	0.010472
Chr6	31000000	31999999	0.069158
Chr6	32000000	32999999	0.186638
Chr6	33000000	33999999	0.113755
Chr6	34000000	34999999	0.064722
Chr6	35000000	35772468	0.080478415
Chr7	0	999999	0.142251
Chr7	1000000	1999999	0.223968
Chr7	2000000	2999999	0.032041
Chr7	3000000	3999999	0.109376
Chr7	4000000	4999999	0.05089
Chr7	5000000	5999999	0.065426
Chr7	6000000	6999999	0.086521
Chr7	7000000	7999999	0.222042
Chr7	8000000	8999999	0.064426
Chr7	9000000	9999999	0.094633
Chr7	10000000	10999999	0.247503
Chr7	11000000	11999999	0.23308
Chr7	12000000	12999999	0.027784
Chr7	13000000	13999999	0.065801
Chr7	14000000	14999999	0.122666
Chr7	15000000	15999999	0.067382
Chr7	16000000	16999999	0.069357
Chr7	17000000	17999999	0.160881
Chr7	18000000	18999999	0.073553
Chr7	19000000	19999999	0.08362
Chr7	20000000	20999999	0.029862
Chr7	21000000	21999999	0.042047
Chr7	22000000	22999999	0.028827
Chr7	23000000	23999999	0.051595
Chr7	24000000	24999999	0.19183
Chr7	25000000	25999999	0.176431
Chr7	26000000	26999999	0.36162
Chr7	27000000	27999999	0.031026
Chr7	28000000	28624509	0.196637679
Chr8	0	999999	0.115772
Chr8	1000000	1999999	0.094308
Chr8	2000000	2999999	0.102958
Chr8	3000000	3999999	0.068582
Chr8	4000000	4999999	0.031303
Chr8	5000000	5999999	0.183926
Chr8	6000000	6999999	0.081926
Chr8	7000000	7999999	0.357823
Chr8	8000000	8999999	0.106506
Chr8	9000000	9999999	0.103693
Chr8	10000000	10999999	0.145102
Chr8	11000000	11999999	0.172597
Chr8	12000000	12999999	0.176174
Chr8	13000000	13999999	0.145726
Chr8	14000000	14999999	0.167387
Chr8	15000000	15999999	0.125003
Chr8	16000000	16999999	0.081068
Chr8	17000000	17999999	0.178805
Chr8	18000000	18999999	0.061186
Chr8	19000000	19999999	0.184335
Chr8	20000000	20999999	0.18971
Chr8	21000000	21999999	0.209025
Chr8	22000000	22999999	0.089652
Chr8	23000000	23999999	0.140489
Chr8	24000000	24999999	0.087672
Chr8	25000000	25999999	0.135195
Chr8	26000000	26999999	0.061501
Chr8	27000000	27999999	0.172476
Chr8	28000000	28999999	0.149007
Chr8	29000000	29999999	0.181869
Chr8	30000000	30999999	0.151
Chr8	31000000	31999999	0.131834
Chr8	32000000	32999999	0.03961
Chr8	33000000	33999999	0.044286
Chr8	34000000	34999999	0.080023
Chr8	35000000	35999999	0.094302
Chr8	36000000	36999999	0.092035
Chr8	37000000	37999999	0.030761
Chr8	38000000	38999999	0.121601
Chr8	39000000	39999999	0.069699
Chr8	40000000	40999999	0.171724
Chr8	41000000	41999999	0.019297
Chr8	42000000	42999999	0.108023
Chr8	43000000	43999999	0.294985
Chr8	44000000	44999999	0.144757
Chr8	45000000	45999999	0.228751
Chr8	46000000	46999999	0.078872
Chr8	47000000	47999999	0.117508
Chr8	48000000	48999999	0.177644
Chr8	49000000	49999999	0.338281
Chr8	50000000	50999999	0.144312
Chr8	51000000	51999999	0.322901
Chr8	52000000	52999999	0.101402
Chr8	53000000	53999999	0.063695
Chr8	54000000	54999999	0.072502
Chr8	55000000	55999999	0.023814
Chr8	56000000	56999999	0.014946
Chr8	57000000	57999999	0.122568
Chr8	58000000	58999999	0.036003
Chr8	59000000	59999999	0.155966
Chr8	60000000	60999999	0.204959
Chr8	61000000	61999999	0.029191
Chr8	62000000	62999999	0.071079
Chr8	63000000	63999999	0.060127
Chr8	64000000	64999999	0.08339
Chr8	65000000	65999999	0.058683
Chr8	66000000	66999999	0.047374
Chr8	67000000	67999999	0.137464
Chr8	68000000	68999999	0.124119
Chr8	69000000	69999999	0.121506
Chr8	70000000	70999999	0.134322
Chr8	71000000	71999999	0.126582
Chr8	72000000	72999999	0.061899
Chr8	73000000	73999999	0.107701
Chr8	74000000	74999999	0.036775
Chr8	75000000	75999999	0.165239
Chr8	76000000	76999999	0.085442
Chr8	77000000	77999999	0.126093
Chr8	78000000	78999999	0.108088
Chr8	79000000	79999999	0.078871
Chr8	80000000	80999999	0.147419
Chr8	81000000	81999999	0.094077
Chr8	82000000	82999999	0.079524
Chr8	83000000	83999999	0.010208
Chr8	84000000	84999999	0.07454
Chr8	85000000	85999999	0.274417
Chr8	86000000	86999999	0.166211
Chr8	87000000	87999999	0.0895
Chr8	88000000	88999999	0.08168
Chr8	89000000	89999999	0.260218
Chr8	90000000	90999999	0.06141
Chr8	91000000	91999999	0.09973
Chr8	92000000	92999999	0.177034
Chr8	93000000	93999999	0.032181
Chr8	94000000	94999999	0.123285
Chr8	95000000	95999999	0.155569
Chr8	96000000	96999999	0.192269
Chr8	97000000	97999999	0.024841
Chr8	98000000	98999999	0.30154
Chr8	99000000	99999999	0.024677
Chr8	100000000	100999999	0.093842
Chr8	101000000	101999999	0.032529
Chr8	102000000	102999999	0.08996
Chr8	103000000	103999999	0.119275
Chr8	104000000	104999999	0.183341
Chr8	105000000	105999999	0.115711
Chr8	106000000	106999999	0.132252
Chr8	107000000	107999999	0.140614
Chr8	108000000	108999999	0.105248
Chr8	109000000	109999999	0.097021
Chr8	110000000	110999999	0.088747
Chr8	111000000	111999999	0.070451
Chr8	112000000	112999999	0.039179
Chr8	113000000	113999999	0.032749
Chr8	114000000	114999999	0.200395
Chr8	115000000	115999999	0.079197
Chr8	116000000	116999999	0.055285
Chr8	117000000	117999999	0.162947
Chr8	118000000	118999999	0.260885
Chr8	119000000	119999999	0.116232
Chr8	120000000	120999999	0.157269
Chr8	121000000	121999999	0.013267
Chr8	122000000	122999999	0.083421
Chr8	123000000	123999999	0.018248
Chr8	124000000	124999999	0.017478
Chr8	125000000	125999999	0.057975
Chr8	126000000	126999999	0.12743
Chr8	127000000	127999999	0.088814
Chr8	128000000	128999999	0.062407
Chr8	129000000	129999999	0.115162
Chr8	130000000	130999999	0.083245
Chr8	131000000	131999999	0.041489
Chr8	132000000	132999999	0.016348
Chr8	133000000	133999999	0.130029
Chr8	134000000	134999999	0.210481
Chr8	135000000	135999999	0.094266
Chr8	136000000	136999999	0.046463
Chr8	137000000	137999999	0.087484
Chr8	138000000	138999999	0.262179
Chr8	139000000	139999999	0.09439
Chr8	140000000	140999999	0.148564
Chr8	141000000	141999999	0.182137
Chr8	142000000	142999999	0.186744
Chr8	143000000	143999999	0.207005
Chr8	144000000	144999999	0.170085
Chr8	145000000	145999999	0.134341
Chr8	146000000	146999999	0.243197
Chr8	147000000	147999999	0.065983
Chr8	148000000	148999999	0.072976
Chr8	149000000	149999999	0.167393
Chr8	150000000	150999999	0.071291
Chr8	151000000	151999999	0.221377
Chr8	152000000	152999999	0.146815
Chr8	153000000	153999999	0.083739
Chr8	154000000	154999999	0.043248
Chr8	155000000	155999999	0.14659
Chr8	156000000	156999999	0.151988
Chr8	157000000	157999999	0.139225
Chr8	158000000	158999999	0.152863
Chr8	159000000	159999999	0.110978
Chr8	160000000	160999999	0.115469
Chr8	161000000	161999999	0.085871
Chr8	162000000	162999999	0.040142
Chr8	163000000	163999999	0.08633
Chr8	164000000	164999999	0.019901
Chr8	165000000	165999999	0.201889
Chr8	166000000	166999999	0.144968
Chr8	167000000	167999999	0.028011
Chr8	168000000	168999999	0.022407
Chr8	169000000	169999999	0.142837
Chr8	170000000	170999999	0.083399
Chr8	171000000	171999999	0.145899
Chr8	172000000	172999999	0.049954
Chr8	173000000	173999999	0.146645
Chr8	174000000	174999999	0.152791
Chr8	175000000	175999999	0.289379
Chr8	176000000	176999999	0.252938
Chr8	177000000	177999999	0.220713
Chr8	178000000	178999999	0.234952
Chr8	179000000	179999999	0.187337
Chr8	180000000	180999999	0.209435
Chr8	181000000	181999999	0.173796
Chr8	182000000	182999999	0.132298
Chr8	183000000	183999999	0.104099
Chr8	184000000	184999999	0.115579
Chr8	185000000	185999999	0.06032
Chr8	186000000	186999999	0.094396
Chr8	187000000	187999999	0.128957
Chr8	188000000	188999999	0.139923
Chr8	189000000	189999999	0.262789
Chr8	190000000	190999999	0.244348
Chr8	191000000	191999999	0.079777
Chr8	192000000	192999999	0.204482
Chr8	193000000	193999999	0.151699
Chr8	194000000	194999999	0.238625
Chr8	195000000	195669025	0.221157655
Chr9	0	999999	0.08454
Chr9	1000000	1999999	0.114873
Chr9	2000000	2999999	0.129946
Chr9	3000000	3999999	0.204271
Chr9	4000000	4999999	0.083696
Chr9	5000000	5999999	0.156435
Chr9	6000000	6999999	0.229521
Chr9	7000000	7999999	0.059882
Chr9	8000000	8999999	0.063469
Chr9	9000000	9999999	0.039484
Chr9	10000000	10999999	0.126109
Chr9	11000000	11999999	0.085339
Chr9	12000000	12999999	0.070698
Chr9	13000000	13999999	0.083409
Chr9	14000000	14999999	0.295791
Chr9	15000000	15999999	0.046982
Chr9	16000000	16999999	0.121332
Chr9	17000000	17999999	0.213712
Chr9	18000000	18999999	0.077081
Chr9	19000000	19999999	0.06683
Chr9	20000000	20999999	0.157404
Chr9	21000000	21999999	0.094699
Chr9	22000000	22999999	0.075773
Chr9	23000000	23999999	0.02662
Chr9	24000000	24999999	0.073226
Chr9	25000000	25999999	0.108705
Chr9	26000000	26999999	0.121866
Chr9	27000000	27999999	0.041725
Chr9	28000000	28999999	0.052766
Chr9	29000000	29999999	0.237688
Chr9	30000000	30999999	0.169927
Chr9	31000000	31999999	0.137408
Chr9	32000000	32999999	0.098731
Chr9	33000000	33999999	0.042369
Chr9	34000000	34999999	0.167686
Chr9	35000000	35999999	0.037262
Chr9	36000000	36999999	0.067009
Chr9	37000000	37999999	0.126764
Chr9	38000000	38999999	0.135104
Chr9	39000000	39999999	0.032361
Chr9	40000000	40999999	0.100617
Chr9	41000000	41999999	0.135531
Chr9	42000000	42999999	0.056588
Chr9	43000000	43999999	0.01515
Chr9	44000000	44999999	0.097305
Chr9	45000000	45999999	0.002345
Chr9	46000000	46999999	0.144742
Chr9	47000000	47999999	0.082661
Chr9	48000000	48999999	0.236404
Chr9	49000000	49999999	0.229878
Chr9	50000000	50999999	0.145892
Chr9	51000000	51999999	0.108728
Chr9	52000000	52999999	0.182256
Chr9	53000000	53999999	0.128018
Chr9	54000000	54999999	0.177531
Chr9	55000000	55551413	0.02774327
Chr10	0	999999	0.241515
Chr10	1000000	1999999	0.018102
Chr10	2000000	2999999	0.171738
Chr10	3000000	3999999	0.089578
Chr10	4000000	4999999	0.179747
Chr10	5000000	5999999	0.073226
Chr10	6000000	6999999	0.108641
Chr10	7000000	7999999	0.156318
Chr10	8000000	8999999	0.090043
Chr10	9000000	9999999	0.152462
Chr10	10000000	10999999	0.009834
Chr10	11000000	11999999	0.07327
Chr10	12000000	12999999	0.201209
Chr10	13000000	13999999	0.27582
Chr10	14000000	14999999	0.321041
Chr10	15000000	15999999	0.30812
Chr10	16000000	16999999	0.217756
Chr10	17000000	17999999	0.177343
Chr10	18000000	18999999	0.29815
Chr10	19000000	19999999	0.134874
Chr10	20000000	20999999	0.10891
Chr10	21000000	21999999	0.124568
Chr10	22000000	22999999	0.251138
Chr10	23000000	23999999	0.149856
Chr10	24000000	24999999	0.136513
Chr10	25000000	25999999	0.082259
Chr10	26000000	26999999	0.113433
Chr10	27000000	27999999	0.077469
Chr10	28000000	28999999	0.070548
Chr10	29000000	29999999	0.151501
Chr10	30000000	30999999	0.13109
Chr10	31000000	31999999	0.28737
Chr10	32000000	32999999	0.05998
Chr10	33000000	33999999	0.049781
Chr10	34000000	34999999	0.206195
Chr10	35000000	35999999	0.136758
Chr10	36000000	36999999	0.116784
Chr10	37000000	37999999	0.088942
Chr10	38000000	38999999	0.118476
Chr10	39000000	39999999	0.085237
Chr10	40000000	40999999	0.299886
Chr10	41000000	41999999	0.085673
Chr10	42000000	42999999	0.109315
Chr10	43000000	43999999	0.131069
Chr10	44000000	44999999	0.193026
Chr10	45000000	45999999	0.0405
Chr10	46000000	46999999	0.157318
Chr10	47000000	47999999	0.123027
Chr10	48000000	48999999	0.036528
Chr10	49000000	49999999	0.18229
Chr10	50000000	50999999	0.161331
Chr10	51000000	51999999	0.132765
Chr10	52000000	52999999	0.087793
Chr10	53000000	53999999	0.04824
Chr10	54000000	54999999	0.053798
Chr10	55000000	55999999	0.026229
Chr10	56000000	56999999	0.080775
Chr10	57000000	57983155	0.166493584
Chr11	0	999999	0.031512
Chr11	1000000	1999999	0.033961
Chr11	2000000	2999999	0.091287
Chr11	3000000	3999999	0.03292
Chr11	4000000	4999999	0.086945
Chr11	5000000	5999999	0.090343
Chr11	6000000	6999999	0.105185
Chr11	7000000	7999999	0.101587
Chr11	8000000	8999999	0.051214
Chr11	9000000	9999999	0.02612
Chr11	10000000	10999999	0.058195
Chr11	11000000	11999999	0.120538
Chr11	12000000	12999999	0.013419
Chr11	13000000	13999999	0.222286
Chr11	14000000	14999999	0.139091
Chr11	15000000	15999999	0.055241
Chr11	16000000	16999999	0.056489
Chr11	17000000	17999999	0.071323
Chr11	18000000	18999999	0.101342
Chr11	19000000	19999999	0.174125
Chr11	20000000	20999999	0.062675
Chr11	21000000	21999999	0.125547
Chr11	22000000	22999999	0.079273
Chr11	23000000	23999999	0.149975
Chr11	24000000	24999999	0.079735
Chr11	25000000	25999999	0.143859
Chr11	26000000	26999999	0.078844
Chr11	27000000	27999999	0.22896
Chr11	28000000	28999999	0.128153
Chr11	29000000	29999999	0.050238
Chr11	30000000	30999999	0.192137
Chr11	31000000	31999999	0.036518
Chr11	32000000	32999999	0.114593
Chr11	33000000	33999999	0.180766
Chr11	34000000	34999999	0.02936
Chr11	35000000	35999999	0.182129
Chr11	36000000	36999999	0.111166
Chr11	37000000	37999999	0.102263
Chr11	38000000	38999999	0.025016
Chr11	39000000	39999999	0.016059
Chr11	40000000	40999999	0.186329
Chr11	41000000	41999999	0.035725
Chr11	42000000	42999999	0.14448
Chr11	43000000	43999999	0.055284
Chr11	44000000	44999999	0.019045
Chr11	45000000	45999999	0.192056
Chr11	46000000	46999999	0.056856
Chr11	47000000	47999999	0.104756
Chr11	48000000	48999999	0.146139
Chr11	49000000	49999999	0.047924
Chr11	50000000	50685131	0.064441691
Chr12	0	999999	0.134317
Chr12	1000000	1999999	0.086813
Chr12	2000000	2999999	0.067135
Chr12	3000000	3999999	0.105031
Chr12	4000000	4999999	0.266933
Chr12	5000000	5999999	0.075411
Chr12	6000000	6999999	0.181655
Chr12	7000000	7999999	0.120028
Chr12	8000000	8999999	0.166026
Chr12	9000000	9999999	0.098611
Chr12	10000000	10999999	0.123932
Chr12	11000000	11999999	0.088926
Chr12	12000000	12999999	0.082703
Chr12	13000000	13999999	0.1937
Chr12	14000000	14999999	0.070241
Chr12	15000000	15999999	0.043688
Chr12	16000000	16999999	0.040837
Chr12	17000000	17999999	0.077128
Chr12	18000000	18999999	0.083598
Chr12	19000000	19999999	0.062303
Chr12	20000000	20999999	0.041986
Chr12	21000000	21999999	0.073342
Chr12	22000000	22999999	0.18266
Chr12	23000000	23999999	0.048185
Chr12	24000000	24999999	0.095656
Chr12	25000000	25999999	0.072494
Chr12	26000000	26999999	0.281495
Chr12	27000000	27999999	0.061392
Chr12	28000000	28999999	0.07678
Chr12	29000000	29999999	0.0145
Chr12	30000000	30999999	0.251462
Chr12	31000000	31999999	0.220798
Chr12	32000000	32552834	0.107176838
Chr13	0	999999	0.113164
Chr13	1000000	1999999	0.185544
Chr13	2000000	2999999	0.15284
Chr13	3000000	3999999	0.148648
Chr13	4000000	4999999	0.120424
Chr13	5000000	5999999	0.041145
Chr13	6000000	6999999	0.135325
Chr13	7000000	7999999	0.112653
Chr13	8000000	8999999	0.080653
Chr13	9000000	9999999	0.218717
Chr13	10000000	10999999	0.219433
Chr13	11000000	11999999	0.176271
Chr13	12000000	12999999	0.078683
Chr13	13000000	13999999	0.118077
Chr13	14000000	14999999	0.088188
Chr13	15000000	15999999	0.106146
Chr13	16000000	16999999	0.149343
Chr13	17000000	17999999	0.228265
Chr13	18000000	18999999	0.141208
Chr13	19000000	19999999	0.110951
Chr13	20000000	20999999	0.337484
Chr13	21000000	21999999	0.110831
Chr13	22000000	22999999	0.079927
Chr13	23000000	23999999	0.279216
Chr13	24000000	24999999	0.183362
Chr13	25000000	25667229	0.105208257
Chr14	0	999999	0.233377
Chr14	1000000	1999999	0.089918
Chr14	2000000	2999999	0.275788
Chr14	3000000	3999999	0.269163
Chr14	4000000	4999999	0.149878
Chr14	5000000	5999999	0.041036
Chr14	6000000	6999999	0.101361
Chr14	7000000	7999999	0.230362
Chr14	8000000	8999999	0.184424
Chr14	9000000	9999999	0.271997
Chr14	10000000	10999999	0.309181
Chr14	11000000	11999999	0.196369
Chr14	12000000	12999999	0.237025
Chr14	13000000	13999999	0.164797
Chr14	14000000	14999999	0.077255
Chr14	15000000	15999999	0.041502
Chr14	16000000	16999999	0.081322
Chr14	17000000	17999999	0.069625
Chr14	18000000	18999999	0.102006
Chr14	19000000	19999999	0.056439
Chr14	20000000	20999999	0.064039
Chr14	21000000	21999999	0.106742
Chr14	22000000	22999999	0.104265
Chr14	23000000	23999999	0.257808
Chr14	24000000	24999999	0.134258
Chr14	25000000	25999999	0.089031
Chr14	26000000	26999999	0.032602
Chr14	27000000	27999999	0.210684
Chr14	28000000	28999999	0.017026
Chr14	29000000	29999999	0.030886
Chr14	30000000	30999999	0.070341
Chr14	31000000	31999999	0.08285
Chr14	32000000	32999999	0.203102
Chr14	33000000	33999999	0.107646
Chr14	34000000	34999999	0.024672
Chr14	35000000	35999999	0.061853
Chr14	36000000	36999999	0.221252
Chr14	37000000	37999999	0.063455
Chr14	38000000	38999999	0.064488
Chr14	39000000	39999999	0.139555
Chr14	40000000	40999999	0.13175
Chr14	41000000	41999999	0.230864
Chr14	42000000	42999999	0.034131
Chr14	43000000	43999999	0.135473
Chr14	44000000	44999999	0.157223
Chr14	45000000	45999999	0.066363
Chr14	46000000	46999999	0.052801
Chr14	47000000	47999999	0.153731
Chr14	48000000	48999999	0.102295
Chr14	49000000	49999999	0.188496
Chr14	50000000	50999999	0.132853
Chr14	51000000	51999999	0.141109
Chr14	52000000	52999999	0.240948
Chr14	53000000	53685928	0.224952182
Chr15	0	999999	0.105212
Chr15	1000000	1999999	0.102541
Chr15	2000000	2999999	0.020297
Chr15	3000000	3999999	0.188489
Chr15	4000000	4999999	0.029496
Chr15	5000000	5999999	0.055393
Chr15	6000000	6999999	0.099501
Chr15	7000000	7999999	0.05498
Chr15	8000000	8999999	0.263752
Chr15	9000000	9999999	0.184087
Chr15	10000000	10999999	0.053253
Chr15	11000000	11999999	0.102433
Chr15	12000000	12999999	0.099117
Chr15	13000000	13456278	0.074976221
Chr16	0	999999	0.187718
Chr16	1000000	1999999	0.412387
Chr16	2000000	2999999	0.127132
Chr16	3000000	3999999	0.042753
Chr16	4000000	4999999	0.157131
Chr16	5000000	5999999	0.128432
Chr16	6000000	6999999	0.060955
Chr16	7000000	7999999	0.110595
Chr16	8000000	8999999	0.216213
Chr16	9000000	9999999	0.03765
Chr16	10000000	10999999	0.032487
Chr16	11000000	11999999	0.04319
Chr16	12000000	12999999	0.043994
Chr16	13000000	13999999	0.190225
Chr16	14000000	14999999	0.01935
Chr16	15000000	15999999	0.027985
Chr16	16000000	16999999	0.038462
Chr16	17000000	17999999	0.078816
Chr16	18000000	18999999	0.057729
Chr16	19000000	19999999	0.145587
Chr16	20000000	20999999	0.022837
Chr16	21000000	21999999	0.026928
Chr16	22000000	22999999	0.217627
Chr16	23000000	23999999	0.40662
Chr16	24000000	24999999	0.12634
Chr16	25000000	25999999	0.290724
Chr16	26000000	26999999	0.190644
Chr16	27000000	27999999	0.216278
Chr16	28000000	28459215	0.30452838
Chr17	0	999999	0.103335
Chr17	1000000	1999999	0.240449
Chr17	2000000	2999999	0.185873
Chr17	3000000	3999999	0.124531
Chr17	4000000	4999999	0.133711
Chr17	5000000	5999999	0.309513
Chr17	6000000	6999999	0.16035
Chr17	7000000	7999999	0.076799
Chr17	8000000	8999999	0.027574
Chr17	9000000	9999999	0.26898
Chr17	10000000	10999999	0.075943
Chr17	11000000	11999999	0.15987
Chr17	12000000	12999999	0.107683
Chr17	13000000	13999999	0.131556
Chr17	14000000	14999999	0.129813
Chr17	15000000	15999999	0.06232
Chr17	16000000	16999999	0.018131
Chr17	17000000	17999999	0.106943
Chr17	18000000	18999999	0.208445
Chr17	19000000	19999999	0.166248
Chr17	20000000	20999999	0.088516
Chr17	21000000	21999999	0.147735
Chr17	22000000	22999999	0.074037
Chr17	23000000	23999999	0.24099
Chr17	24000000	24999999	0.110596
Chr17	25000000	25999999	0.087967
Chr17	26000000	26999999	0.025508
Chr17	27000000	27999999	0.076968
Chr17	28000000	28999999	0.107332
Chr17	29000000	29999999	0.13654
Chr17	30000000	30999999	0.140623
Chr17	31000000	31999999	0.117293
Chr17	32000000	32999999	0.091345
Chr17	33000000	33999999	0.149021
Chr17	34000000	34999999	0.078531
Chr17	35000000	35999999	0.056057
Chr17	36000000	36999999	0.079168
Chr17	37000000	37999999	0.09875
Chr17	38000000	38999999	0.109491
Chr17	39000000	39999999	0.130985
Chr17	40000000	40999999	0.123985
Chr17	41000000	41999999	0.114464
Chr17	42000000	42403734	0.071675905
Chr18	0	999999	0.121306
Chr18	1000000	1999999	0.15777
Chr18	2000000	2999999	0.052205
Chr18	3000000	3999999	0.012455
Chr18	4000000	4999999	0.043265
Chr18	5000000	5999999	0.107774
Chr18	6000000	6999999	0.041191
Chr18	7000000	7999999	0.101603
Chr18	8000000	8999999	0.031643
Chr18	9000000	9999999	0.178829
Chr18	10000000	10999999	0.236974
Chr18	11000000	11999999	0.065635
Chr18	12000000	12999999	0.158266
Chr18	13000000	13999999	0.028457
Chr18	14000000	14999999	0.116268
Chr18	15000000	15999999	0.158731
Chr18	16000000	16999999	0.033351
Chr18	17000000	17999999	0.260932
Chr18	18000000	18999999	0.065316
Chr18	19000000	19999999	0.033549
Chr18	20000000	20999999	0.157287
Chr18	21000000	21999999	0.104484
Chr18	22000000	22999999	0.106372
Chr18	23000000	23999999	0.065806
Chr18	24000000	24999999	0.071641
Chr18	25000000	25999999	0.025576
Chr18	26000000	26999999	0.058281
Chr18	27000000	27842185	0.085814874
Chr19	0	999999	0.086679
Chr19	1000000	1999999	0.186189
Chr19	2000000	2999999	0.107704
Chr19	3000000	3999999	0.01956
Chr19	4000000	4999999	0.05601
Chr19	5000000	5999999	0.113975
Chr19	6000000	6999999	0.136553
Chr19	7000000	7999999	0.166386
Chr19	8000000	8999999	0.078316
Chr19	9000000	9999999	0.209781
Chr19	10000000	10999999	0.08814
Chr19	11000000	11999999	0.086203
Chr19	12000000	12999999	0.04645
Chr19	13000000	13999999	0.104717
Chr19	14000000	14999999	0.091731
Chr19	15000000	15999999	0.056885
Chr19	16000000	16999999	0.096727
Chr19	17000000	17999999	0.169696
Chr19	18000000	18999999	0.1474
Chr19	19000000	19701765	0.084828967