Chr8	0	999999	4776
Chr8	1000000	1999999	5589
Chr8	2000000	2999999	6318
Chr8	3000000	3999999	6096
Chr8	4000000	4999999	5060
Chr8	5000000	5999999	4609
Chr8	6000000	6999999	7327
Chr8	7000000	7999999	8625
Chr8	8000000	8999999	5536
Chr8	9000000	9999999	5255
Chr8	10000000	10999999	5396
Chr8	11000000	11999999	6747
Chr8	12000000	12999999	6311
Chr8	13000000	13999999	6119
Chr8	14000000	14999999	7564
Chr8	15000000	15999999	6296
Chr8	16000000	16999999	5815
Chr8	17000000	17999999	5448
Chr8	18000000	18999999	6322
Chr8	19000000	19999999	5492
Chr8	20000000	20999999	6811
Chr8	21000000	21999999	5957
Chr8	22000000	22999999	5173
Chr8	23000000	23999999	7970
Chr8	24000000	24999999	5575
Chr8	25000000	25999999	4754
Chr8	26000000	26999999	6592
Chr8	27000000	27999999	5658
Chr8	28000000	28999999	4305
Chr8	29000000	29999999	5770
Chr8	30000000	30999999	4815
Chr8	31000000	31999999	4377
Chr8	32000000	32999999	5861
Chr8	33000000	33999999	4827
Chr8	34000000	34999999	5530
Chr8	35000000	35999999	6020
Chr8	36000000	36999999	7086
Chr8	37000000	37999999	6341
Chr8	38000000	38999999	5248
Chr8	39000000	39999999	4482
Chr8	40000000	40999999	4050
Chr8	41000000	41999999	5818
Chr8	42000000	42999999	7554
Chr8	43000000	43999999	5900
Chr8	44000000	44999999	5151
Chr8	45000000	45999999	5192
Chr8	46000000	46999999	5238
Chr8	47000000	47999999	5057
Chr8	48000000	48999999	3783
Chr8	49000000	49999999	6726
Chr8	50000000	50999999	3315
Chr8	51000000	51999999	3945
Chr8	52000000	52999999	6140
Chr8	53000000	53999999	5599
Chr8	54000000	54999999	4342
Chr8	55000000	55999999	5545
Chr8	56000000	56999999	5280
Chr8	57000000	57999999	4941
Chr8	58000000	58999999	5700
Chr8	59000000	59999999	5217
Chr8	60000000	60999999	5169
Chr8	61000000	61999999	4708
Chr8	62000000	62999999	7127
Chr8	63000000	63999999	5198
Chr8	64000000	64999999	5346
Chr8	65000000	65999999	4763
Chr8	66000000	66999999	5315
Chr8	67000000	67999999	4801
Chr8	68000000	68999999	5954
Chr8	69000000	69999999	5235
Chr8	70000000	70999999	5861
Chr8	71000000	71999999	7099
Chr8	72000000	72999999	5514
Chr8	73000000	73999999	7751
Chr8	74000000	74999999	5478
Chr8	75000000	75999999	6374
Chr8	76000000	76999999	8003
Chr8	77000000	77999999	6701
Chr8	78000000	78999999	5039
Chr8	79000000	79999999	6748
Chr8	80000000	80999999	7367
Chr8	81000000	81999999	7527
Chr8	82000000	82999999	7698
Chr8	83000000	83999999	5844
Chr8	84000000	84999999	6702
Chr8	85000000	85999999	5022
Chr8	86000000	86999999	6307
Chr8	87000000	87999999	5571
Chr8	88000000	88999999	5593
Chr8	89000000	89999999	6759
Chr8	90000000	90999999	6266
Chr8	91000000	91999999	6040
Chr8	92000000	92999999	6882
Chr8	93000000	93999999	6021
Chr8	94000000	94999999	4486
Chr8	95000000	95999999	6052
Chr8	96000000	96999999	5363
Chr8	97000000	97999999	5480
Chr8	98000000	98999999	4952
Chr8	99000000	99999999	4553
Chr8	100000000	100999999	6091
Chr8	101000000	101999999	4709
Chr8	102000000	102999999	6748
Chr8	103000000	103999999	7157
Chr8	104000000	104999999	5055
Chr8	105000000	105999999	7111
Chr8	106000000	106999999	6161
Chr8	107000000	107999999	4908
Chr8	108000000	108999999	4656
Chr8	109000000	109999999	6417
Chr8	110000000	110999999	6529
Chr8	111000000	111999999	6380
Chr8	112000000	112999999	6927
Chr8	113000000	113999999	7026
Chr8	114000000	114999999	5856
Chr8	115000000	115999999	6686
Chr8	116000000	116999999	5620
Chr8	117000000	117999999	6180
Chr8	118000000	118999999	7831
Chr8	119000000	119999999	5953
Chr8	120000000	120999999	4861
Chr8	121000000	121999999	7922
Chr8	122000000	122999999	5902
Chr8	123000000	123999999	6450
Chr8	124000000	124999999	4702
Chr8	125000000	125999999	5096
Chr8	126000000	126999999	5554
Chr8	127000000	127999999	4491
Chr8	128000000	128999999	6788
Chr8	129000000	129999999	7426
Chr8	130000000	130999999	6129
Chr8	131000000	131999999	5773
Chr8	132000000	132999999	4171
Chr8	133000000	133999999	7182
Chr8	134000000	134999999	5226
Chr8	135000000	135999999	6473
Chr8	136000000	136999999	5556
Chr8	137000000	137999999	4369
Chr8	138000000	138999999	6106
Chr8	139000000	139999999	5726
Chr8	140000000	140999999	5064
Chr8	141000000	141999999	4326
Chr8	142000000	142999999	6107
Chr8	143000000	143999999	6606
Chr8	144000000	144999999	5400
Chr8	145000000	145999999	5143
Chr8	146000000	146999999	4468
Chr8	147000000	147999999	5964
Chr8	148000000	148999999	5816
Chr8	149000000	149999999	6994
Chr8	150000000	150999999	4718
Chr8	151000000	151999999	6596
Chr8	152000000	152999999	5793
Chr8	153000000	153999999	5308
Chr8	154000000	154999999	4354
Chr8	155000000	155999999	6645
Chr8	156000000	156999999	4383
Chr8	157000000	157999999	5119
Chr8	158000000	158999999	4606
Chr8	159000000	159999999	4151
Chr8	160000000	160999999	6055
Chr8	161000000	161999999	6178
Chr8	162000000	162999999	5770
Chr8	163000000	163999999	6170
Chr8	164000000	164999999	3996
Chr8	165000000	165999999	6156
Chr8	166000000	166999999	5005
Chr8	167000000	167999999	4611
Chr8	168000000	168999999	7606
Chr8	169000000	169999999	5070
Chr8	170000000	170999999	6968
Chr8	171000000	171999999	5546
Chr8	172000000	172999999	5028
Chr8	173000000	173999999	3224
Chr8	174000000	174999999	6316
Chr8	175000000	175999999	6328
Chr8	176000000	176999999	5216
Chr8	177000000	177999999	4981
Chr8	178000000	178999999	5460
Chr8	179000000	179999999	6680
Chr8	180000000	180999999	6501
Chr8	181000000	181999999	5238
Chr8	182000000	182999999	6094
Chr8	183000000	183999999	6304
Chr8	184000000	184999999	5204
Chr8	185000000	185999999	7096
Chr8	186000000	186999999	4086
Chr8	187000000	187999999	5336
Chr8	188000000	188999999	5325
Chr8	189000000	189999999	6015
Chr8	190000000	190999999	5834
Chr8	191000000	191999999	4656
Chr8	192000000	192999999	6892
Chr8	193000000	193999999	4541
Chr8	194000000	194999999	6213
Chr8	195000000	195669025	4972
Chr3	0	999999	6105
Chr3	1000000	1999999	6694
Chr3	2000000	2999999	5263
Chr3	3000000	3999999	4593
Chr3	4000000	4999999	4590
Chr3	5000000	5999999	5700
Chr3	6000000	6999999	4949
Chr3	7000000	7999999	4265
Chr3	8000000	8999999	5558
Chr3	9000000	9999999	5312
Chr3	10000000	10999999	7066
Chr3	11000000	11999999	6536
Chr3	12000000	12999999	5888
Chr3	13000000	13999999	3447
Chr3	14000000	14999999	5413
Chr3	15000000	15999999	4688
Chr3	16000000	16999999	4511
Chr3	17000000	17999999	4573
Chr3	18000000	18999999	5336
Chr3	19000000	19999999	5649
Chr3	20000000	20999999	5999
Chr3	21000000	21999999	4614
Chr3	22000000	22999999	5772
Chr3	23000000	23999999	4478
Chr3	24000000	24999999	4962
Chr3	25000000	25999999	5458
Chr3	26000000	26999999	3766
Chr3	27000000	27999999	5504
Chr3	28000000	28999999	5065
Chr3	29000000	29999999	4404
Chr3	30000000	30999999	5328
Chr3	31000000	31999999	5484
Chr3	32000000	32999999	4802
Chr3	33000000	33999999	5834
Chr3	34000000	34999999	6906
Chr3	35000000	35999999	5048
Chr3	36000000	36999999	4362
Chr3	37000000	37999999	6537
Chr3	38000000	38999999	5948
Chr3	39000000	39999999	6960
Chr3	40000000	40999999	6458
Chr3	41000000	41999999	5916
Chr3	42000000	42999999	7132
Chr3	43000000	43999999	4948
Chr3	44000000	44999999	5240
Chr3	45000000	45999999	6076
Chr3	46000000	46999999	5823
Chr3	47000000	47999999	5747
Chr3	48000000	48999999	5855
Chr3	49000000	49999999	5928
Chr3	50000000	50999999	7942
Chr3	51000000	51999999	7616
Chr3	52000000	52999999	6257
Chr3	53000000	53999999	6958
Chr3	54000000	54999999	5472
Chr3	55000000	55999999	4722
Chr3	56000000	56999999	5282
Chr3	57000000	57999999	6295
Chr3	58000000	58999999	4703
Chr3	59000000	59999999	6045
Chr3	60000000	60999999	3986
Chr3	61000000	61999999	6262
Chr3	62000000	62999999	6714
Chr3	63000000	63999999	4976
Chr3	64000000	64999999	4068
Chr3	65000000	65999999	7529
Chr3	66000000	66999999	4966
Chr3	67000000	67999999	6797
Chr3	68000000	68999999	6048
Chr3	69000000	69999999	5615
Chr3	70000000	70999999	6708
Chr3	71000000	71999999	3022
Chr3	72000000	72999999	7426
Chr3	73000000	73999999	5264
Chr3	74000000	74999999	6056
Chr3	75000000	75999999	5527
Chr3	76000000	76999999	6203
Chr3	77000000	77999999	5505
Chr3	78000000	78999999	4376
Chr3	79000000	79999999	5040
Chr3	80000000	80999999	4649
Chr3	81000000	81999999	9071
Chr3	82000000	82999999	4478
Chr3	83000000	83999999	4745
Chr3	84000000	84999999	6729
Chr3	85000000	85999999	8039
Chr3	86000000	86999999	5521
Chr3	87000000	87999999	7626
Chr3	88000000	88999999	5292
Chr3	89000000	89999999	5524
Chr3	90000000	90999999	5367
Chr3	91000000	91999999	4552
Chr3	92000000	92999999	5490
Chr3	93000000	93999999	4838
Chr3	94000000	94999999	5941
Chr3	95000000	95999999	6112
Chr3	96000000	96999999	7024
Chr3	97000000	97999999	6957
Chr3	98000000	98999999	5455
Chr3	99000000	99999999	5446
Chr3	100000000	100999999	4581
Chr3	101000000	101999999	4505
Chr3	102000000	102999999	5508
Chr3	103000000	103999999	5965
Chr3	104000000	104999999	6028
Chr3	105000000	105999999	5894
Chr3	106000000	106999999	7354
Chr3	107000000	107999999	5480
Chr3	108000000	108999999	5513
Chr3	109000000	109999999	4244
Chr3	110000000	110999999	3983
Chr3	111000000	111999999	2952
Chr3	112000000	112999999	5642
Chr3	113000000	113999999	3887
Chr3	114000000	114999999	3734
Chr3	115000000	115999999	6271
Chr3	116000000	116999999	6528
Chr3	117000000	117999999	6963
Chr3	118000000	118999999	4195
Chr3	119000000	119999999	5526
Chr3	120000000	120999999	5535
Chr3	121000000	121999999	5149
Chr3	122000000	122999999	4525
Chr3	123000000	123999999	6530
Chr3	124000000	124999999	5429
Chr3	125000000	125999999	5578
Chr3	126000000	126999999	5019
Chr3	127000000	127999999	4093
Chr3	128000000	128999999	4732
Chr3	129000000	129999999	6125
Chr3	130000000	130999999	6329
Chr3	131000000	131999999	5859
Chr3	132000000	132999999	6414
Chr3	133000000	133999999	6154
Chr3	134000000	134999999	7051
Chr3	135000000	135999999	4372
Chr3	136000000	136999999	8371
Chr3	137000000	137999999	5743
Chr3	138000000	138999999	4329
Chr3	139000000	139999999	6654
Chr3	140000000	140999999	7130
Chr3	141000000	141999999	6979
Chr3	142000000	142999999	5717
Chr3	143000000	143999999	6235
Chr3	144000000	144999999	5964
Chr3	145000000	145999999	4265
Chr3	146000000	146999999	3851
Chr3	147000000	147999999	6337
Chr3	148000000	148999999	5770
Chr3	149000000	149999999	6611
Chr3	150000000	150999999	7160
Chr3	151000000	151999999	6230
Chr3	152000000	152999999	6709
Chr3	153000000	153999999	6423
Chr3	154000000	154999999	8457
Chr3	155000000	155999999	5999
Chr3	156000000	156999999	5104
Chr3	157000000	157999999	6688
Chr3	158000000	158999999	4953
Chr3	159000000	159999999	7039
Chr3	160000000	160999999	4637
Chr3	161000000	161999999	4269
Chr3	162000000	162999999	5731
Chr3	163000000	163999999	4365
Chr3	164000000	164999999	4336
Chr3	165000000	165999999	2906
Chr3	166000000	166999999	5304
Chr3	167000000	167999999	4708
Chr3	168000000	168999999	6216
Chr3	169000000	169999999	5809
Chr3	170000000	170999999	6497
Chr3	171000000	171999999	4830
Chr3	172000000	172999999	5614
Chr3	173000000	173999999	5969
Chr3	174000000	174999999	5973
Chr3	175000000	175999999	5764
Chr3	176000000	176999999	5916
Chr3	177000000	177999999	4743
Chr3	178000000	178999999	6190
Chr3	179000000	179999999	5366
Chr3	180000000	180999999	7616
Chr3	181000000	181999999	4987
Chr3	182000000	182999999	6576
Chr3	183000000	183999999	6958
Chr3	184000000	184999999	6281
Chr3	185000000	185999999	7089
Chr3	186000000	186999999	6189
Chr3	187000000	187999999	6454
Chr3	188000000	188999999	4905
Chr3	189000000	189999999	5833
Chr3	190000000	190999999	6595
Chr3	191000000	191999999	5820
Chr3	192000000	192999999	8027
Chr3	193000000	193999999	8145
Chr3	194000000	194999999	4179
Chr3	195000000	195999999	4911
Chr3	196000000	196999999	5199
Chr3	197000000	197999999	4790
Chr3	198000000	198999999	5007
Chr3	199000000	199999999	5313
Chr3	200000000	200999999	5176
Chr3	201000000	201999999	5298
Chr3	202000000	202999999	6345
Chr3	203000000	203999999	6358
Chr3	204000000	204999999	3913
Chr3	205000000	205999999	5814
Chr3	206000000	206999999	7939
Chr3	207000000	207093695	668
Chr17	0	999999	5813
Chr17	1000000	1999999	5364
Chr17	2000000	2999999	5659
Chr17	3000000	3999999	7553
Chr17	4000000	4999999	6029
Chr17	5000000	5999999	6130
Chr17	6000000	6999999	7516
Chr17	7000000	7999999	5663
Chr17	8000000	8999999	6836
Chr17	9000000	9999999	7828
Chr17	10000000	10999999	4575
Chr17	11000000	11999999	4927
Chr17	12000000	12999999	4120
Chr17	13000000	13999999	5428
Chr17	14000000	14999999	4603
Chr17	15000000	15999999	4835
Chr17	16000000	16999999	5492
Chr17	17000000	17999999	5285
Chr17	18000000	18999999	5727
Chr17	19000000	19999999	6055
Chr17	20000000	20999999	3969
Chr17	21000000	21999999	3122
Chr17	22000000	22999999	4389
Chr17	23000000	23999999	5400
Chr17	24000000	24999999	7676
Chr17	25000000	25999999	3843
Chr17	26000000	26999999	5552
Chr17	27000000	27999999	6166
Chr17	28000000	28999999	7294
Chr17	29000000	29999999	7502
Chr17	30000000	30999999	6088
Chr17	31000000	31999999	5065
Chr17	32000000	32999999	4400
Chr17	33000000	33999999	3772
Chr17	34000000	34999999	4582
Chr17	35000000	35999999	5345
Chr17	36000000	36999999	6793
Chr17	37000000	37999999	6320
Chr17	38000000	38999999	5005
Chr17	39000000	39999999	7418
Chr17	40000000	40999999	4429
Chr17	41000000	41999999	6023
Chr17	42000000	42403734	2469
Chr1	0	999999	7587
Chr1	1000000	1999999	5778
Chr1	2000000	2999999	5516
Chr1	3000000	3999999	7044
Chr1	4000000	4999999	6006
Chr1	5000000	5999999	5161
Chr1	6000000	6999999	6643
Chr1	7000000	7999999	4462
Chr1	8000000	8999999	6819
Chr1	9000000	9999999	5826
Chr1	10000000	10999999	5418
Chr1	11000000	11999999	5134
Chr1	12000000	12999999	5999
Chr1	13000000	13999999	7080
Chr1	14000000	14999999	7726
Chr1	15000000	15999999	5185
Chr1	16000000	16999999	6914
Chr1	17000000	17999999	3958
Chr1	18000000	18999999	6475
Chr1	19000000	19999999	4964
Chr1	20000000	20999999	5723
Chr1	21000000	21999999	4481
Chr1	22000000	22999999	5314
Chr1	23000000	23999999	6852
Chr1	24000000	24999999	3852
Chr1	25000000	25999999	5436
Chr1	26000000	26999999	5837
Chr1	27000000	27999999	5824
Chr1	28000000	28999999	5591
Chr1	29000000	29999999	6141
Chr1	30000000	30999999	6268
Chr1	31000000	31999999	6164
Chr1	32000000	32999999	8093
Chr1	33000000	33999999	6820
Chr1	34000000	34999999	6280
Chr1	35000000	35999999	3996
Chr1	36000000	36999999	5926
Chr1	37000000	37999999	5294
Chr1	38000000	38999999	5630
Chr1	39000000	39999999	6053
Chr1	40000000	40999999	7089
Chr1	41000000	41999999	4875
Chr1	42000000	42999999	7179
Chr1	43000000	43999999	5556
Chr1	44000000	44999999	4300
Chr1	45000000	45999999	4955
Chr1	46000000	46999999	7224
Chr1	47000000	47999999	3160
Chr1	48000000	48999999	5205
Chr1	49000000	49999999	6197
Chr1	50000000	50999999	7640
Chr1	51000000	51999999	6284
Chr1	52000000	52999999	6820
Chr1	53000000	53999999	4978
Chr1	54000000	54999999	6928
Chr1	55000000	55999999	5339
Chr1	56000000	56999999	5717
Chr1	57000000	57999999	6394
Chr1	58000000	58999999	3490
Chr1	59000000	59999999	5164
Chr1	60000000	60999999	4586
Chr1	61000000	61999999	5465
Chr1	62000000	62999999	4198
Chr1	63000000	63999999	7036
Chr1	64000000	64999999	7666
Chr1	65000000	65999999	6178
Chr1	66000000	66999999	6687
Chr1	67000000	67999999	6558
Chr1	68000000	68999999	4554
Chr1	69000000	69999999	3463
Chr1	70000000	70999999	6344
Chr1	71000000	71999999	6209
Chr1	72000000	72999999	6663
Chr1	73000000	73999999	5563
Chr1	74000000	74999999	5540
Chr1	75000000	75999999	5079
Chr1	76000000	76999999	4853
Chr1	77000000	77999999	6346
Chr1	78000000	78999999	5297
Chr1	79000000	79999999	6028
Chr1	80000000	80999999	4722
Chr1	81000000	81999999	5973
Chr1	82000000	82999999	7499
Chr1	83000000	83999999	5100
Chr1	84000000	84999999	4497
Chr1	85000000	85999999	5460
Chr1	86000000	86999999	6072
Chr1	87000000	87999999	7284
Chr1	88000000	88999999	5197
Chr1	89000000	89999999	4224
Chr1	90000000	90999999	5722
Chr1	91000000	91999999	6281
Chr1	92000000	92999999	6434
Chr1	93000000	93999999	5334
Chr1	94000000	94999999	3363
Chr1	95000000	95999999	4140
Chr1	96000000	96999999	6757
Chr1	97000000	97999999	5077
Chr1	98000000	98999999	5329
Chr1	99000000	99999999	4429
Chr1	100000000	100999999	4487
Chr1	101000000	101999999	5751
Chr1	102000000	102999999	7462
Chr1	103000000	103999999	5849
Chr1	104000000	104999999	5953
Chr1	105000000	105999999	5428
Chr1	106000000	106999999	6215
Chr1	107000000	107999999	6968
Chr1	108000000	108999999	4684
Chr1	109000000	109999999	5568
Chr1	110000000	110999999	4979
Chr1	111000000	111999999	5761
Chr1	112000000	112999999	5584
Chr1	113000000	113999999	4135
Chr1	114000000	114999999	5946
Chr1	115000000	115999999	5592
Chr1	116000000	116999999	5857
Chr1	117000000	117999999	6852
Chr1	118000000	118073833	281
Chr14	0	999999	5381
Chr14	1000000	1999999	7324
Chr14	2000000	2999999	7273
Chr14	3000000	3999999	7439
Chr14	4000000	4999999	6564
Chr14	5000000	5999999	5616
Chr14	6000000	6999999	6570
Chr14	7000000	7999999	7424
Chr14	8000000	8999999	6157
Chr14	9000000	9999999	7623
Chr14	10000000	10999999	7123
Chr14	11000000	11999999	6265
Chr14	12000000	12999999	7418
Chr14	13000000	13999999	5265
Chr14	14000000	14999999	6695
Chr14	15000000	15999999	6141
Chr14	16000000	16999999	6814
Chr14	17000000	17999999	6791
Chr14	18000000	18999999	4954
Chr14	19000000	19999999	6435
Chr14	20000000	20999999	6149
Chr14	21000000	21999999	5323
Chr14	22000000	22999999	4866
Chr14	23000000	23999999	4526
Chr14	24000000	24999999	5565
Chr14	25000000	25999999	6450
Chr14	26000000	26999999	6636
Chr14	27000000	27999999	7080
Chr14	28000000	28999999	4740
Chr14	29000000	29999999	5914
Chr14	30000000	30999999	5319
Chr14	31000000	31999999	4975
Chr14	32000000	32999999	5588
Chr14	33000000	33999999	7043
Chr14	34000000	34999999	5020
Chr14	35000000	35999999	5601
Chr14	36000000	36999999	6528
Chr14	37000000	37999999	6330
Chr14	38000000	38999999	5347
Chr14	39000000	39999999	5503
Chr14	40000000	40999999	4557
Chr14	41000000	41999999	5225
Chr14	42000000	42999999	8166
Chr14	43000000	43999999	6221
Chr14	44000000	44999999	5978
Chr14	45000000	45999999	6161
Chr14	46000000	46999999	5380
Chr14	47000000	47999999	5703
Chr14	48000000	48999999	6346
Chr14	49000000	49999999	6193
Chr14	50000000	50999999	6973
Chr14	51000000	51999999	6491
Chr14	52000000	52999999	7017
Chr14	53000000	53685928	3651
Chr7	0	999999	3802
Chr7	1000000	1999999	5228
Chr7	2000000	2999999	5362
Chr7	3000000	3999999	5025
Chr7	4000000	4999999	5881
Chr7	5000000	5999999	5803
Chr7	6000000	6999999	5886
Chr7	7000000	7999999	5265
Chr7	8000000	8999999	6685
Chr7	9000000	9999999	6484
Chr7	10000000	10999999	6289
Chr7	11000000	11999999	5322
Chr7	12000000	12999999	6026
Chr7	13000000	13999999	7155
Chr7	14000000	14999999	5702
Chr7	15000000	15999999	5601
Chr7	16000000	16999999	7354
Chr7	17000000	17999999	6031
Chr7	18000000	18999999	7078
Chr7	19000000	19999999	5050
Chr7	20000000	20999999	5322
Chr7	21000000	21999999	4756
Chr7	22000000	22999999	4713
Chr7	23000000	23999999	5943
Chr7	24000000	24999999	4086
Chr7	25000000	25999999	6299
Chr7	26000000	26999999	6464
Chr7	27000000	27999999	5571
Chr7	28000000	28624509	3922
Chr2	0	999999	6381
Chr2	1000000	1999999	5431
Chr2	2000000	2999999	5779
Chr2	3000000	3999999	5207
Chr2	4000000	4999999	2981
Chr2	5000000	5999999	6876
Chr2	6000000	6999999	3964
Chr2	7000000	7999999	4317
Chr2	8000000	8999999	5710
Chr2	9000000	9999999	5844
Chr2	10000000	10999999	4976
Chr2	11000000	11999999	6016
Chr2	12000000	12999999	5690
Chr2	13000000	13999999	5621
Chr2	14000000	14999999	6430
Chr2	15000000	15999999	5793
Chr2	16000000	16999999	5696
Chr2	17000000	17999999	6141
Chr2	18000000	18999999	6021
Chr2	19000000	19999999	6040
Chr2	20000000	20999999	6390
Chr2	21000000	21999999	7711
Chr2	22000000	22999999	5378
Chr2	23000000	23999999	6466
Chr2	24000000	24999999	5175
Chr2	25000000	25999999	5373
Chr2	26000000	26999999	6399
Chr2	27000000	27999999	5082
Chr2	28000000	28999999	6425
Chr2	29000000	29999999	6525
Chr2	30000000	30999999	5389
Chr2	31000000	31999999	3966
Chr2	32000000	32999999	6278
Chr2	33000000	33999999	5132
Chr2	34000000	34999999	5315
Chr2	35000000	35999999	5859
Chr2	36000000	36999999	5672
Chr2	37000000	37999999	4623
Chr2	38000000	38999999	5274
Chr2	39000000	39999999	6010
Chr2	40000000	40999999	4028
Chr2	41000000	41999999	5244
Chr2	42000000	42999999	4320
Chr2	43000000	43999999	4652
Chr2	44000000	44999999	8344
Chr2	45000000	45999999	6803
Chr2	46000000	46999999	3531
Chr2	47000000	47999999	5058
Chr2	48000000	48999999	4626
Chr2	49000000	49999999	5932
Chr2	50000000	50999999	4433
Chr2	51000000	51999999	5109
Chr2	52000000	52999999	5798
Chr2	53000000	53999999	5947
Chr2	54000000	54999999	5194
Chr2	55000000	55999999	5583
Chr2	56000000	56999999	4858
Chr2	57000000	57999999	5452
Chr2	58000000	58999999	5796
Chr2	59000000	59999999	8252
Chr2	60000000	60999999	6167
Chr2	61000000	61999999	5303
Chr2	62000000	62999999	4019
Chr2	63000000	63999999	5997
Chr2	64000000	64999999	5678
Chr2	65000000	65999999	6401
Chr2	66000000	66999999	5415
Chr2	67000000	67999999	6616
Chr2	68000000	68999999	3501
Chr2	69000000	69999999	5408
Chr2	70000000	70999999	4804
Chr2	71000000	71999999	6561
Chr2	72000000	72999999	5904
Chr2	73000000	73999999	4809
Chr2	74000000	74999999	5010
Chr2	75000000	75999999	4085
Chr2	76000000	76999999	5832
Chr2	77000000	77999999	6546
Chr2	78000000	78999999	5924
Chr2	79000000	79999999	5184
Chr2	80000000	80999999	5564
Chr2	81000000	81999999	4205
Chr2	82000000	82999999	5968
Chr2	83000000	83999999	5505
Chr2	84000000	84999999	5471
Chr2	85000000	85999999	4584
Chr2	86000000	86999999	6589
Chr2	87000000	87999999	5683
Chr2	88000000	88999999	6555
Chr2	89000000	89999999	5434
Chr2	90000000	90999999	4845
Chr2	91000000	91999999	5644
Chr2	92000000	92999999	3886
Chr2	93000000	93999999	4440
Chr2	94000000	94999999	7197
Chr2	95000000	95999999	4080
Chr2	96000000	96999999	5732
Chr2	97000000	97999999	5979
Chr2	98000000	98364873	1741
Chr19	0	999999	3747
Chr19	1000000	1999999	6850
Chr19	2000000	2999999	5902
Chr19	3000000	3999999	4448
Chr19	4000000	4999999	6769
Chr19	5000000	5999999	5404
Chr19	6000000	6999999	5556
Chr19	7000000	7999999	7143
Chr19	8000000	8999999	4925
Chr19	9000000	9999999	4986
Chr19	10000000	10999999	5721
Chr19	11000000	11999999	6433
Chr19	12000000	12999999	4811
Chr19	13000000	13999999	4139
Chr19	14000000	14999999	6544
Chr19	15000000	15999999	5192
Chr19	16000000	16999999	5662
Chr19	17000000	17999999	3617
Chr19	18000000	18999999	6103
Chr19	19000000	19701765	4644
Chr10	0	999999	5199
Chr10	1000000	1999999	5868
Chr10	2000000	2999999	4617
Chr10	3000000	3999999	7164
Chr10	4000000	4999999	6884
Chr10	5000000	5999999	5780
Chr10	6000000	6999999	6061
Chr10	7000000	7999999	7170
Chr10	8000000	8999999	4625
Chr10	9000000	9999999	6760
Chr10	10000000	10999999	6685
Chr10	11000000	11999999	4590
Chr10	12000000	12999999	6512
Chr10	13000000	13999999	6638
Chr10	14000000	14999999	6337
Chr10	15000000	15999999	6315
Chr10	16000000	16999999	7695
Chr10	17000000	17999999	4859
Chr10	18000000	18999999	5653
Chr10	19000000	19999999	6352
Chr10	20000000	20999999	5531
Chr10	21000000	21999999	5373
Chr10	22000000	22999999	5666
Chr10	23000000	23999999	6889
Chr10	24000000	24999999	5180
Chr10	25000000	25999999	6573
Chr10	26000000	26999999	5282
Chr10	27000000	27999999	6546
Chr10	28000000	28999999	6765
Chr10	29000000	29999999	6981
Chr10	30000000	30999999	7195
Chr10	31000000	31999999	6598
Chr10	32000000	32999999	5104
Chr10	33000000	33999999	4389
Chr10	34000000	34999999	7418
Chr10	35000000	35999999	6273
Chr10	36000000	36999999	6678
Chr10	37000000	37999999	6563
Chr10	38000000	38999999	5211
Chr10	39000000	39999999	3505
Chr10	40000000	40999999	3981
Chr10	41000000	41999999	4921
Chr10	42000000	42999999	6988
Chr10	43000000	43999999	5791
Chr10	44000000	44999999	5766
Chr10	45000000	45999999	8078
Chr10	46000000	46999999	4433
Chr10	47000000	47999999	5112
Chr10	48000000	48999999	3707
Chr10	49000000	49999999	7169
Chr10	50000000	50999999	3664
Chr10	51000000	51999999	4846
Chr10	52000000	52999999	5222
Chr10	53000000	53999999	4558
Chr10	54000000	54999999	4773
Chr10	55000000	55999999	5036
Chr10	56000000	56999999	5143
Chr10	57000000	57983155	4214
Chr11	0	999999	5946
Chr11	1000000	1999999	5721
Chr11	2000000	2999999	4922
Chr11	3000000	3999999	5014
Chr11	4000000	4999999	7519
Chr11	5000000	5999999	6899
Chr11	6000000	6999999	5209
Chr11	7000000	7999999	4086
Chr11	8000000	8999999	6382
Chr11	9000000	9999999	5317
Chr11	10000000	10999999	6209
Chr11	11000000	11999999	5338
Chr11	12000000	12999999	4316
Chr11	13000000	13999999	7899
Chr11	14000000	14999999	3682
Chr11	15000000	15999999	4315
Chr11	16000000	16999999	3592
Chr11	17000000	17999999	5366
Chr11	18000000	18999999	5351
Chr11	19000000	19999999	6559
Chr11	20000000	20999999	6510
Chr11	21000000	21999999	5618
Chr11	22000000	22999999	5486
Chr11	23000000	23999999	5926
Chr11	24000000	24999999	7359
Chr11	25000000	25999999	6748
Chr11	26000000	26999999	5973
Chr11	27000000	27999999	5431
Chr11	28000000	28999999	5417
Chr11	29000000	29999999	6051
Chr11	30000000	30999999	6547
Chr11	31000000	31999999	4878
Chr11	32000000	32999999	5391
Chr11	33000000	33999999	7895
Chr11	34000000	34999999	5126
Chr11	35000000	35999999	5041
Chr11	36000000	36999999	4812
Chr11	37000000	37999999	6226
Chr11	38000000	38999999	4058
Chr11	39000000	39999999	5597
Chr11	40000000	40999999	7192
Chr11	41000000	41999999	5715
Chr11	42000000	42999999	5325
Chr11	43000000	43999999	3422
Chr11	44000000	44999999	4178
Chr11	45000000	45999999	6591
Chr11	46000000	46999999	5880
Chr11	47000000	47999999	6659
Chr11	48000000	48999999	5792
Chr11	49000000	49999999	6398
Chr11	50000000	50685131	3572
Chr18	0	999999	5530
Chr18	1000000	1999999	6859
Chr18	2000000	2999999	6414
Chr18	3000000	3999999	4590
Chr18	4000000	4999999	5255
Chr18	5000000	5999999	4997
Chr18	6000000	6999999	3936
Chr18	7000000	7999999	6397
Chr18	8000000	8999999	6617
Chr18	9000000	9999999	5597
Chr18	10000000	10999999	6075
Chr18	11000000	11999999	6228
Chr18	12000000	12999999	6482
Chr18	13000000	13999999	6859
Chr18	14000000	14999999	7118
Chr18	15000000	15999999	6765
Chr18	16000000	16999999	4297
Chr18	17000000	17999999	4765
Chr18	18000000	18999999	5920
Chr18	19000000	19999999	5416
Chr18	20000000	20999999	4896
Chr18	21000000	21999999	4387
Chr18	22000000	22999999	4871
Chr18	23000000	23999999	5332
Chr18	24000000	24999999	5052
Chr18	25000000	25999999	5967
Chr18	26000000	26999999	4944
Chr18	27000000	27842185	5255
Chr4	0	999999	4482
Chr4	1000000	1999999	4278
Chr4	2000000	2999999	6237
Chr4	3000000	3999999	7293
Chr4	4000000	4999999	5638
Chr4	5000000	5999999	5664
Chr4	6000000	6999999	2812
Chr4	7000000	7999999	6025
Chr4	8000000	8999999	4108
Chr4	9000000	9999999	4884
Chr4	10000000	10999999	4878
Chr4	11000000	11999999	5200
Chr4	12000000	12999999	5522
Chr4	13000000	13999999	6213
Chr4	14000000	14999999	5178
Chr4	15000000	15999999	5493
Chr4	16000000	16999999	7116
Chr4	17000000	17999999	4356
Chr4	18000000	18999999	6304
Chr4	19000000	19999999	4564
Chr4	20000000	20999999	5396
Chr4	21000000	21999999	5351
Chr4	22000000	22999999	5101
Chr4	23000000	23999999	5479
Chr4	24000000	24999999	5021
Chr4	25000000	25999999	5027
Chr4	26000000	26999999	8553
Chr4	27000000	27999999	5128
Chr4	28000000	28999999	5161
Chr4	29000000	29999999	6656
Chr4	30000000	30999999	5425
Chr4	31000000	31999999	5495
Chr4	32000000	32999999	5087
Chr4	33000000	33999999	4687
Chr4	34000000	34999999	6239
Chr4	35000000	35999999	5097
Chr4	36000000	36999999	5431
Chr4	37000000	37999999	5381
Chr4	38000000	38999999	5841
Chr4	39000000	39999999	5271
Chr4	40000000	40999999	5695
Chr4	41000000	41999999	6163
Chr4	42000000	42999999	6493
Chr4	43000000	43999999	4468
Chr4	44000000	44999999	4944
Chr4	45000000	45999999	6180
Chr4	46000000	46999999	4413
Chr4	47000000	47999999	4960
Chr4	48000000	48999999	7289
Chr4	49000000	49999999	5922
Chr4	50000000	50051714	292
Chr5	0	999999	2944
Chr5	1000000	1999999	4071
Chr5	2000000	2999999	5310
Chr5	3000000	3999999	7352
Chr5	4000000	4999999	5223
Chr5	5000000	5999999	5990
Chr5	6000000	6999999	5723
Chr5	7000000	7999999	6070
Chr5	8000000	8999999	6475
Chr5	9000000	9999999	6685
Chr5	10000000	10999999	6239
Chr5	11000000	11999999	5849
Chr5	12000000	12999999	5164
Chr5	13000000	13999999	6241
Chr5	14000000	14999999	7900
Chr5	15000000	15999999	6069
Chr5	16000000	16999999	5911
Chr5	17000000	17999999	5383
Chr5	18000000	18999999	6440
Chr5	19000000	19999999	8049
Chr5	20000000	20999999	5687
Chr5	21000000	21999999	4873
Chr5	22000000	22999999	5146
Chr5	23000000	23999999	6047
Chr5	24000000	24999999	7338
Chr5	25000000	25999999	5312
Chr5	26000000	26999999	5896
Chr5	27000000	27999999	4803
Chr5	28000000	28999999	4377
Chr5	29000000	29999999	4648
Chr5	30000000	30999999	4154
Chr5	31000000	31999999	3190
Chr5	32000000	32999999	6183
Chr5	33000000	33999999	7228
Chr5	34000000	34999999	4353
Chr5	35000000	35999999	4300
Chr5	36000000	36999999	4002
Chr5	37000000	37999999	3554
Chr5	38000000	38999999	5919
Chr5	39000000	39999999	4270
Chr5	40000000	40999999	5009
Chr5	41000000	41999999	3422
Chr5	42000000	42999999	5808
Chr5	43000000	43999999	8299
Chr5	44000000	44999999	5985
Chr5	45000000	45443526	1946
Chr13	0	999999	5805
Chr13	1000000	1999999	5305
Chr13	2000000	2999999	6440
Chr13	3000000	3999999	4739
Chr13	4000000	4999999	4987
Chr13	5000000	5999999	5455
Chr13	6000000	6999999	6073
Chr13	7000000	7999999	4944
Chr13	8000000	8999999	5680
Chr13	9000000	9999999	6255
Chr13	10000000	10999999	5396
Chr13	11000000	11999999	5558
Chr13	12000000	12999999	6813
Chr13	13000000	13999999	7888
Chr13	14000000	14999999	6383
Chr13	15000000	15999999	5471
Chr13	16000000	16999999	6585
Chr13	17000000	17999999	5395
Chr13	18000000	18999999	7187
Chr13	19000000	19999999	4948
Chr13	20000000	20999999	5069
Chr13	21000000	21999999	7825
Chr13	22000000	22999999	6280
Chr13	23000000	23999999	5218
Chr13	24000000	24999999	6112
Chr13	25000000	25667229	3412
Chr9	0	999999	3949
Chr9	1000000	1999999	5524
Chr9	2000000	2999999	4830
Chr9	3000000	3999999	5620
Chr9	4000000	4999999	5450
Chr9	5000000	5999999	6225
Chr9	6000000	6999999	6591
Chr9	7000000	7999999	5814
Chr9	8000000	8999999	4698
Chr9	9000000	9999999	4622
Chr9	10000000	10999999	3936
Chr9	11000000	11999999	5600
Chr9	12000000	12999999	6978
Chr9	13000000	13999999	5903
Chr9	14000000	14999999	5039
Chr9	15000000	15999999	4372
Chr9	16000000	16999999	4945
Chr9	17000000	17999999	4754
Chr9	18000000	18999999	4369
Chr9	19000000	19999999	5075
Chr9	20000000	20999999	6225
Chr9	21000000	21999999	4087
Chr9	22000000	22999999	7362
Chr9	23000000	23999999	5311
Chr9	24000000	24999999	6626
Chr9	25000000	25999999	6458
Chr9	26000000	26999999	4216
Chr9	27000000	27999999	5582
Chr9	28000000	28999999	4598
Chr9	29000000	29999999	4926
Chr9	30000000	30999999	6626
Chr9	31000000	31999999	4384
Chr9	32000000	32999999	4676
Chr9	33000000	33999999	5582
Chr9	34000000	34999999	5239
Chr9	35000000	35999999	5277
Chr9	36000000	36999999	6285
Chr9	37000000	37999999	5392
Chr9	38000000	38999999	5608
Chr9	39000000	39999999	6764
Chr9	40000000	40999999	6006
Chr9	41000000	41999999	6138
Chr9	42000000	42999999	4396
Chr9	43000000	43999999	4081
Chr9	44000000	44999999	4754
Chr9	45000000	45999999	5172
Chr9	46000000	46999999	6466
Chr9	47000000	47999999	4086
Chr9	48000000	48999999	4863
Chr9	49000000	49999999	5531
Chr9	50000000	50999999	5072
Chr9	51000000	51999999	4954
Chr9	52000000	52999999	4245
Chr9	53000000	53999999	4644
Chr9	54000000	54999999	5439
Chr9	55000000	55551413	3359
Chr15	0	999999	6130
Chr15	1000000	1999999	6203
Chr15	2000000	2999999	6593
Chr15	3000000	3999999	5375
Chr15	4000000	4999999	3576
Chr15	5000000	5999999	6281
Chr15	6000000	6999999	5503
Chr15	7000000	7999999	4810
Chr15	8000000	8999999	5499
Chr15	9000000	9999999	4574
Chr15	10000000	10999999	5165
Chr15	11000000	11999999	4864
Chr15	12000000	12999999	4240
Chr15	13000000	13456278	3075
Chr6	0	999999	4282
Chr6	1000000	1999999	4886
Chr6	2000000	2999999	5223
Chr6	3000000	3999999	7573
Chr6	4000000	4999999	5782
Chr6	5000000	5999999	6575
Chr6	6000000	6999999	6608
Chr6	7000000	7999999	5621
Chr6	8000000	8999999	6929
Chr6	9000000	9999999	6329
Chr6	10000000	10999999	6937
Chr6	11000000	11999999	5783
Chr6	12000000	12999999	5786
Chr6	13000000	13999999	4761
Chr6	14000000	14999999	6382
Chr6	15000000	15999999	5783
Chr6	16000000	16999999	7077
Chr6	17000000	17999999	6231
Chr6	18000000	18999999	6547
Chr6	19000000	19999999	5835
Chr6	20000000	20999999	7835
Chr6	21000000	21999999	6512
Chr6	22000000	22999999	6299
Chr6	23000000	23999999	7088
Chr6	24000000	24999999	4254
Chr6	25000000	25999999	5905
Chr6	26000000	26999999	6459
Chr6	27000000	27999999	5131
Chr6	28000000	28999999	6947
Chr6	29000000	29999999	7589
Chr6	30000000	30999999	5565
Chr6	31000000	31999999	6372
Chr6	32000000	32999999	4684
Chr6	33000000	33999999	5106
Chr6	34000000	34999999	5262
Chr6	35000000	35772468	4118
Chr12	0	999999	5914
Chr12	1000000	1999999	5033
Chr12	2000000	2999999	6671
Chr12	3000000	3999999	6361
Chr12	4000000	4999999	3556
Chr12	5000000	5999999	5514
Chr12	6000000	6999999	4584
Chr12	7000000	7999999	5834
Chr12	8000000	8999999	4545
Chr12	9000000	9999999	4318
Chr12	10000000	10999999	4979
Chr12	11000000	11999999	5165
Chr12	12000000	12999999	6190
Chr12	13000000	13999999	4469
Chr12	14000000	14999999	6052
Chr12	15000000	15999999	7712
Chr12	16000000	16999999	5838
Chr12	17000000	17999999	5102
Chr12	18000000	18999999	4003
Chr12	19000000	19999999	4661
Chr12	20000000	20999999	4687
Chr12	21000000	21999999	5676
Chr12	22000000	22999999	6007
Chr12	23000000	23999999	6187
Chr12	24000000	24999999	5397
Chr12	25000000	25999999	5976
Chr12	26000000	26999999	6293
Chr12	27000000	27999999	6862
Chr12	28000000	28999999	5137
Chr12	29000000	29999999	6963
Chr12	30000000	30999999	3737
Chr12	31000000	31999999	5478
Chr12	32000000	32552834	2076
Chr16	0	999999	6901
Chr16	1000000	1999999	6590
Chr16	2000000	2999999	6075
Chr16	3000000	3999999	7377
Chr16	4000000	4999999	8241
Chr16	5000000	5999999	6183
Chr16	6000000	6999999	5766
Chr16	7000000	7999999	4601
Chr16	8000000	8999999	4128
Chr16	9000000	9999999	4256
Chr16	10000000	10999999	5867
Chr16	11000000	11999999	3450
Chr16	12000000	12999999	4981
Chr16	13000000	13999999	6055
Chr16	14000000	14999999	4558
Chr16	15000000	15999999	5124
Chr16	16000000	16999999	5900
Chr16	17000000	17999999	4368
Chr16	18000000	18999999	5119
Chr16	19000000	19999999	5181
Chr16	20000000	20999999	6555
Chr16	21000000	21999999	6907
Chr16	22000000	22999999	4449
Chr16	23000000	23999999	5494
Chr16	24000000	24999999	6599
Chr16	25000000	25999999	5429
Chr16	26000000	26999999	5433
Chr16	27000000	27999999	5352
Chr16	28000000	28459215	2107
