Chr1	0	999999	-0.100798834
Chr1	1000000	1999999	0.923860869
Chr1	2000000	2999999	0.052757122
Chr1	3000000	3999999	0.057075801
Chr1	4000000	4999999	-0.070446545
Chr1	5000000	5999999	-0.05618058
Chr1	6000000	6999999	-0.096538178
Chr1	7000000	7999999	-0.094683269
Chr1	8000000	8999999	0.330754002
Chr1	9000000	9999999	-0.054820102
Chr1	10000000	10999999	-0.069776544
Chr1	11000000	11999999	0.194921254
Chr1	12000000	12999999	-0.080539165
Chr1	13000000	13999999	-0.079372581
Chr1	14000000	14999999	-0.063157984
Chr1	15000000	15999999	-0.130481262
Chr1	16000000	16999999	-0.05946641
Chr1	17000000	17999999	0.011479342
Chr1	18000000	18999999	-0.053827735
Chr1	19000000	19999999	-0.059437786
Chr1	20000000	20999999	0.021006988
Chr1	21000000	21999999	-0.082271554
Chr1	22000000	22999999	-0.113156925
Chr1	23000000	23999999	-0.012299021
Chr1	24000000	24999999	0.052668295
Chr1	25000000	25999999	0.089305268
Chr1	26000000	26999999	0.260322206
Chr1	27000000	27999999	-0.047632232
Chr1	28000000	28999999	0.083553768
Chr1	29000000	29999999	0.101964099
Chr1	30000000	30999999	0.448712938
Chr1	31000000	31999999	-0.022327721
Chr1	32000000	32999999	-0.1349781
Chr1	33000000	33999999	0.064012075
Chr1	34000000	34999999	0.00047661
Chr1	35000000	35999999	0.197631139
Chr1	36000000	36999999	0.032499459
Chr1	37000000	37999999	-0.096080725
Chr1	38000000	38999999	-0.093043223
Chr1	39000000	39999999	-0.08361369
Chr1	40000000	40999999	-0.128718612
Chr1	41000000	41999999	-0.056705936
Chr1	42000000	42999999	-0.049297589
Chr1	43000000	43999999	-0.124144514
Chr1	44000000	44999999	-0.061393336
Chr1	45000000	45999999	-0.085943843
Chr1	46000000	46999999	-0.101789221
Chr1	47000000	47999999	-0.127224449
Chr1	48000000	48999999	-0.054167273
Chr1	49000000	49999999	-0.084688562
Chr1	50000000	50999999	-0.099252981
Chr1	51000000	51999999	-0.10521221
Chr1	52000000	52999999	-0.057949785
Chr1	53000000	53999999	-0.047270131
Chr1	54000000	54999999	-0.065793743
Chr1	55000000	55999999	-0.002500659
Chr1	56000000	56999999	-0.082052885
Chr1	57000000	57999999	-0.090251435
Chr1	58000000	58999999	-0.050820477
Chr1	59000000	59999999	-0.053293236
Chr1	60000000	60999999	0.241482436
Chr1	61000000	61999999	0.210223446
Chr1	62000000	62999999	-0.058696167
Chr1	63000000	63999999	-0.032585871
Chr1	64000000	64999999	-0.029196542
Chr1	65000000	65999999	-0.082456058
Chr1	66000000	66999999	-0.04525479
Chr1	67000000	67999999	0.099533347
Chr1	68000000	68999999	-0.105497615
Chr1	69000000	69999999	-0.131465982
Chr1	70000000	70999999	-0.097709716
Chr1	71000000	71999999	-0.010693109
Chr1	72000000	72999999	0.066987999
Chr1	73000000	73999999	0.022879905
Chr1	74000000	74999999	-0.049914598
Chr1	75000000	75999999	0.071387923
Chr1	76000000	76999999	-0.018919846
Chr1	77000000	77999999	-0.102460078
Chr1	78000000	78999999	-0.064859825
Chr1	79000000	79999999	0.144194418
Chr1	80000000	80999999	-0.098002567
Chr1	81000000	81999999	-0.084431195
Chr1	82000000	82999999	-0.103501961
Chr1	83000000	83999999	-0.06525138
Chr1	84000000	84999999	-0.102895598
Chr1	85000000	85999999	-0.077320269
Chr1	86000000	86999999	-0.066304679
Chr1	87000000	87999999	-0.089588499
Chr1	88000000	88999999	-0.062266467
Chr1	89000000	89999999	-0.112770197
Chr1	90000000	90999999	-0.092937033
Chr1	91000000	91999999	-0.083932795
Chr1	92000000	92999999	-0.037809777
Chr1	93000000	93999999	-0.093941753
Chr1	94000000	94999999	-0.078415953
Chr1	95000000	95999999	-0.035816207
Chr1	96000000	96999999	0.563846066
Chr1	97000000	97999999	-0.108167147
Chr1	98000000	98999999	-0.106066158
Chr1	99000000	99999999	-0.075428415
Chr1	100000000	100999999	-0.001282753
Chr1	101000000	101999999	-0.075266274
Chr1	102000000	102999999	0.295779257
Chr1	103000000	103999999	-0.082992674
Chr1	104000000	104999999	-0.082440121
Chr1	105000000	105999999	-0.002176858
Chr1	106000000	106999999	0.025457921
Chr1	107000000	107999999	-0.089983279
Chr1	108000000	108999999	-0.031463925
Chr1	109000000	109999999	-0.082799605
Chr1	110000000	110999999	-0.122324119
Chr1	111000000	111999999	-0.090709631
Chr1	112000000	112999999	0.063164222
Chr1	113000000	113999999	-0.021409014
Chr1	114000000	114999999	0.069474642
Chr1	115000000	115999999	-0.061918073
Chr1	116000000	116999999	-0.151899532
Chr1	117000000	117999999	-0.011959666
Chr1	118000000	118073833	0
Chr10	0	999999	0.023165997
Chr10	1000000	1999999	-0.140998621
Chr10	2000000	2999999	-0.050552722
Chr10	3000000	3999999	-0.085807106
Chr10	4000000	4999999	0.005896146
Chr10	5000000	5999999	-0.065527264
Chr10	6000000	6999999	-0.046573567
Chr10	7000000	7999999	-0.029102545
Chr10	8000000	8999999	-0.042368579
Chr10	9000000	9999999	0.073058118
Chr10	10000000	10999999	-0.07958185
Chr10	11000000	11999999	0.015412076
Chr10	12000000	12999999	0.011189679
Chr10	13000000	13999999	-0.018674265
Chr10	14000000	14999999	-0.006197798
Chr10	15000000	15999999	0.050958773
Chr10	16000000	16999999	0.002116231
Chr10	17000000	17999999	-0.002363038
Chr10	18000000	18999999	0.061382825
Chr10	19000000	19999999	0.102592557
Chr10	20000000	20999999	0.034273844
Chr10	21000000	21999999	-0.043248579
Chr10	22000000	22999999	0.067195352
Chr10	23000000	23999999	0.136896878
Chr10	24000000	24999999	-0.102183072
Chr10	25000000	25999999	-0.074778752
Chr10	26000000	26999999	-0.050716657
Chr10	27000000	27999999	0.001606667
Chr10	28000000	28999999	0.182517102
Chr10	29000000	29999999	0.80230393
Chr10	30000000	30999999	0.019309928
Chr10	31000000	31999999	0.026751198
Chr10	32000000	32999999	-0.056341759
Chr10	33000000	33999999	0.063461685
Chr10	34000000	34999999	0.072544057
Chr10	35000000	35999999	-0.114165357
Chr10	36000000	36999999	-0.129813614
Chr10	37000000	37999999	-0.071561326
Chr10	38000000	38999999	-0.077537826
Chr10	39000000	39999999	-0.040297144
Chr10	40000000	40999999	-0.151740406
Chr10	41000000	41999999	-0.132643313
Chr10	42000000	42999999	0.027297026
Chr10	43000000	43999999	-0.124590691
Chr10	44000000	44999999	-0.134163286
Chr10	45000000	45999999	-0.120421815
Chr10	46000000	46999999	0.141974377
Chr10	47000000	47999999	-0.021739487
Chr10	48000000	48999999	-0.044047525
Chr10	49000000	49999999	-0.113700861
Chr10	50000000	50999999	0.019390493
Chr10	51000000	51999999	-0.11049532
Chr10	52000000	52999999	-0.047135725
Chr10	53000000	53999999	0.321097143
Chr10	54000000	54999999	0.095398787
Chr10	55000000	55999999	-0.141880774
Chr10	56000000	56999999	0.079673427
Chr10	57000000	57983155	-0.028558541
Chr11	0	999999	-0.046909916
Chr11	1000000	1999999	-0.026005336
Chr11	2000000	2999999	-0.102080146
Chr11	3000000	3999999	0.025653022
Chr11	4000000	4999999	-0.083719204
Chr11	5000000	5999999	0.164401886
Chr11	6000000	6999999	-0.138611437
Chr11	7000000	7999999	-0.066365812
Chr11	8000000	8999999	-0.082840453
Chr11	9000000	9999999	-0.005939037
Chr11	10000000	10999999	0.617974025
Chr11	11000000	11999999	0.372647946
Chr11	12000000	12999999	0.045497895
Chr11	13000000	13999999	-0.13327289
Chr11	14000000	14999999	-0.026370183
Chr11	15000000	15999999	-0.08403977
Chr11	16000000	16999999	-0.058678764
Chr11	17000000	17999999	-0.067878289
Chr11	18000000	18999999	-0.101658461
Chr11	19000000	19999999	-0.054075309
Chr11	20000000	20999999	0.013454504
Chr11	21000000	21999999	-0.093147755
Chr11	22000000	22999999	-0.108372856
Chr11	23000000	23999999	-0.013605651
Chr11	24000000	24999999	-0.04586415
Chr11	25000000	25999999	0.087772005
Chr11	26000000	26999999	-0.112562284
Chr11	27000000	27999999	-0.066188701
Chr11	28000000	28999999	-0.055489481
Chr11	29000000	29999999	-0.124488658
Chr11	30000000	30999999	-0.089789019
Chr11	31000000	31999999	-0.048127457
Chr11	32000000	32999999	-0.063720148
Chr11	33000000	33999999	-0.117896899
Chr11	34000000	34999999	-0.10827439
Chr11	35000000	35999999	-0.124840196
Chr11	36000000	36999999	-0.046297207
Chr11	37000000	37999999	0.004834035
Chr11	38000000	38999999	0.046313692
Chr11	39000000	39999999	-0.085536361
Chr11	40000000	40999999	-0.074632594
Chr11	41000000	41999999	-0.125714818
Chr11	42000000	42999999	-0.058948997
Chr11	43000000	43999999	-0.156705627
Chr11	44000000	44999999	-0.02499449
Chr11	45000000	45999999	-0.04690095
Chr11	46000000	46999999	0.013854423
Chr11	47000000	47999999	0.079584234
Chr11	48000000	48999999	0.312819201
Chr11	49000000	49999999	-0.068240922
Chr11	50000000	50685131	-0.12010764
Chr12	0	999999	-0.090162683
Chr12	1000000	1999999	-0.047578687
Chr12	2000000	2999999	0.003517644
Chr12	3000000	3999999	0.028035188
Chr12	4000000	4999999	-0.067904084
Chr12	5000000	5999999	0.006536008
Chr12	6000000	6999999	-0.072127323
Chr12	7000000	7999999	0.123760684
Chr12	8000000	8999999	0.006026565
Chr12	9000000	9999999	-0.058629867
Chr12	10000000	10999999	-0.193355682
Chr12	11000000	11999999	0.334135996
Chr12	12000000	12999999	-0.023025435
Chr12	13000000	13999999	-0.015606731
Chr12	14000000	14999999	-0.060133452
Chr12	15000000	15999999	-0.058334317
Chr12	16000000	16999999	-0.103843271
Chr12	17000000	17999999	-0.005940938
Chr12	18000000	18999999	-0.058615374
Chr12	19000000	19999999	-0.041579235
Chr12	20000000	20999999	-0.021305863
Chr12	21000000	21999999	-0.063439414
Chr12	22000000	22999999	-0.055057228
Chr12	23000000	23999999	-0.002644555
Chr12	24000000	24999999	0.066889975
Chr12	25000000	25999999	0.064130694
Chr12	26000000	26999999	0.037021797
Chr12	27000000	27999999	-0.064055424
Chr12	28000000	28999999	-0.079710946
Chr12	29000000	29999999	-0.117653311
Chr12	30000000	30999999	-0.042114241
Chr12	31000000	31999999	-0.00180332
Chr12	32000000	32552834	-0.074725293
Chr13	0	999999	-0.125116126
Chr13	1000000	1999999	0.048272352
Chr13	2000000	2999999	-0.059547949
Chr13	3000000	3999999	-0.060649126
Chr13	4000000	4999999	0.08694593
Chr13	5000000	5999999	-0.101601327
Chr13	6000000	6999999	0.203760665
Chr13	7000000	7999999	-0.041437829
Chr13	8000000	8999999	-0.048819779
Chr13	9000000	9999999	-0.077393957
Chr13	10000000	10999999	0.186455559
Chr13	11000000	11999999	-0.041247047
Chr13	12000000	12999999	-0.017846616
Chr13	13000000	13999999	-0.121394088
Chr13	14000000	14999999	0.014190494
Chr13	15000000	15999999	-0.085311383
Chr13	16000000	16999999	0.134891889
Chr13	17000000	17999999	0.004950957
Chr13	18000000	18999999	-0.088757306
Chr13	19000000	19999999	-0.053003962
Chr13	20000000	20999999	0.22482874
Chr13	21000000	21999999	0.411802784
Chr13	22000000	22999999	0.378685195
Chr13	23000000	23999999	0.000510575
Chr13	24000000	24999999	0.095899593
Chr13	25000000	25667229	-0.102367126
Chr14	0	999999	-0.005335014
Chr14	1000000	1999999	-0.032570564
Chr14	2000000	2999999	-0.018693287
Chr14	3000000	3999999	-0.081147704
Chr14	4000000	4999999	-0.10322387
Chr14	5000000	5999999	-0.11119377
Chr14	6000000	6999999	0.296142876
Chr14	7000000	7999999	-0.060833302
Chr14	8000000	8999999	-0.085399464
Chr14	9000000	9999999	0.296991251
Chr14	10000000	10999999	0.072889831
Chr14	11000000	11999999	0.066441478
Chr14	12000000	12999999	0.22906078
Chr14	13000000	13999999	0.115811018
Chr14	14000000	14999999	-0.125291672
Chr14	15000000	15999999	-0.08131049
Chr14	16000000	16999999	0.331669193
Chr14	17000000	17999999	0.46751731
Chr14	18000000	18999999	-0.087272308
Chr14	19000000	19999999	-0.082974694
Chr14	20000000	20999999	-0.095830561
Chr14	21000000	21999999	-0.046305216
Chr14	22000000	22999999	-0.065853166
Chr14	23000000	23999999	-0.063362901
Chr14	24000000	24999999	0.225124594
Chr14	25000000	25999999	-0.119504524
Chr14	26000000	26999999	-0.056085367
Chr14	27000000	27999999	-0.017378535
Chr14	28000000	28999999	-0.087356645
Chr14	29000000	29999999	-0.0375286
Chr14	30000000	30999999	-0.058232538
Chr14	31000000	31999999	-0.013235524
Chr14	32000000	32999999	-0.104795392
Chr14	33000000	33999999	0.035054761
Chr14	34000000	34999999	0.294906064
Chr14	35000000	35999999	0.024105105
Chr14	36000000	36999999	-0.06041995
Chr14	37000000	37999999	-0.111427328
Chr14	38000000	38999999	0.0455663
Chr14	39000000	39999999	-0.112371101
Chr14	40000000	40999999	-0.127914781
Chr14	41000000	41999999	-0.037653857
Chr14	42000000	42999999	-0.081913956
Chr14	43000000	43999999	-0.040287089
Chr14	44000000	44999999	-0.034596567
Chr14	45000000	45999999	0.039730573
Chr14	46000000	46999999	-0.108254336
Chr14	47000000	47999999	0.133626344
Chr14	48000000	48999999	-0.006233087
Chr14	49000000	49999999	0.414715951
Chr14	50000000	50999999	0.021570874
Chr14	51000000	51999999	-0.071984096
Chr14	52000000	52999999	-0.060256104
Chr14	53000000	53685928	0.337397751
Chr15	0	999999	0.192966561
Chr15	1000000	1999999	-0.087569856
Chr15	2000000	2999999	0.104765468
Chr15	3000000	3999999	-0.068809661
Chr15	4000000	4999999	-0.065851069
Chr15	5000000	5999999	0.030549237
Chr15	6000000	6999999	-0.07328458
Chr15	7000000	7999999	0.186357658
Chr15	8000000	8999999	0.048061555
Chr15	9000000	9999999	-0.013604655
Chr15	10000000	10999999	0.077787253
Chr15	11000000	11999999	0.154188348
Chr15	12000000	12999999	-0.060639626
Chr15	13000000	13456277	-0.080585155
Chr16	0	999999	0.135015465
Chr16	1000000	1999999	0.024651154
Chr16	2000000	2999999	0.558945626
Chr16	3000000	3999999	0.112913259
Chr16	4000000	4999999	-0.082741339
Chr16	5000000	5999999	-0.038534174
Chr16	6000000	6999999	-0.022000286
Chr16	7000000	7999999	-0.093691636
Chr16	8000000	8999999	-0.072515751
Chr16	9000000	9999999	0.001505806
Chr16	10000000	10999999	-0.02339606
Chr16	11000000	11999999	-0.11728676
Chr16	12000000	12999999	-0.017743835
Chr16	13000000	13999999	0.076014052
Chr16	14000000	14999999	-0.105912022
Chr16	15000000	15999999	-0.08905633
Chr16	16000000	16999999	-0.05096123
Chr16	17000000	17999999	-0.085657271
Chr16	18000000	18999999	-0.047753172
Chr16	19000000	19999999	-0.102638192
Chr16	20000000	20999999	-0.016877839
Chr16	21000000	21999999	-0.104959376
Chr16	22000000	22999999	-0.129503905
Chr16	23000000	23999999	0.232117334
Chr16	24000000	24999999	0.044295116
Chr16	25000000	25999999	0.110675788
Chr16	26000000	26999999	0.092909715
Chr16	27000000	27999999	-0.009506493
Chr16	28000000	28459215	0.198196722
Chr17	0	999999	0.01918747
Chr17	1000000	1999999	-0.050207635
Chr17	2000000	2999999	0.231193042
Chr17	3000000	3999999	0.125245069
Chr17	4000000	4999999	-0.11653318
Chr17	5000000	5999999	-0.067547743
Chr17	6000000	6999999	-0.05480454
Chr17	7000000	7999999	0.000887751
Chr17	8000000	8999999	-0.029454471
Chr17	9000000	9999999	-0.115919635
Chr17	10000000	10999999	-0.064154137
Chr17	11000000	11999999	0.005499811
Chr17	12000000	12999999	-0.058146407
Chr17	13000000	13999999	-0.127863214
Chr17	14000000	14999999	-0.037569265
Chr17	15000000	15999999	-0.09765929
Chr17	16000000	16999999	-0.073520646
Chr17	17000000	17999999	0.02515292
Chr17	18000000	18999999	-0.048462324
Chr17	19000000	19999999	-0.000766118
Chr17	20000000	20999999	-0.070105206
Chr17	21000000	21999999	-0.070402887
Chr17	22000000	22999999	-0.070597847
Chr17	23000000	23999999	0.03307233
Chr17	24000000	24999999	-0.070163302
Chr17	25000000	25999999	-0.10346609
Chr17	26000000	26999999	0.073098533
Chr17	27000000	27999999	0.19866797
Chr17	28000000	28999999	0.05440559
Chr17	29000000	29999999	0.135105159
Chr17	30000000	30999999	0.030261653
Chr17	31000000	31999999	-0.083332602
Chr17	32000000	32999999	0.074740175
Chr17	33000000	33999999	-0.103395114
Chr17	34000000	34999999	-0.106847702
Chr17	35000000	35999999	-0.105928547
Chr17	36000000	36999999	-0.12261586
Chr17	37000000	37999999	-0.090043086
Chr17	38000000	38999999	-0.065996858
Chr17	39000000	39999999	-0.1153721
Chr17	40000000	40999999	0.054680336
Chr17	41000000	41999999	-0.085073319
Chr17	42000000	42403734	-0.190354067
Chr18	0	999999	-0.04377042
Chr18	1000000	1999999	-0.115258863
Chr18	2000000	2999999	-0.027507569
Chr18	3000000	3999999	-0.046622993
Chr18	4000000	4999999	-0.058674985
Chr18	5000000	5999999	-0.115316027
Chr18	6000000	6999999	-0.050580145
Chr18	7000000	7999999	0.193697025
Chr18	8000000	8999999	-0.06008807
Chr18	9000000	9999999	-0.055419116
Chr18	10000000	10999999	0.048674224
Chr18	11000000	11999999	-0.039834166
Chr18	12000000	12999999	-0.146943957
Chr18	13000000	13999999	-0.005396321
Chr18	14000000	14999999	0.040666828
Chr18	15000000	15999999	0.017428531
Chr18	16000000	16999999	0.011110041
Chr18	17000000	17999999	0.004735711
Chr18	18000000	18999999	0.013246128
Chr18	19000000	19999999	-0.052729816
Chr18	20000000	20999999	0.330577703
Chr18	21000000	21999999	-0.103781699
Chr18	22000000	22999999	-0.091219045
Chr18	23000000	23999999	0.070920281
Chr18	24000000	24999999	0.169055737
Chr18	25000000	25999999	0.200522465
Chr18	26000000	26999999	-0.026080667
Chr18	27000000	27842185	-0.018951507
Chr19	0	999999	-0.083229261
Chr19	1000000	1999999	-0.095277506
Chr19	2000000	2999999	0.07110839
Chr19	3000000	3999999	-0.077710559
Chr19	4000000	4999999	-0.092409613
Chr19	5000000	5999999	-0.057302031
Chr19	6000000	6999999	0.227568834
Chr19	7000000	7999999	-0.050145962
Chr19	8000000	8999999	-0.061448502
Chr19	9000000	9999999	-0.102702428
Chr19	10000000	10999999	0.3599144
Chr19	11000000	11999999	-0.059771236
Chr19	12000000	12999999	-0.062534313
Chr19	13000000	13999999	0.131946419
Chr19	14000000	14999999	0.058153265
Chr19	15000000	15999999	-0.08358564
Chr19	16000000	16999999	-0.123500887
Chr19	17000000	17999999	0.003780474
Chr19	18000000	18999999	-0.019959467
Chr19	19000000	19701765	-0.062377111
Chr2	0	999999	0.232431501
Chr2	1000000	1999999	0.017969054
Chr2	2000000	2999999	-0.094987418
Chr2	3000000	3999999	-0.049193168
Chr2	4000000	4999999	0.075723351
Chr2	5000000	5999999	0.175088186
Chr2	6000000	6999999	0.008933571
Chr2	7000000	7999999	-0.078350477
Chr2	8000000	8999999	0.155160478
Chr2	9000000	9999999	0.026477537
Chr2	10000000	10999999	-0.089323919
Chr2	11000000	11999999	-0.175095231
Chr2	12000000	12999999	-0.01611423
Chr2	13000000	13999999	0.249587344
Chr2	14000000	14999999	-0.129167455
Chr2	15000000	15999999	0.164547351
Chr2	16000000	16999999	-0.007965523
Chr2	17000000	17999999	-0.059364525
Chr2	18000000	18999999	-0.005543607
Chr2	19000000	19999999	-0.094535587
Chr2	20000000	20999999	0.142343472
Chr2	21000000	21999999	-0.11033333
Chr2	22000000	22999999	-0.073286671
Chr2	23000000	23999999	-0.10143007
Chr2	24000000	24999999	-0.014299586
Chr2	25000000	25999999	-0.157479655
Chr2	26000000	26999999	-0.080377688
Chr2	27000000	27999999	-0.041591719
Chr2	28000000	28999999	0.375128347
Chr2	29000000	29999999	-0.042543249
Chr2	30000000	30999999	0.203094319
Chr2	31000000	31999999	-0.031800272
Chr2	32000000	32999999	0.036281953
Chr2	33000000	33999999	-0.106810546
Chr2	34000000	34999999	-0.139201038
Chr2	35000000	35999999	-0.051952431
Chr2	36000000	36999999	-0.049098082
Chr2	37000000	37999999	-0.065548887
Chr2	38000000	38999999	-0.117020135
Chr2	39000000	39999999	-0.100891887
Chr2	40000000	40999999	-0.069209066
Chr2	41000000	41999999	-0.07174831
Chr2	42000000	42999999	-0.075805944
Chr2	43000000	43999999	-0.042114526
Chr2	44000000	44999999	0.310633631
Chr2	45000000	45999999	0.043874898
Chr2	46000000	46999999	0.196350794
Chr2	47000000	47999999	0.146268069
Chr2	48000000	48999999	-0.045315134
Chr2	49000000	49999999	-0.06444766
Chr2	50000000	50999999	-0.071168106
Chr2	51000000	51999999	0.009715705
Chr2	52000000	52999999	-0.081378873
Chr2	53000000	53999999	0.006457316
Chr2	54000000	54999999	-0.048901516
Chr2	55000000	55999999	-0.095281004
Chr2	56000000	56999999	-0.032770126
Chr2	57000000	57999999	0.148106615
Chr2	58000000	58999999	0.041601797
Chr2	59000000	59999999	-0.044372754
Chr2	60000000	60999999	-0.057073075
Chr2	61000000	61999999	0.23473607
Chr2	62000000	62999999	-0.108027822
Chr2	63000000	63999999	-0.072406078
Chr2	64000000	64999999	0.049758104
Chr2	65000000	65999999	-0.093250106
Chr2	66000000	66999999	-0.081851878
Chr2	67000000	67999999	-0.058325362
Chr2	68000000	68999999	-0.122068703
Chr2	69000000	69999999	-0.004495127
Chr2	70000000	70999999	0.163959854
Chr2	71000000	71999999	-0.098182195
Chr2	72000000	72999999	0.062216279
Chr2	73000000	73999999	-0.024856773
Chr2	74000000	74999999	0.093217312
Chr2	75000000	75999999	-0.002774618
Chr2	76000000	76999999	0.041120816
Chr2	77000000	77999999	-0.064829557
Chr2	78000000	78999999	0.02072187
Chr2	79000000	79999999	-0.123027505
Chr2	80000000	80999999	0.026150461
Chr2	81000000	81999999	0.057195908
Chr2	82000000	82999999	-0.152444161
Chr2	83000000	83999999	-0.079785806
Chr2	84000000	84999999	-0.035792601
Chr2	85000000	85999999	0.019335132
Chr2	86000000	86999999	-0.087978992
Chr2	87000000	87999999	-0.061481484
Chr2	88000000	88999999	0.06076552
Chr2	89000000	89999999	0.083462773
Chr2	90000000	90999999	0.068780677
Chr2	91000000	91999999	0.180042182
Chr2	92000000	92999999	0.142866933
Chr2	93000000	93999999	0.090533936
Chr2	94000000	94999999	-0.077385636
Chr2	95000000	95999999	-0.03097321
Chr2	96000000	96999999	-0.016379604
Chr2	97000000	97999999	0.088884122
Chr2	98000000	98364873	0.007327294
Chr3	0	999999	-0.016321186
Chr3	1000000	1999999	-0.054251637
Chr3	2000000	2999999	0.095254964
Chr3	3000000	3999999	-0.138801094
Chr3	4000000	4999999	-0.084086196
Chr3	5000000	5999999	-0.040858974
Chr3	6000000	6999999	-0.111581847
Chr3	7000000	7999999	-0.080725357
Chr3	8000000	8999999	-0.098011801
Chr3	9000000	9999999	-0.070484758
Chr3	10000000	10999999	-0.121583192
Chr3	11000000	11999999	-0.078890154
Chr3	12000000	12999999	0.024039053
Chr3	13000000	13999999	0.066126538
Chr3	14000000	14999999	-0.044608666
Chr3	15000000	15999999	-0.116099254
Chr3	16000000	16999999	-0.086529612
Chr3	17000000	17999999	0.148241308
Chr3	18000000	18999999	-0.082992154
Chr3	19000000	19999999	-0.081320652
Chr3	20000000	20999999	-0.037048457
Chr3	21000000	21999999	-0.103468246
Chr3	22000000	22999999	-0.103394951
Chr3	23000000	23999999	-0.038279045
Chr3	24000000	24999999	-0.0296158
Chr3	25000000	25999999	-0.068995997
Chr3	26000000	26999999	-0.024948685
Chr3	27000000	27999999	0.190376552
Chr3	28000000	28999999	-0.148273273
Chr3	29000000	29999999	-0.158012346
Chr3	30000000	30999999	0.077821426
Chr3	31000000	31999999	0.332653146
Chr3	32000000	32999999	-0.100710578
Chr3	33000000	33999999	-0.025776334
Chr3	34000000	34999999	0.007773763
Chr3	35000000	35999999	-0.054450844
Chr3	36000000	36999999	-0.029979311
Chr3	37000000	37999999	-0.048046312
Chr3	38000000	38999999	-0.084774646
Chr3	39000000	39999999	-0.072704101
Chr3	40000000	40999999	0.2593551
Chr3	41000000	41999999	-0.056898676
Chr3	42000000	42999999	0.004116236
Chr3	43000000	43999999	0.022982448
Chr3	44000000	44999999	-0.026222872
Chr3	45000000	45999999	-0.07224712
Chr3	46000000	46999999	-0.00576994
Chr3	47000000	47999999	-0.087067269
Chr3	48000000	48999999	0.06030401
Chr3	49000000	49999999	0.243413242
Chr3	50000000	50999999	-0.081325493
Chr3	51000000	51999999	-0.074036308
Chr3	52000000	52999999	0.340093951
Chr3	53000000	53999999	-0.033989803
Chr3	54000000	54999999	0.016637167
Chr3	55000000	55999999	-0.058402125
Chr3	56000000	56999999	-0.071760313
Chr3	57000000	57999999	-0.031232095
Chr3	58000000	58999999	-0.039620925
Chr3	59000000	59999999	0.761445943
Chr3	60000000	60999999	0.389997598
Chr3	61000000	61999999	-0.052122835
Chr3	62000000	62999999	0.152985026
Chr3	63000000	63999999	-0.097892763
Chr3	64000000	64999999	0.197437615
Chr3	65000000	65999999	-0.044309415
Chr3	66000000	66999999	-0.049878838
Chr3	67000000	67999999	-0.097249947
Chr3	68000000	68999999	-0.026280366
Chr3	69000000	69999999	0.514229963
Chr3	70000000	70999999	-0.054281507
Chr3	71000000	71999999	0.048216648
Chr3	72000000	72999999	0.020253763
Chr3	73000000	73999999	0.062302511
Chr3	74000000	74999999	-0.065658875
Chr3	75000000	75999999	0.018533414
Chr3	76000000	76999999	-0.02897133
Chr3	77000000	77999999	0.202614135
Chr3	78000000	78999999	1.177601503
Chr3	79000000	79999999	-0.043236963
Chr3	80000000	80999999	-0.058940315
Chr3	81000000	81999999	0.156949234
Chr3	82000000	82999999	-0.158314432
Chr3	83000000	83999999	-0.061795606
Chr3	84000000	84999999	-0.108413153
Chr3	85000000	85999999	0.162531752
Chr3	86000000	86999999	-0.124269533
Chr3	87000000	87999999	-0.073461593
Chr3	88000000	88999999	-0.000908942
Chr3	89000000	89999999	-0.112092776
Chr3	90000000	90999999	-0.108792743
Chr3	91000000	91999999	0.099939963
Chr3	92000000	92999999	0.068900876
Chr3	93000000	93999999	-0.013052702
Chr3	94000000	94999999	-0.092585472
Chr3	95000000	95999999	-0.009689246
Chr3	96000000	96999999	-0.083629314
Chr3	97000000	97999999	0.112358031
Chr3	98000000	98999999	0.026333505
Chr3	99000000	99999999	-0.07772495
Chr3	100000000	100999999	-0.011410494
Chr3	101000000	101999999	-0.06844235
Chr3	102000000	102999999	-0.064916399
Chr3	103000000	103999999	0.289368893
Chr3	104000000	104999999	0.509223306
Chr3	105000000	105999999	-0.030205414
Chr3	106000000	106999999	-0.003395747
Chr3	107000000	107999999	0.109528711
Chr3	108000000	108999999	-0.07027005
Chr3	109000000	109999999	-0.082525645
Chr3	110000000	110999999	-0.103365281
Chr3	111000000	111999999	-0.05800262
Chr3	112000000	112999999	-0.007374317
Chr3	113000000	113999999	-0.148364826
Chr3	114000000	114999999	-0.010821636
Chr3	115000000	115999999	-0.087068765
Chr3	116000000	116999999	0.006649304
Chr3	117000000	117999999	0.244031045
Chr3	118000000	118999999	-0.097901055
Chr3	119000000	119999999	-0.089378654
Chr3	120000000	120999999	-0.100539002
Chr3	121000000	121999999	0.098858771
Chr3	122000000	122999999	0.107624486
Chr3	123000000	123999999	-0.147950606
Chr3	124000000	124999999	0.017334604
Chr3	125000000	125999999	-0.085760531
Chr3	126000000	126999999	-0.139653416
Chr3	127000000	127999999	-0.091602233
Chr3	128000000	128999999	-0.0245181
Chr3	129000000	129999999	-0.050483303
Chr3	130000000	130999999	-0.003705504
Chr3	131000000	131999999	0.118838171
Chr3	132000000	132999999	-0.073328921
Chr3	133000000	133999999	0.046424119
Chr3	134000000	134999999	0.066758447
Chr3	135000000	135999999	0.077035363
Chr3	136000000	136999999	-0.062761309
Chr3	137000000	137999999	-0.129318072
Chr3	138000000	138999999	-0.079317818
Chr3	139000000	139999999	0.097733507
Chr3	140000000	140999999	0.336391842
Chr3	141000000	141999999	0.009784679
Chr3	142000000	142999999	-0.041290641
Chr3	143000000	143999999	-0.04228355
Chr3	144000000	144999999	-0.081554985
Chr3	145000000	145999999	-0.074525159
Chr3	146000000	146999999	-0.080114868
Chr3	147000000	147999999	-0.110603958
Chr3	148000000	148999999	0.041802188
Chr3	149000000	149999999	-0.031959637
Chr3	150000000	150999999	-0.04894062
Chr3	151000000	151999999	0.004059036
Chr3	152000000	152999999	0.009155829
Chr3	153000000	153999999	-0.010175192
Chr3	154000000	154999999	0.094216563
Chr3	155000000	155999999	0.044355357
Chr3	156000000	156999999	-0.096965093
Chr3	157000000	157999999	-0.019527536
Chr3	158000000	158999999	-0.071811411
Chr3	159000000	159999999	0.149551988
Chr3	160000000	160999999	-0.100045298
Chr3	161000000	161999999	0.114462689
Chr3	162000000	162999999	-0.087572065
Chr3	163000000	163999999	-0.007802854
Chr3	164000000	164999999	-0.058209879
Chr3	165000000	165999999	-0.016695115
Chr3	166000000	166999999	0.024669273
Chr3	167000000	167999999	-0.046226653
Chr3	168000000	168999999	-0.095138398
Chr3	169000000	169999999	0.044919182
Chr3	170000000	170999999	-0.08737039
Chr3	171000000	171999999	-9.81E-06
Chr3	172000000	172999999	-0.063538872
Chr3	173000000	173999999	0.114894048
Chr3	174000000	174999999	-0.015953149
Chr3	175000000	175999999	0.185503866
Chr3	176000000	176999999	-0.012218554
Chr3	177000000	177999999	0.103725144
Chr3	178000000	178999999	-0.047693416
Chr3	179000000	179999999	-0.026054265
Chr3	180000000	180999999	-0.044478118
Chr3	181000000	181999999	0.303441072
Chr3	182000000	182999999	-0.140553471
Chr3	183000000	183999999	0.067517754
Chr3	184000000	184999999	-6.24E-05
Chr3	185000000	185999999	0.148559328
Chr3	186000000	186999999	-0.071227546
Chr3	187000000	187999999	0.424920899
Chr3	188000000	188999999	0.106138669
Chr3	189000000	189999999	0.283322249
Chr3	190000000	190999999	-0.059766698
Chr3	191000000	191999999	0.060948673
Chr3	192000000	192999999	-0.037452105
Chr3	193000000	193999999	0.052411111
Chr3	194000000	194999999	-0.012111284
Chr3	195000000	195999999	0.062946783
Chr3	196000000	196999999	-0.107466252
Chr3	197000000	197999999	-0.082556583
Chr3	198000000	198999999	-0.035187538
Chr3	199000000	199999999	0.233696207
Chr3	200000000	200999999	-0.062894965
Chr3	201000000	201999999	-0.095723766
Chr3	202000000	202999999	1.413965086
Chr3	203000000	203999999	-0.028351708
Chr3	204000000	204999999	-0.090812012
Chr3	205000000	205999999	-0.020966771
Chr3	206000000	206999999	-0.092815032
Chr3	207000000	207093695	-0.151687934
Chr4	0	999999	-0.07013648
Chr4	1000000	1999999	0.203082778
Chr4	2000000	2999999	-0.107195377
Chr4	3000000	3999999	0.060426097
Chr4	4000000	4999999	-0.130583448
Chr4	5000000	5999999	-0.170526696
Chr4	6000000	6999999	0.042432505
Chr4	7000000	7999999	-0.061314665
Chr4	8000000	8999999	-0.142386698
Chr4	9000000	9999999	-0.148402872
Chr4	10000000	10999999	-0.064389191
Chr4	11000000	11999999	-0.051055862
Chr4	12000000	12999999	-0.08945563
Chr4	13000000	13999999	-0.072782316
Chr4	14000000	14999999	-0.049823289
Chr4	15000000	15999999	0.007940878
Chr4	16000000	16999999	-0.042689626
Chr4	17000000	17999999	-0.104473658
Chr4	18000000	18999999	-0.020755547
Chr4	19000000	19999999	-0.119710503
Chr4	20000000	20999999	-0.069965802
Chr4	21000000	21999999	-0.041147299
Chr4	22000000	22999999	-0.060730322
Chr4	23000000	23999999	0.676446581
Chr4	24000000	24999999	-0.102771166
Chr4	25000000	25999999	0.012130426
Chr4	26000000	26999999	-0.020805048
Chr4	27000000	27999999	0.000546199
Chr4	28000000	28999999	-0.127163811
Chr4	29000000	29999999	0.19404919
Chr4	30000000	30999999	-0.019921488
Chr4	31000000	31999999	0.026736954
Chr4	32000000	32999999	0.174913597
Chr4	33000000	33999999	-0.026185623
Chr4	34000000	34999999	-0.088611953
Chr4	35000000	35999999	-0.00125088
Chr4	36000000	36999999	-0.035151054
Chr4	37000000	37999999	0.173839888
Chr4	38000000	38999999	-0.104430531
Chr4	39000000	39999999	0.424367471
Chr4	40000000	40999999	0.257227341
Chr4	41000000	41999999	0.103717547
Chr4	42000000	42999999	-0.039831589
Chr4	43000000	43999999	-0.002404096
Chr4	44000000	44999999	-0.062600958
Chr4	45000000	45999999	0.16463144
Chr4	46000000	46999999	-0.067790455
Chr4	47000000	47999999	-0.087501595
Chr4	48000000	48999999	0.305601101
Chr4	49000000	49999999	0.040547852
Chr4	50000000	50051714	0
Chr5	0	999999	-0.166369852
Chr5	1000000	1999999	-0.092332267
Chr5	2000000	2999999	-0.116594171
Chr5	3000000	3999999	0.008262111
Chr5	4000000	4999999	-0.034218747
Chr5	5000000	5999999	-0.05473045
Chr5	6000000	6999999	-0.035067151
Chr5	7000000	7999999	0.141732457
Chr5	8000000	8999999	0.248555514
Chr5	9000000	9999999	0.135784463
Chr5	10000000	10999999	0.025586735
Chr5	11000000	11999999	-0.013981189
Chr5	12000000	12999999	0.016901717
Chr5	13000000	13999999	-0.016299432
Chr5	14000000	14999999	0.006220216
Chr5	15000000	15999999	0.009835668
Chr5	16000000	16999999	0.284350628
Chr5	17000000	17999999	-0.084281713
Chr5	18000000	18999999	0.476071284
Chr5	19000000	19999999	-0.074613483
Chr5	20000000	20999999	0.277734895
Chr5	21000000	21999999	-0.035414943
Chr5	22000000	22999999	-0.122350535
Chr5	23000000	23999999	-0.044405602
Chr5	24000000	24999999	-0.095526098
Chr5	25000000	25999999	-0.08297427
Chr5	26000000	26999999	0.01350619
Chr5	27000000	27999999	-0.103778461
Chr5	28000000	28999999	-0.015626181
Chr5	29000000	29999999	-0.087754579
Chr5	30000000	30999999	-0.029382755
Chr5	31000000	31999999	0.005281023
Chr5	32000000	32999999	-0.000988731
Chr5	33000000	33999999	0.113746395
Chr5	34000000	34999999	-0.048429386
Chr5	35000000	35999999	-0.086208008
Chr5	36000000	36999999	-0.128216261
Chr5	37000000	37999999	0.143683772
Chr5	38000000	38999999	-0.00704797
Chr5	39000000	39999999	-0.088145589
Chr5	40000000	40999999	-0.063309348
Chr5	41000000	41999999	-0.121062551
Chr5	42000000	42999999	0.011377017
Chr5	43000000	43999999	-0.106569913
Chr5	44000000	44999999	0.044253164
Chr5	45000000	45443526	-0.142347159
Chr6	0	999999	-0.076788296
Chr6	1000000	1999999	-0.060426539
Chr6	2000000	2999999	-0.148015922
Chr6	3000000	3999999	-0.031250255
Chr6	4000000	4999999	0.45042941
Chr6	5000000	5999999	0.082106488
Chr6	6000000	6999999	-0.119971107
Chr6	7000000	7999999	-0.079033844
Chr6	8000000	8999999	0.074848105
Chr6	9000000	9999999	-0.093964247
Chr6	10000000	10999999	-0.122478392
Chr6	11000000	11999999	-0.080866366
Chr6	12000000	12999999	-0.051315784
Chr6	13000000	13999999	0.271015319
Chr6	14000000	14999999	-0.075442797
Chr6	15000000	15999999	0.085344665
Chr6	16000000	16999999	-0.096993318
Chr6	17000000	17999999	-0.135755935
Chr6	18000000	18999999	-0.050866039
Chr6	19000000	19999999	0.033338955
Chr6	20000000	20999999	-0.135220255
Chr6	21000000	21999999	0.534468052
Chr6	22000000	22999999	-0.101320639
Chr6	23000000	23999999	-0.080275279
Chr6	24000000	24999999	-0.110125562
Chr6	25000000	25999999	-0.118184647
Chr6	26000000	26999999	-0.087902009
Chr6	27000000	27999999	-0.074019301
Chr6	28000000	28999999	0.171758971
Chr6	29000000	29999999	-0.053930871
Chr6	30000000	30999999	-0.055943484
Chr6	31000000	31999999	-0.00800092
Chr6	32000000	32999999	-0.05447493
Chr6	33000000	33999999	-0.040558283
Chr6	34000000	34999999	-0.059592732
Chr6	35000000	35772468	0.448744606
Chr7	0	999999	-0.034025271
Chr7	1000000	1999999	-0.065589563
Chr7	2000000	2999999	1.722675532
Chr7	3000000	3999999	-0.057791532
Chr7	4000000	4999999	-0.151442489
Chr7	5000000	5999999	0.100296682
Chr7	6000000	6999999	0.466374824
Chr7	7000000	7999999	0.327104303
Chr7	8000000	8999999	0.141516856
Chr7	9000000	9999999	-0.04316218
Chr7	10000000	10999999	-0.011593995
Chr7	11000000	11999999	-0.088253064
Chr7	12000000	12999999	0.167601373
Chr7	13000000	13999999	-0.034153856
Chr7	14000000	14999999	-0.113130851
Chr7	15000000	15999999	-0.063892596
Chr7	16000000	16999999	-0.066159854
Chr7	17000000	17999999	0.058603145
Chr7	18000000	18999999	-0.009030355
Chr7	19000000	19999999	-0.109937412
Chr7	20000000	20999999	-0.118651307
Chr7	21000000	21999999	-0.093819386
Chr7	22000000	22999999	-0.131368331
Chr7	23000000	23999999	-0.130885119
Chr7	24000000	24999999	-0.097696616
Chr7	25000000	25999999	-0.089886227
Chr7	26000000	26999999	-0.099667586
Chr7	27000000	27999999	-0.096740952
Chr7	28000000	28624509	-0.17415017
Chr8	0	999999	0.046719533
Chr8	1000000	1999999	-0.060334884
Chr8	2000000	2999999	-0.08496953
Chr8	3000000	3999999	-0.097329412
Chr8	4000000	4999999	-0.087840103
Chr8	5000000	5999999	-0.065156162
Chr8	6000000	6999999	0.051062352
Chr8	7000000	7999999	0.007387433
Chr8	8000000	8999999	-0.087584802
Chr8	9000000	9999999	-0.078979026
Chr8	10000000	10999999	0.053275961
Chr8	11000000	11999999	0.373351539
Chr8	12000000	12999999	0.00064794
Chr8	13000000	13999999	-0.046986324
Chr8	14000000	14999999	-0.059600959
Chr8	15000000	15999999	0.005191139
Chr8	16000000	16999999	-0.104806659
Chr8	17000000	17999999	-0.038503343
Chr8	18000000	18999999	0.225910936
Chr8	19000000	19999999	-0.048123551
Chr8	20000000	20999999	-0.043673403
Chr8	21000000	21999999	-0.018107904
Chr8	22000000	22999999	-0.0927066
Chr8	23000000	23999999	0.15372498
Chr8	24000000	24999999	-0.130532141
Chr8	25000000	25999999	-0.117906483
Chr8	26000000	26999999	0.546345737
Chr8	27000000	27999999	-0.048059843
Chr8	28000000	28999999	-0.072281614
Chr8	29000000	29999999	-0.051384716
Chr8	30000000	30999999	-0.059905515
Chr8	31000000	31999999	-0.087605989
Chr8	32000000	32999999	-0.087329794
Chr8	33000000	33999999	-0.060515821
Chr8	34000000	34999999	-0.090789749
Chr8	35000000	35999999	-0.055399817
Chr8	36000000	36999999	-0.088530085
Chr8	37000000	37999999	-0.020670886
Chr8	38000000	38999999	-0.113849205
Chr8	39000000	39999999	-0.028867244
Chr8	40000000	40999999	-0.018830056
Chr8	41000000	41999999	-0.075279107
Chr8	42000000	42999999	-0.014251787
Chr8	43000000	43999999	-0.072396511
Chr8	44000000	44999999	0.334736708
Chr8	45000000	45999999	0.091103634
Chr8	46000000	46999999	0.096289573
Chr8	47000000	47999999	-0.075986618
Chr8	48000000	48999999	-0.075049608
Chr8	49000000	49999999	-0.064154616
Chr8	50000000	50999999	-0.070736339
Chr8	51000000	51999999	-0.11899279
Chr8	52000000	52999999	-0.071188149
Chr8	53000000	53999999	0.053302103
Chr8	54000000	54999999	-0.091982526
Chr8	55000000	55999999	-0.097248886
Chr8	56000000	56999999	0.010337351
Chr8	57000000	57999999	-0.067169826
Chr8	58000000	58999999	0.055109685
Chr8	59000000	59999999	-0.051266541
Chr8	60000000	60999999	-0.054514812
Chr8	61000000	61999999	-0.063012716
Chr8	62000000	62999999	-0.040782513
Chr8	63000000	63999999	-0.061767787
Chr8	64000000	64999999	-0.120618879
Chr8	65000000	65999999	0.007167544
Chr8	66000000	66999999	-0.056492582
Chr8	67000000	67999999	0.144882937
Chr8	68000000	68999999	-0.018801128
Chr8	69000000	69999999	-0.087565287
Chr8	70000000	70999999	-0.038476753
Chr8	71000000	71999999	-0.004643035
Chr8	72000000	72999999	-0.038452243
Chr8	73000000	73999999	0.09418601
Chr8	74000000	74999999	-0.072347865
Chr8	75000000	75999999	-0.108851433
Chr8	76000000	76999999	-0.0305977
Chr8	77000000	77999999	-0.041419076
Chr8	78000000	78999999	-0.041306936
Chr8	79000000	79999999	0.013155651
Chr8	80000000	80999999	0.319649493
Chr8	81000000	81999999	-0.096265035
Chr8	82000000	82999999	-0.105623
Chr8	83000000	83999999	-0.039080076
Chr8	84000000	84999999	-0.069530751
Chr8	85000000	85999999	0.032207328
Chr8	86000000	86999999	0.023705234
Chr8	87000000	87999999	-0.081817857
Chr8	88000000	88999999	0.023026792
Chr8	89000000	89999999	0.01060177
Chr8	90000000	90999999	0.011346401
Chr8	91000000	91999999	0.033391575
Chr8	92000000	92999999	0.126570265
Chr8	93000000	93999999	-0.019563497
Chr8	94000000	94999999	0.376609232
Chr8	95000000	95999999	-0.052814799
Chr8	96000000	96999999	-0.048797875
Chr8	97000000	97999999	-0.077476165
Chr8	98000000	98999999	0.077271403
Chr8	99000000	99999999	-0.013609779
Chr8	100000000	100999999	0.106184262
Chr8	101000000	101999999	-0.015140777
Chr8	102000000	102999999	-0.069721042
Chr8	103000000	103999999	-0.006710433
Chr8	104000000	104999999	-0.08852932
Chr8	105000000	105999999	-0.078667416
Chr8	106000000	106999999	-0.050517574
Chr8	107000000	107999999	-0.065727085
Chr8	108000000	108999999	-0.072074392
Chr8	109000000	109999999	-0.128730465
Chr8	110000000	110999999	-0.082585708
Chr8	111000000	111999999	-0.073776855
Chr8	112000000	112999999	-0.019876885
Chr8	113000000	113999999	-0.0662745
Chr8	114000000	114999999	-0.086346114
Chr8	115000000	115999999	-0.093847465
Chr8	116000000	116999999	-0.02637066
Chr8	117000000	117999999	-0.026388319
Chr8	118000000	118999999	-0.02733047
Chr8	119000000	119999999	0.009322133
Chr8	120000000	120999999	-0.067670413
Chr8	121000000	121999999	-0.066806729
Chr8	122000000	122999999	-0.091444983
Chr8	123000000	123999999	-0.090754905
Chr8	124000000	124999999	0.212821342
Chr8	125000000	125999999	-0.051198649
Chr8	126000000	126999999	-0.072578952
Chr8	127000000	127999999	-0.002108041
Chr8	128000000	128999999	0.002253565
Chr8	129000000	129999999	0.041262886
Chr8	130000000	130999999	-0.037117891
Chr8	131000000	131999999	-0.129551299
Chr8	132000000	132999999	-0.087648417
Chr8	133000000	133999999	0.059482466
Chr8	134000000	134999999	-0.062654443
Chr8	135000000	135999999	0.0413911
Chr8	136000000	136999999	0.059704934
Chr8	137000000	137999999	-0.114029051
Chr8	138000000	138999999	-0.021320434
Chr8	139000000	139999999	0.093373824
Chr8	140000000	140999999	-0.041794213
Chr8	141000000	141999999	-0.142244474
Chr8	142000000	142999999	-0.010649063
Chr8	143000000	143999999	-0.026189611
Chr8	144000000	144999999	0.069427529
Chr8	145000000	145999999	-0.046872303
Chr8	146000000	146999999	-0.015226019
Chr8	147000000	147999999	-0.069273208
Chr8	148000000	148999999	-0.09254034
Chr8	149000000	149999999	-0.089466934
Chr8	150000000	150999999	0.497992932
Chr8	151000000	151999999	0.154921126
Chr8	152000000	152999999	-0.085734527
Chr8	153000000	153999999	0.170405175
Chr8	154000000	154999999	-0.097614035
Chr8	155000000	155999999	-0.051350844
Chr8	156000000	156999999	-0.018953162
Chr8	157000000	157999999	-0.012051713
Chr8	158000000	158999999	2.477012213
Chr8	159000000	159999999	0.579640633
Chr8	160000000	160999999	-0.088384323
Chr8	161000000	161999999	-0.075428466
Chr8	162000000	162999999	0.156153912
Chr8	163000000	163999999	0.251091028
Chr8	164000000	164999999	-0.046863461
Chr8	165000000	165999999	1.288526598
Chr8	166000000	166999999	-0.06770983
Chr8	167000000	167999999	-0.04597158
Chr8	168000000	168999999	-0.09887456
Chr8	169000000	169999999	0.00878709
Chr8	170000000	170999999	0.196930341
Chr8	171000000	171999999	0.06363025
Chr8	172000000	172999999	-0.024193635
Chr8	173000000	173999999	-0.040263352
Chr8	174000000	174999999	-0.02779864
Chr8	175000000	175999999	0.01729568
Chr8	176000000	176999999	-0.012137716
Chr8	177000000	177999999	-0.016511535
Chr8	178000000	178999999	-0.047512775
Chr8	179000000	179999999	-0.024170021
Chr8	180000000	180999999	-0.096256558
Chr8	181000000	181999999	-0.090382897
Chr8	182000000	182999999	-0.166170657
Chr8	183000000	183999999	-0.103030975
Chr8	184000000	184999999	-0.035607182
Chr8	185000000	185999999	-0.133831668
Chr8	186000000	186999999	-0.052646317
Chr8	187000000	187999999	-0.026353331
Chr8	188000000	188999999	-0.083219997
Chr8	189000000	189999999	-0.033057005
Chr8	190000000	190999999	-0.10580739
Chr8	191000000	191999999	0.037159476
Chr8	192000000	192999999	0.231444994
Chr8	193000000	193999999	0.022942241
Chr8	194000000	194999999	0.327345798
Chr8	195000000	195669025	-0.019510917
Chr9	0	999999	-0.055330477
Chr9	1000000	1999999	-0.003291808
Chr9	2000000	2999999	-0.030582749
Chr9	3000000	3999999	-0.09899155
Chr9	4000000	4999999	0.098260924
Chr9	5000000	5999999	0.204742572
Chr9	6000000	6999999	0.024725078
Chr9	7000000	7999999	-0.091009619
Chr9	8000000	8999999	0.15993501
Chr9	9000000	9999999	0.076614848
Chr9	10000000	10999999	0.048058921
Chr9	11000000	11999999	-0.041119195
Chr9	12000000	12999999	0.045607927
Chr9	13000000	13999999	0.232520209
Chr9	14000000	14999999	0.002060023
Chr9	15000000	15999999	-0.027902608
Chr9	16000000	16999999	0.007862842
Chr9	17000000	17999999	0.058116532
Chr9	18000000	18999999	-0.08509575
Chr9	19000000	19999999	0.25966299
Chr9	20000000	20999999	-0.0697606
Chr9	21000000	21999999	0.035690015
Chr9	22000000	22999999	-0.099443932
Chr9	23000000	23999999	-0.106042638
Chr9	24000000	24999999	-0.100890281
Chr9	25000000	25999999	0.01019317
Chr9	26000000	26999999	-0.066344839
Chr9	27000000	27999999	0.197353264
Chr9	28000000	28999999	-0.145008649
Chr9	29000000	29999999	-0.03718696
Chr9	30000000	30999999	0.051583311
Chr9	31000000	31999999	-0.09681503
Chr9	32000000	32999999	-0.120942146
Chr9	33000000	33999999	0.461679082
Chr9	34000000	34999999	-0.039059925
Chr9	35000000	35999999	-0.093315203
Chr9	36000000	36999999	-0.014631008
Chr9	37000000	37999999	-0.008385026
Chr9	38000000	38999999	-0.010212129
Chr9	39000000	39999999	-0.069070334
Chr9	40000000	40999999	-0.001075959
Chr9	41000000	41999999	-0.016378522
Chr9	42000000	42999999	-0.079974595
Chr9	43000000	43999999	-0.050294233
Chr9	44000000	44999999	-0.048528556
Chr9	45000000	45999999	-0.179236954
Chr9	46000000	46999999	-0.061722156
Chr9	47000000	47999999	-0.044411492
Chr9	48000000	48999999	0.076366808
Chr9	49000000	49999999	-0.039989932
Chr9	50000000	50999999	-0.09383057
Chr9	51000000	51999999	-0.107066235
Chr9	52000000	52999999	0.035288238
Chr9	53000000	53999999	0.068744526
Chr9	54000000	54999999	-0.099278272
Chr9	55000000	55551413	-0.053771086