Chr1	0	999999	-0.034313604
Chr1	1000000	1999999	0.125535196
Chr1	2000000	2999999	0.01613731
Chr1	3000000	3999999	0.008174369
Chr1	4000000	4999999	-0.027210524
Chr1	5000000	5999999	-0.033035785
Chr1	6000000	6999999	-0.042340623
Chr1	7000000	7999999	-0.048953358
Chr1	8000000	8999999	-0.03680413
Chr1	9000000	9999999	-0.044139297
Chr1	10000000	10999999	-0.039199894
Chr1	11000000	11999999	0.018028787
Chr1	12000000	12999999	-0.039800556
Chr1	13000000	13999999	-0.027197929
Chr1	14000000	14999999	-0.035674602
Chr1	15000000	15999999	-0.051704988
Chr1	16000000	16999999	-0.027548275
Chr1	17000000	17999999	-0.029298935
Chr1	18000000	18999999	-0.030648556
Chr1	19000000	19999999	-0.009203389
Chr1	20000000	20999999	0.01178176
Chr1	21000000	21999999	-0.037174476
Chr1	22000000	22999999	-0.027827774
Chr1	23000000	23999999	-0.02876048
Chr1	24000000	24999999	0.039707318
Chr1	25000000	25999999	0.012753284
Chr1	26000000	26999999	0.257213189
Chr1	27000000	27999999	-0.024187544
Chr1	28000000	28999999	-0.013264558
Chr1	29000000	29999999	-0.022796891
Chr1	30000000	30999999	-0.036442654
Chr1	31000000	31999999	-0.019652155
Chr1	32000000	32999999	-0.058618257
Chr1	33000000	33999999	0.020299767
Chr1	34000000	34999999	-0.032127105
Chr1	35000000	35999999	-0.023081366
Chr1	36000000	36999999	-0.027803062
Chr1	37000000	37999999	-0.042365664
Chr1	38000000	38999999	-0.046007207
Chr1	39000000	39999999	-0.040281176
Chr1	40000000	40999999	-0.055193567
Chr1	41000000	41999999	-0.023009711
Chr1	42000000	42999999	-0.046454975
Chr1	43000000	43999999	-0.050000721
Chr1	44000000	44999999	-0.033836988
Chr1	45000000	45999999	-0.041843515
Chr1	46000000	46999999	-0.040960444
Chr1	47000000	47999999	-0.048718393
Chr1	48000000	48999999	-0.027982583
Chr1	49000000	49999999	-0.0415808
Chr1	50000000	50999999	-0.032486162
Chr1	51000000	51999999	-0.045114949
Chr1	52000000	52999999	-0.024403713
Chr1	53000000	53999999	-0.025233917
Chr1	54000000	54999999	-0.037789775
Chr1	55000000	55999999	-0.019051948
Chr1	56000000	56999999	-0.041598429
Chr1	57000000	57999999	-0.036494862
Chr1	58000000	58999999	-0.020873261
Chr1	59000000	59999999	-0.027937631
Chr1	60000000	60999999	0.476976037
Chr1	61000000	61999999	-0.028641376
Chr1	62000000	62999999	-0.030939562
Chr1	63000000	63999999	-0.030507781
Chr1	64000000	64999999	-0.043499033
Chr1	65000000	65999999	-0.039851542
Chr1	66000000	66999999	-0.050423875
Chr1	67000000	67999999	-0.006289089
Chr1	68000000	68999999	-0.034165619
Chr1	69000000	69999999	-0.054506133
Chr1	70000000	70999999	-0.04267901
Chr1	71000000	71999999	0.286365443
Chr1	72000000	72999999	0.005441081
Chr1	73000000	73999999	-0.01705549
Chr1	74000000	74999999	-0.03929594
Chr1	75000000	75999999	-0.015404925
Chr1	76000000	76999999	-0.030609735
Chr1	77000000	77999999	0.067041984
Chr1	78000000	78999999	-0.044606642
Chr1	79000000	79999999	-0.018022418
Chr1	80000000	80999999	-0.050954919
Chr1	81000000	81999999	-0.044314971
Chr1	82000000	82999999	-0.051514726
Chr1	83000000	83999999	0.020074001
Chr1	84000000	84999999	-0.051450648
Chr1	85000000	85999999	-0.035303274
Chr1	86000000	86999999	-0.03037592
Chr1	87000000	87999999	-0.043327859
Chr1	88000000	88999999	-0.032717248
Chr1	89000000	89999999	-0.055619248
Chr1	90000000	90999999	-0.055910094
Chr1	91000000	91999999	-0.023795719
Chr1	92000000	92999999	-0.022416745
Chr1	93000000	93999999	-0.043489455
Chr1	94000000	94999999	-0.03229358
Chr1	95000000	95999999	-0.02146824
Chr1	96000000	96999999	-0.038447836
Chr1	97000000	97999999	-0.044596459
Chr1	98000000	98999999	-0.050146603
Chr1	99000000	99999999	-0.039901185
Chr1	100000000	100999999	0.003093296
Chr1	101000000	101999999	-0.0433815
Chr1	102000000	102999999	0.236693108
Chr1	103000000	103999999	-0.036844594
Chr1	104000000	104999999	-0.04578917
Chr1	105000000	105999999	-0.014320672
Chr1	106000000	106999999	-0.020345473
Chr1	107000000	107999999	-0.037313991
Chr1	108000000	108999999	-0.00781834
Chr1	109000000	109999999	-0.042719267
Chr1	110000000	110999999	-0.058155613
Chr1	111000000	111999999	-0.038636682
Chr1	112000000	112999999	0.019948189
Chr1	113000000	113999999	-0.006117037
Chr1	114000000	114999999	-0.015935175
Chr1	115000000	115999999	-0.044066983
Chr1	116000000	116999999	-0.055597266
Chr1	117000000	117999999	-0.022143255
Chr1	118000000	118073833	0
Chr10	0	999999	-0.026815565
Chr10	1000000	1999999	-0.055203434
Chr10	2000000	2999999	-0.038495503
Chr10	3000000	3999999	-0.014507367
Chr10	4000000	4999999	0.06276056
Chr10	5000000	5999999	-0.028547128
Chr10	6000000	6999999	-0.028838748
Chr10	7000000	7999999	-0.032184648
Chr10	8000000	8999999	-0.027775019
Chr10	9000000	9999999	0.01900815
Chr10	10000000	10999999	-0.049491325
Chr10	11000000	11999999	-0.029297312
Chr10	12000000	12999999	-0.010137222
Chr10	13000000	13999999	-0.002282699
Chr10	14000000	14999999	-0.034504572
Chr10	15000000	15999999	-0.018323589
Chr10	16000000	16999999	-0.020128237
Chr10	17000000	17999999	0.028481802
Chr10	18000000	18999999	-0.021610325
Chr10	19000000	19999999	-0.010753458
Chr10	20000000	20999999	-0.018530502
Chr10	21000000	21999999	-0.023030999
Chr10	22000000	22999999	0.032921731
Chr10	23000000	23999999	-0.002443007
Chr10	24000000	24999999	-0.035956057
Chr10	25000000	25999999	-0.031922553
Chr10	26000000	26999999	-0.029297822
Chr10	27000000	27999999	-0.005006667
Chr10	28000000	28999999	0.026708247
Chr10	29000000	29999999	0.104646145
Chr10	30000000	30999999	-0.001507399
Chr10	31000000	31999999	-0.007243316
Chr10	32000000	32999999	0.000118754
Chr10	33000000	33999999	-0.015442325
Chr10	34000000	34999999	0.005377997
Chr10	35000000	35999999	-0.047742541
Chr10	36000000	36999999	-0.048850342
Chr10	37000000	37999999	-0.040247674
Chr10	38000000	38999999	-0.03014559
Chr10	39000000	39999999	-0.020687976
Chr10	40000000	40999999	-0.065337949
Chr10	41000000	41999999	-0.065600863
Chr10	42000000	42999999	0.040976118
Chr10	43000000	43999999	-0.05627714
Chr10	44000000	44999999	-0.048586419
Chr10	45000000	45999999	-0.04784167
Chr10	46000000	46999999	-0.006746255
Chr10	47000000	47999999	-0.021880653
Chr10	48000000	48999999	-0.02790667
Chr10	49000000	49999999	-0.055434102
Chr10	50000000	50999999	-0.033571725
Chr10	51000000	51999999	-0.051635592
Chr10	52000000	52999999	-0.044991126
Chr10	53000000	53999999	-0.004677615
Chr10	54000000	54999999	-0.006232231
Chr10	55000000	55999999	-0.04522647
Chr10	56000000	56999999	-0.015531294
Chr10	57000000	57983155	-0.02220819
Chr11	0	999999	-0.030017766
Chr11	1000000	1999999	-0.030083042
Chr11	2000000	2999999	-0.035814797
Chr11	3000000	3999999	0.029866777
Chr11	4000000	4999999	-0.035807365
Chr11	5000000	5999999	-0.045608709
Chr11	6000000	6999999	-0.049101792
Chr11	7000000	7999999	-0.024879506
Chr11	8000000	8999999	-0.044413327
Chr11	9000000	9999999	-0.012471431
Chr11	10000000	10999999	0.154699835
Chr11	11000000	11999999	0.025137512
Chr11	12000000	12999999	-0.006824742
Chr11	13000000	13999999	-0.036299005
Chr11	14000000	14999999	-0.030718849
Chr11	15000000	15999999	-0.035362053
Chr11	16000000	16999999	-0.037992802
Chr11	17000000	17999999	-0.032253978
Chr11	18000000	18999999	0.01535535
Chr11	19000000	19999999	-0.028388684
Chr11	20000000	20999999	-0.013044327
Chr11	21000000	21999999	-0.046181972
Chr11	22000000	22999999	-0.048840106
Chr11	23000000	23999999	-0.027866833
Chr11	24000000	24999999	-0.026266635
Chr11	25000000	25999999	0.009759134
Chr11	26000000	26999999	-0.048844813
Chr11	27000000	27999999	-0.032139777
Chr11	28000000	28999999	-0.036467312
Chr11	29000000	29999999	-0.057870332
Chr11	30000000	30999999	-0.048578563
Chr11	31000000	31999999	-0.03783274
Chr11	32000000	32999999	-0.019892264
Chr11	33000000	33999999	-0.059834334
Chr11	34000000	34999999	-0.046437644
Chr11	35000000	35999999	-0.045209914
Chr11	36000000	36999999	-0.035259079
Chr11	37000000	37999999	0.006601007
Chr11	38000000	38999999	-0.012320246
Chr11	39000000	39999999	-0.034202038
Chr11	40000000	40999999	-0.042930148
Chr11	41000000	41999999	-0.033077633
Chr11	42000000	42999999	-0.029067269
Chr11	43000000	43999999	-0.066576456
Chr11	44000000	44999999	-0.02247009
Chr11	45000000	45999999	-0.018177486
Chr11	46000000	46999999	-0.037326554
Chr11	47000000	47999999	0.371149892
Chr11	48000000	48999999	0.192557643
Chr11	49000000	49999999	-0.033762671
Chr11	50000000	50685131	-0.049502686
Chr12	0	999999	-0.037102987
Chr12	1000000	1999999	0.009324659
Chr12	2000000	2999999	0.159812617
Chr12	3000000	3999999	0.061453943
Chr12	4000000	4999999	-0.051956336
Chr12	5000000	5999999	-0.031905923
Chr12	6000000	6999999	0.056983353
Chr12	7000000	7999999	0.014364438
Chr12	8000000	8999999	-0.021347553
Chr12	9000000	9999999	-0.043751878
Chr12	10000000	10999999	-0.076482054
Chr12	11000000	11999999	0.006634239
Chr12	12000000	12999999	0.025690374
Chr12	13000000	13999999	-0.008811661
Chr12	14000000	14999999	-0.033906844
Chr12	15000000	15999999	-0.023729449
Chr12	16000000	16999999	-0.040231317
Chr12	17000000	17999999	-0.025263042
Chr12	18000000	18999999	0.020362351
Chr12	19000000	19999999	-0.040503697
Chr12	20000000	20999999	-0.00363806
Chr12	21000000	21999999	-0.039182446
Chr12	22000000	22999999	-0.030675291
Chr12	23000000	23999999	-0.031353577
Chr12	24000000	24999999	-0.047319335
Chr12	25000000	25999999	-0.028770325
Chr12	26000000	26999999	-0.024972542
Chr12	27000000	27999999	-0.023916549
Chr12	28000000	28999999	-0.023122737
Chr12	29000000	29999999	-0.043467265
Chr12	30000000	30999999	-0.024916766
Chr12	31000000	31999999	-0.020809999
Chr12	32000000	32552834	-0.037358317
Chr13	0	999999	-0.047026236
Chr13	1000000	1999999	-0.036879133
Chr13	2000000	2999999	-0.034973734
Chr13	3000000	3999999	-0.032063049
Chr13	4000000	4999999	-0.021309956
Chr13	5000000	5999999	-0.040140981
Chr13	6000000	6999999	0.07470793
Chr13	7000000	7999999	-0.035718536
Chr13	8000000	8999999	0.017681032
Chr13	9000000	9999999	-0.054795283
Chr13	10000000	10999999	0.056870826
Chr13	11000000	11999999	-0.017401246
Chr13	12000000	12999999	-0.033378719
Chr13	13000000	13999999	-0.040203008
Chr13	14000000	14999999	-0.03030166
Chr13	15000000	15999999	-0.055273279
Chr13	16000000	16999999	0.006967826
Chr13	17000000	17999999	-0.009456315
Chr13	18000000	18999999	-0.03577632
Chr13	19000000	19999999	-0.0327688
Chr13	20000000	20999999	0.039384803
Chr13	21000000	21999999	0.001130831
Chr13	22000000	22999999	0.016126731
Chr13	23000000	23999999	-0.026917134
Chr13	24000000	24999999	-0.009383855
Chr13	25000000	25667229	-0.022159048
Chr14	0	999999	-0.014364692
Chr14	1000000	1999999	-0.015355545
Chr14	2000000	2999999	-0.001592041
Chr14	3000000	3999999	-0.046103273
Chr14	4000000	4999999	-0.03256239
Chr14	5000000	5999999	-0.040493505
Chr14	6000000	6999999	0.255575653
Chr14	7000000	7999999	-0.008105316
Chr14	8000000	8999999	-0.034693031
Chr14	9000000	9999999	0.059220102
Chr14	10000000	10999999	-0.019340577
Chr14	11000000	11999999	0.006607052
Chr14	12000000	12999999	0.044866377
Chr14	13000000	13999999	0.020039598
Chr14	14000000	14999999	-0.064868216
Chr14	15000000	15999999	-0.041567649
Chr14	16000000	16999999	0.451025387
Chr14	17000000	17999999	0.116766929
Chr14	18000000	18999999	-0.044149516
Chr14	19000000	19999999	-0.042376121
Chr14	20000000	20999999	-0.043662748
Chr14	21000000	21999999	-0.007372489
Chr14	22000000	22999999	-0.004069541
Chr14	23000000	23999999	-0.048434215
Chr14	24000000	24999999	0.02026555
Chr14	25000000	25999999	-0.058871554
Chr14	26000000	26999999	-0.031859922
Chr14	27000000	27999999	0.098327804
Chr14	28000000	28999999	-0.04282914
Chr14	29000000	29999999	-0.033547869
Chr14	30000000	30999999	-0.034464789
Chr14	31000000	31999999	0.006938059
Chr14	32000000	32999999	-0.036719646
Chr14	33000000	33999999	-0.000411341
Chr14	34000000	34999999	-0.020538644
Chr14	35000000	35999999	-0.002534011
Chr14	36000000	36999999	-0.02947903
Chr14	37000000	37999999	-0.043573028
Chr14	38000000	38999999	0.050365514
Chr14	39000000	39999999	-0.042614138
Chr14	40000000	40999999	-0.0674198
Chr14	41000000	41999999	-0.020634186
Chr14	42000000	42999999	-0.014736976
Chr14	43000000	43999999	-0.0223815
Chr14	44000000	44999999	-0.020812749
Chr14	45000000	45999999	0.195590512
Chr14	46000000	46999999	-0.033775538
Chr14	47000000	47999999	0.140478141
Chr14	48000000	48999999	0.009002723
Chr14	49000000	49999999	0.011210867
Chr14	50000000	50999999	-0.036373613
Chr14	51000000	51999999	-0.036127716
Chr14	52000000	52999999	0.002438562
Chr14	53000000	53685928	-0.007905302
Chr15	0	999999	-0.030106596
Chr15	1000000	1999999	-0.041513556
Chr15	2000000	2999999	0.057759828
Chr15	3000000	3999999	-0.025792334
Chr15	4000000	4999999	-0.026430482
Chr15	5000000	5999999	-0.017705272
Chr15	6000000	6999999	-0.031309827
Chr15	7000000	7999999	0.021085841
Chr15	8000000	8999999	0.29091914
Chr15	9000000	9999999	-0.012143205
Chr15	10000000	10999999	-0.033051612
Chr15	11000000	11999999	-0.000762913
Chr15	12000000	12999999	-0.032036431
Chr15	13000000	13456277	-0.037191561
Chr16	0	999999	0.002902521
Chr16	1000000	1999999	0.023089093
Chr16	2000000	2999999	0.044918278
Chr16	3000000	3999999	-0.031672129
Chr16	4000000	4999999	-0.040629377
Chr16	5000000	5999999	-0.036800513
Chr16	6000000	6999999	0.032243681
Chr16	7000000	7999999	-0.031951103
Chr16	8000000	8999999	-0.028468477
Chr16	9000000	9999999	-0.014554754
Chr16	10000000	10999999	0.042729969
Chr16	11000000	11999999	-0.045538984
Chr16	12000000	12999999	-0.006153794
Chr16	13000000	13999999	-0.03536984
Chr16	14000000	14999999	-0.04267707
Chr16	15000000	15999999	-0.039958795
Chr16	16000000	16999999	-0.015258399
Chr16	17000000	17999999	-0.040269689
Chr16	18000000	18999999	0.00624271
Chr16	19000000	19999999	-0.04976203
Chr16	20000000	20999999	-0.024862906
Chr16	21000000	21999999	-0.03926008
Chr16	22000000	22999999	-0.054006175
Chr16	23000000	23999999	0.029394013
Chr16	24000000	24999999	-0.044969407
Chr16	25000000	25999999	0.10675036
Chr16	26000000	26999999	0.0184707
Chr16	27000000	27999999	-0.007283354
Chr16	28000000	28459215	-0.006590422
Chr17	0	999999	0.008147836
Chr17	1000000	1999999	-0.053147213
Chr17	2000000	2999999	0.015587809
Chr17	3000000	3999999	0.03525842
Chr17	4000000	4999999	-0.031298749
Chr17	5000000	5999999	-0.03845002
Chr17	6000000	6999999	-0.036970076
Chr17	7000000	7999999	-0.019442676
Chr17	8000000	8999999	0.792445298
Chr17	9000000	9999999	-0.0536821
Chr17	10000000	10999999	-0.020926248
Chr17	11000000	11999999	-0.019167008
Chr17	12000000	12999999	-0.023779437
Chr17	13000000	13999999	-0.039328889
Chr17	14000000	14999999	-0.030794021
Chr17	15000000	15999999	-0.040989847
Chr17	16000000	16999999	-0.020624223
Chr17	17000000	17999999	-0.010165518
Chr17	18000000	18999999	-0.028673352
Chr17	19000000	19999999	-0.015334878
Chr17	20000000	20999999	-0.024797435
Chr17	21000000	21999999	-0.034985589
Chr17	22000000	22999999	-0.036574381
Chr17	23000000	23999999	0.015867311
Chr17	24000000	24999999	-0.037558033
Chr17	25000000	25999999	-0.018866176
Chr17	26000000	26999999	0.045017376
Chr17	27000000	27999999	0.012102688
Chr17	28000000	28999999	-0.0061082
Chr17	29000000	29999999	0.365193676
Chr17	30000000	30999999	0.084436355
Chr17	31000000	31999999	-0.019277204
Chr17	32000000	32999999	0.011622372
Chr17	33000000	33999999	-0.066298249
Chr17	34000000	34999999	-0.040664772
Chr17	35000000	35999999	-0.04549562
Chr17	36000000	36999999	-0.054902081
Chr17	37000000	37999999	-0.041214361
Chr17	38000000	38999999	-0.039007845
Chr17	39000000	39999999	-0.057147374
Chr17	40000000	40999999	-0.006678868
Chr17	41000000	41999999	-0.044070404
Chr17	42000000	42403734	-0.076489369
Chr18	0	999999	-0.025327809
Chr18	1000000	1999999	-0.03532643
Chr18	2000000	2999999	0.030099869
Chr18	3000000	3999999	-0.023670795
Chr18	4000000	4999999	-0.021273168
Chr18	5000000	5999999	-0.038769751
Chr18	6000000	6999999	-0.015848552
Chr18	7000000	7999999	0.034617328
Chr18	8000000	8999999	-0.013542791
Chr18	9000000	9999999	-0.005296993
Chr18	10000000	10999999	0.028291053
Chr18	11000000	11999999	-0.002895343
Chr18	12000000	12999999	-0.061963958
Chr18	13000000	13999999	-0.001004664
Chr18	14000000	14999999	0.053928674
Chr18	15000000	15999999	-0.007875743
Chr18	16000000	16999999	-0.017207016
Chr18	17000000	17999999	-0.011256759
Chr18	18000000	18999999	-0.020308525
Chr18	19000000	19999999	-0.03914561
Chr18	20000000	20999999	-0.015391664
Chr18	21000000	21999999	-0.042939204
Chr18	22000000	22999999	-0.04683814
Chr18	23000000	23999999	-0.015550019
Chr18	24000000	24999999	-0.005713107
Chr18	25000000	25999999	-0.039772647
Chr18	26000000	26999999	-0.020948651
Chr18	27000000	27842185	-0.005438386
Chr19	0	999999	-0.046302637
Chr19	1000000	1999999	-0.036595307
Chr19	2000000	2999999	0.011484528
Chr19	3000000	3999999	-0.030781582
Chr19	4000000	4999999	-0.036713205
Chr19	5000000	5999999	-0.026137806
Chr19	6000000	6999999	-0.043169627
Chr19	7000000	7999999	-0.032978326
Chr19	8000000	8999999	-0.034967218
Chr19	9000000	9999999	-0.049714082
Chr19	10000000	10999999	0.014050305
Chr19	11000000	11999999	-0.02452842
Chr19	12000000	12999999	-0.034146272
Chr19	13000000	13999999	-0.017258836
Chr19	14000000	14999999	0.013806576
Chr19	15000000	15999999	-0.046144417
Chr19	16000000	16999999	-0.055067124
Chr19	17000000	17999999	-0.021695794
Chr19	18000000	18999999	0.022041043
Chr19	19000000	19701765	-0.028554463
Chr2	0	999999	-0.023369912
Chr2	1000000	1999999	-0.003891727
Chr2	2000000	2999999	-0.038575247
Chr2	3000000	3999999	-0.017370251
Chr2	4000000	4999999	-0.010758355
Chr2	5000000	5999999	0.037858764
Chr2	6000000	6999999	-0.001921485
Chr2	7000000	7999999	-0.025842244
Chr2	8000000	8999999	-0.014803838
Chr2	9000000	9999999	0.008208472
Chr2	10000000	10999999	-0.039056931
Chr2	11000000	11999999	-0.069763489
Chr2	12000000	12999999	0.106095894
Chr2	13000000	13999999	0.029978781
Chr2	14000000	14999999	-0.057523612
Chr2	15000000	15999999	0.059654307
Chr2	16000000	16999999	0.010099062
Chr2	17000000	17999999	-0.02972832
Chr2	18000000	18999999	-0.010596631
Chr2	19000000	19999999	-0.05043852
Chr2	20000000	20999999	0.072236946
Chr2	21000000	21999999	-0.052144864
Chr2	22000000	22999999	-0.054681435
Chr2	23000000	23999999	0.003635114
Chr2	24000000	24999999	0.000503776
Chr2	25000000	25999999	-0.062727879
Chr2	26000000	26999999	-0.043158773
Chr2	27000000	27999999	-0.024129939
Chr2	28000000	28999999	0.051351188
Chr2	29000000	29999999	0.003100777
Chr2	30000000	30999999	0.522975724
Chr2	31000000	31999999	-0.014275193
Chr2	32000000	32999999	0.015422448
Chr2	33000000	33999999	-0.037437659
Chr2	34000000	34999999	-0.04283974
Chr2	35000000	35999999	-0.049440818
Chr2	36000000	36999999	-0.013954871
Chr2	37000000	37999999	-0.022287298
Chr2	38000000	38999999	-0.043808893
Chr2	39000000	39999999	-0.029973162
Chr2	40000000	40999999	-0.011913346
Chr2	41000000	41999999	-0.011579718
Chr2	42000000	42999999	-0.042428774
Chr2	43000000	43999999	0.001852207
Chr2	44000000	44999999	0.82242632
Chr2	45000000	45999999	-0.016750926
Chr2	46000000	46999999	0.433184028
Chr2	47000000	47999999	0.010013202
Chr2	48000000	48999999	-0.017549627
Chr2	49000000	49999999	-0.038634482
Chr2	50000000	50999999	-0.032616609
Chr2	51000000	51999999	-0.009373443
Chr2	52000000	52999999	-0.044201235
Chr2	53000000	53999999	-0.004836338
Chr2	54000000	54999999	-0.022796688
Chr2	55000000	55999999	-0.052002031
Chr2	56000000	56999999	-0.029734865
Chr2	57000000	57999999	0.016733496
Chr2	58000000	58999999	-0.028145647
Chr2	59000000	59999999	-0.021506945
Chr2	60000000	60999999	-0.027349765
Chr2	61000000	61999999	0.050959177
Chr2	62000000	62999999	-0.010684539
Chr2	63000000	63999999	-0.03931281
Chr2	64000000	64999999	-0.008373217
Chr2	65000000	65999999	-0.037261575
Chr2	66000000	66999999	-0.029458088
Chr2	67000000	67999999	-0.044009085
Chr2	68000000	68999999	-0.037664028
Chr2	69000000	69999999	0.005821049
Chr2	70000000	70999999	-0.01775852
Chr2	71000000	71999999	-0.043532013
Chr2	72000000	72999999	0.010202405
Chr2	73000000	73999999	-0.041069093
Chr2	74000000	74999999	-0.014889407
Chr2	75000000	75999999	-0.024912314
Chr2	76000000	76999999	-0.020517958
Chr2	77000000	77999999	-0.021493346
Chr2	78000000	78999999	0.065645753
Chr2	79000000	79999999	-0.026019762
Chr2	80000000	80999999	0.103912707
Chr2	81000000	81999999	0.612330183
Chr2	82000000	82999999	-0.062575437
Chr2	83000000	83999999	-0.041537128
Chr2	84000000	84999999	-0.028837676
Chr2	85000000	85999999	-0.043072077
Chr2	86000000	86999999	-0.039608561
Chr2	87000000	87999999	-0.041136028
Chr2	88000000	88999999	0.029631144
Chr2	89000000	89999999	0.090477581
Chr2	90000000	90999999	-0.013576508
Chr2	91000000	91999999	0.011891264
Chr2	92000000	92999999	-0.026646757
Chr2	93000000	93999999	-0.004442108
Chr2	94000000	94999999	0.006063687
Chr2	95000000	95999999	-0.03456938
Chr2	96000000	96999999	-0.035814768
Chr2	97000000	97999999	0.010823687
Chr2	98000000	98364873	-0.055654
Chr3	0	999999	-0.019630608
Chr3	1000000	1999999	-0.042568027
Chr3	2000000	2999999	0.019265678
Chr3	3000000	3999999	-0.052660733
Chr3	4000000	4999999	-0.036963019
Chr3	5000000	5999999	-0.014036939
Chr3	6000000	6999999	-0.044931344
Chr3	7000000	7999999	-0.032944827
Chr3	8000000	8999999	-0.052052818
Chr3	9000000	9999999	-0.021577244
Chr3	10000000	10999999	-0.053407743
Chr3	11000000	11999999	-0.033951114
Chr3	12000000	12999999	-0.018219555
Chr3	13000000	13999999	0.012464824
Chr3	14000000	14999999	-0.037002494
Chr3	15000000	15999999	-0.047193539
Chr3	16000000	16999999	-0.027465152
Chr3	17000000	17999999	0.003922445
Chr3	18000000	18999999	-0.04080093
Chr3	19000000	19999999	-0.04269368
Chr3	20000000	20999999	-0.036008768
Chr3	21000000	21999999	-0.044348308
Chr3	22000000	22999999	-0.042662998
Chr3	23000000	23999999	-0.006205238
Chr3	24000000	24999999	-0.01769829
Chr3	25000000	25999999	-0.01875789
Chr3	26000000	26999999	-0.036475
Chr3	27000000	27999999	0.015077085
Chr3	28000000	28999999	-0.06251839
Chr3	29000000	29999999	-0.069611789
Chr3	30000000	30999999	-0.016715622
Chr3	31000000	31999999	0.083693312
Chr3	32000000	32999999	-0.035088893
Chr3	33000000	33999999	-0.035460492
Chr3	34000000	34999999	-0.019233801
Chr3	35000000	35999999	-0.04339779
Chr3	36000000	36999999	0.036323175
Chr3	37000000	37999999	-0.02574693
Chr3	38000000	38999999	-0.03976649
Chr3	39000000	39999999	-0.034644783
Chr3	40000000	40999999	0.285267112
Chr3	41000000	41999999	-0.041587486
Chr3	42000000	42999999	0.022288206
Chr3	43000000	43999999	-0.007916442
Chr3	44000000	44999999	-0.028287848
Chr3	45000000	45999999	-0.044738276
Chr3	46000000	46999999	-0.011937853
Chr3	47000000	47999999	-0.033754948
Chr3	48000000	48999999	-0.037289732
Chr3	49000000	49999999	-0.015244795
Chr3	50000000	50999999	-0.040510376
Chr3	51000000	51999999	-0.025957037
Chr3	52000000	52999999	0.069238855
Chr3	53000000	53999999	-0.028447297
Chr3	54000000	54999999	0.01511002
Chr3	55000000	55999999	-0.033946051
Chr3	56000000	56999999	-0.029676284
Chr3	57000000	57999999	-0.019795255
Chr3	58000000	58999999	-0.037024908
Chr3	59000000	59999999	0.540233509
Chr3	60000000	60999999	0.001448436
Chr3	61000000	61999999	-0.006273375
Chr3	62000000	62999999	0.516594084
Chr3	63000000	63999999	-0.038144739
Chr3	64000000	64999999	-0.013725888
Chr3	65000000	65999999	-0.012931692
Chr3	66000000	66999999	-0.016553996
Chr3	67000000	67999999	-0.024480628
Chr3	68000000	68999999	-0.033406717
Chr3	69000000	69999999	0.2660449
Chr3	70000000	70999999	-0.024315489
Chr3	71000000	71999999	0.018802331
Chr3	72000000	72999999	-0.009652545
Chr3	73000000	73999999	0.003219101
Chr3	74000000	74999999	-0.04329151
Chr3	75000000	75999999	0.000253984
Chr3	76000000	76999999	-0.044240607
Chr3	77000000	77999999	0.031926154
Chr3	78000000	78999999	0.084207461
Chr3	79000000	79999999	-0.038894661
Chr3	80000000	80999999	-0.05164014
Chr3	81000000	81999999	-0.009580099
Chr3	82000000	82999999	-0.06669949
Chr3	83000000	83999999	-0.011590918
Chr3	84000000	84999999	-0.049702682
Chr3	85000000	85999999	0.060683017
Chr3	86000000	86999999	-0.027588772
Chr3	87000000	87999999	0.018466737
Chr3	88000000	88999999	-0.005786219
Chr3	89000000	89999999	-0.041666792
Chr3	90000000	90999999	-0.046617817
Chr3	91000000	91999999	0.018370837
Chr3	92000000	92999999	-0.016660552
Chr3	93000000	93999999	-0.015021071
Chr3	94000000	94999999	-0.047603755
Chr3	95000000	95999999	-0.013996568
Chr3	96000000	96999999	-0.029227979
Chr3	97000000	97999999	0.141708888
Chr3	98000000	98999999	-0.020761899
Chr3	99000000	99999999	-0.035776355
Chr3	100000000	100999999	-0.005970463
Chr3	101000000	101999999	-0.043422162
Chr3	102000000	102999999	-0.045816128
Chr3	103000000	103999999	0.053499217
Chr3	104000000	104999999	0.198945978
Chr3	105000000	105999999	-0.028851702
Chr3	106000000	106999999	0.042441479
Chr3	107000000	107999999	0.003077887
Chr3	108000000	108999999	-0.029984171
Chr3	109000000	109999999	-0.046543282
Chr3	110000000	110999999	-0.044287828
Chr3	111000000	111999999	-0.027545482
Chr3	112000000	112999999	-0.036120997
Chr3	113000000	113999999	-0.061682287
Chr3	114000000	114999999	-0.050266149
Chr3	115000000	115999999	-0.038159539
Chr3	116000000	116999999	-0.013475025
Chr3	117000000	117999999	0.031788087
Chr3	118000000	118999999	-0.045094003
Chr3	119000000	119999999	-0.037760168
Chr3	120000000	120999999	-0.045013424
Chr3	121000000	121999999	0.331205995
Chr3	122000000	122999999	0.03718478
Chr3	123000000	123999999	-0.065994134
Chr3	124000000	124999999	-0.028156587
Chr3	125000000	125999999	-0.055703559
Chr3	126000000	126999999	-0.067676188
Chr3	127000000	127999999	-0.035981007
Chr3	128000000	128999999	-0.027379731
Chr3	129000000	129999999	-0.039172113
Chr3	130000000	130999999	-0.01936075
Chr3	131000000	131999999	-0.005581236
Chr3	132000000	132999999	0.155485377
Chr3	133000000	133999999	-0.016506154
Chr3	134000000	134999999	0.136891296
Chr3	135000000	135999999	0.385135249
Chr3	136000000	136999999	-0.02685675
Chr3	137000000	137999999	-0.01303784
Chr3	138000000	138999999	-0.034449256
Chr3	139000000	139999999	0.005391697
Chr3	140000000	140999999	-0.010902145
Chr3	141000000	141999999	-0.026120409
Chr3	142000000	142999999	-0.023418301
Chr3	143000000	143999999	-0.014604253
Chr3	144000000	144999999	-0.034003679
Chr3	145000000	145999999	-0.009789693
Chr3	146000000	146999999	-0.02737703
Chr3	147000000	147999999	-0.044646717
Chr3	148000000	148999999	-0.028703259
Chr3	149000000	149999999	-0.034155859
Chr3	150000000	150999999	-0.024269939
Chr3	151000000	151999999	-0.001324185
Chr3	152000000	152999999	-0.01762314
Chr3	153000000	153999999	-0.037150122
Chr3	154000000	154999999	0.030460502
Chr3	155000000	155999999	0.004551766
Chr3	156000000	156999999	-0.042933048
Chr3	157000000	157999999	0.160440724
Chr3	158000000	158999999	0.042385037
Chr3	159000000	159999999	-0.003733421
Chr3	160000000	160999999	-0.045799061
Chr3	161000000	161999999	-0.005281758
Chr3	162000000	162999999	-0.044411789
Chr3	163000000	163999999	0.00860792
Chr3	164000000	164999999	-0.039577414
Chr3	165000000	165999999	-0.013686314
Chr3	166000000	166999999	-0.022751811
Chr3	167000000	167999999	-0.026325305
Chr3	168000000	168999999	-0.051605312
Chr3	169000000	169999999	-0.039023103
Chr3	170000000	170999999	0.003259009
Chr3	171000000	171999999	-0.036238001
Chr3	172000000	172999999	0.052155639
Chr3	173000000	173999999	0.067983268
Chr3	174000000	174999999	-0.030386874
Chr3	175000000	175999999	-0.005057549
Chr3	176000000	176999999	-0.027141995
Chr3	177000000	177999999	-0.016091079
Chr3	178000000	178999999	0.169121706
Chr3	179000000	179999999	-0.017783281
Chr3	180000000	180999999	-0.030115722
Chr3	181000000	181999999	0.078334092
Chr3	182000000	182999999	-0.054404566
Chr3	183000000	183999999	-0.006479977
Chr3	184000000	184999999	-0.022800425
Chr3	185000000	185999999	0.551080199
Chr3	186000000	186999999	-0.023820709
Chr3	187000000	187999999	0.042144221
Chr3	188000000	188999999	0.014160014
Chr3	189000000	189999999	0.016648429
Chr3	190000000	190999999	-0.035702818
Chr3	191000000	191999999	0.016750852
Chr3	192000000	192999999	-0.025757316
Chr3	193000000	193999999	-0.017997073
Chr3	194000000	194999999	-0.017014067
Chr3	195000000	195999999	-0.014560188
Chr3	196000000	196999999	-0.048327462
Chr3	197000000	197999999	-0.068546399
Chr3	198000000	198999999	-0.041821259
Chr3	199000000	199999999	0.012306098
Chr3	200000000	200999999	-0.004998523
Chr3	201000000	201999999	-0.017022698
Chr3	202000000	202999999	-0.047895171
Chr3	203000000	203999999	-0.046628322
Chr3	204000000	204999999	-0.035975041
Chr3	205000000	205999999	0.00091082
Chr3	206000000	206999999	0.007985209
Chr3	207000000	207093695	-0.0798943
Chr4	0	999999	-0.045174445
Chr4	1000000	1999999	0.447037034
Chr4	2000000	2999999	-0.043211367
Chr4	3000000	3999999	0.275874864
Chr4	4000000	4999999	-0.045634131
Chr4	5000000	5999999	-0.071630396
Chr4	6000000	6999999	0.024740441
Chr4	7000000	7999999	-0.039303643
Chr4	8000000	8999999	-0.044438789
Chr4	9000000	9999999	-0.057839264
Chr4	10000000	10999999	-0.02598079
Chr4	11000000	11999999	-0.039891498
Chr4	12000000	12999999	-0.034746648
Chr4	13000000	13999999	-0.029491106
Chr4	14000000	14999999	-0.027408614
Chr4	15000000	15999999	-0.000438764
Chr4	16000000	16999999	-0.04381477
Chr4	17000000	17999999	-0.039635422
Chr4	18000000	18999999	-0.032714468
Chr4	19000000	19999999	-0.041927624
Chr4	20000000	20999999	-0.040168588
Chr4	21000000	21999999	0.066949809
Chr4	22000000	22999999	-0.052452854
Chr4	23000000	23999999	0.013637717
Chr4	24000000	24999999	-0.03896031
Chr4	25000000	25999999	-0.026268003
Chr4	26000000	26999999	-0.031553665
Chr4	27000000	27999999	0.008729836
Chr4	28000000	28999999	-0.054445035
Chr4	29000000	29999999	0.037245387
Chr4	30000000	30999999	-0.005367546
Chr4	31000000	31999999	-0.029515481
Chr4	32000000	32999999	0.001704615
Chr4	33000000	33999999	-0.037445733
Chr4	34000000	34999999	-0.013214953
Chr4	35000000	35999999	-0.02141405
Chr4	36000000	36999999	-0.038806374
Chr4	37000000	37999999	0.005423548
Chr4	38000000	38999999	0.002109103
Chr4	39000000	39999999	0.005183989
Chr4	40000000	40999999	0.228429418
Chr4	41000000	41999999	-0.010619428
Chr4	42000000	42999999	-0.032458276
Chr4	43000000	43999999	0.009555389
Chr4	44000000	44999999	-0.050239772
Chr4	45000000	45999999	0.025962864
Chr4	46000000	46999999	-0.040001511
Chr4	47000000	47999999	-0.03807663
Chr4	48000000	48999999	0.083964702
Chr4	49000000	49999999	-0.024242204
Chr4	50000000	50051714	0
Chr5	0	999999	-0.064622277
Chr5	1000000	1999999	-0.033151614
Chr5	2000000	2999999	-0.047976024
Chr5	3000000	3999999	-0.033894789
Chr5	4000000	4999999	0.049054567
Chr5	5000000	5999999	-0.01983756
Chr5	6000000	6999999	0.01157532
Chr5	7000000	7999999	0.05174591
Chr5	8000000	8999999	0.097320123
Chr5	9000000	9999999	0.025077728
Chr5	10000000	10999999	-0.036039371
Chr5	11000000	11999999	0.073024205
Chr5	12000000	12999999	0.054307681
Chr5	13000000	13999999	-0.033924051
Chr5	14000000	14999999	0.193899923
Chr5	15000000	15999999	0.061655967
Chr5	16000000	16999999	0.006680033
Chr5	17000000	17999999	-0.016604817
Chr5	18000000	18999999	0.03209944
Chr5	19000000	19999999	-0.034272034
Chr5	20000000	20999999	-0.008977437
Chr5	21000000	21999999	-0.022420761
Chr5	22000000	22999999	-0.052650537
Chr5	23000000	23999999	-0.029111965
Chr5	24000000	24999999	-0.030536948
Chr5	25000000	25999999	-0.038277171
Chr5	26000000	26999999	-0.049391672
Chr5	27000000	27999999	-0.042983927
Chr5	28000000	28999999	-0.012542586
Chr5	29000000	29999999	-0.035890509
Chr5	30000000	30999999	-0.019676117
Chr5	31000000	31999999	-0.031786289
Chr5	32000000	32999999	0.02449832
Chr5	33000000	33999999	0.045633082
Chr5	34000000	34999999	0.007957845
Chr5	35000000	35999999	-0.046306424
Chr5	36000000	36999999	-0.057323712
Chr5	37000000	37999999	0.050037604
Chr5	38000000	38999999	0.1343257
Chr5	39000000	39999999	-0.041601296
Chr5	40000000	40999999	-0.044464366
Chr5	41000000	41999999	-0.039557142
Chr5	42000000	42999999	-0.03688191
Chr5	43000000	43999999	-0.043002291
Chr5	44000000	44999999	-0.015159686
Chr5	45000000	45443526	-0.057752433
Chr6	0	999999	-0.029629517
Chr6	1000000	1999999	-0.039171196
Chr6	2000000	2999999	-0.059123513
Chr6	3000000	3999999	0.023908994
Chr6	4000000	4999999	0.02546999
Chr6	5000000	5999999	-0.004874
Chr6	6000000	6999999	-0.052075323
Chr6	7000000	7999999	-0.047713648
Chr6	8000000	8999999	0.00754213
Chr6	9000000	9999999	-0.021014341
Chr6	10000000	10999999	-0.050211038
Chr6	11000000	11999999	-0.031082151
Chr6	12000000	12999999	-0.016100985
Chr6	13000000	13999999	0.075971992
Chr6	14000000	14999999	-0.043476523
Chr6	15000000	15999999	-0.011843238
Chr6	16000000	16999999	-0.045184926
Chr6	17000000	17999999	-0.059196499
Chr6	18000000	18999999	-0.03630385
Chr6	19000000	19999999	-0.020409812
Chr6	20000000	20999999	-0.063230904
Chr6	21000000	21999999	0.430289069
Chr6	22000000	22999999	-0.044268141
Chr6	23000000	23999999	-0.033375372
Chr6	24000000	24999999	-0.036853866
Chr6	25000000	25999999	-0.038243173
Chr6	26000000	26999999	-0.038579975
Chr6	27000000	27999999	-0.043903641
Chr6	28000000	28999999	0.066249385
Chr6	29000000	29999999	0.005101022
Chr6	30000000	30999999	-0.018844662
Chr6	31000000	31999999	-0.023442762
Chr6	32000000	32999999	-0.023366944
Chr6	33000000	33999999	-0.051738753
Chr6	34000000	34999999	-0.032521012
Chr6	35000000	35772468	0.045151187
Chr7	0	999999	0.059385567
Chr7	1000000	1999999	-0.034794039
Chr7	2000000	2999999	4.219037017
Chr7	3000000	3999999	-0.03680578
Chr7	4000000	4999999	-0.059954534
Chr7	5000000	5999999	0.210139064
Chr7	6000000	6999999	0.067216045
Chr7	7000000	7999999	0.105998405
Chr7	8000000	8999999	0.066562779
Chr7	9000000	9999999	-0.034118397
Chr7	10000000	10999999	0.02701707
Chr7	11000000	11999999	-0.051347724
Chr7	12000000	12999999	-0.022157546
Chr7	13000000	13999999	-0.044219609
Chr7	14000000	14999999	-0.045438636
Chr7	15000000	15999999	-0.009689031
Chr7	16000000	16999999	-0.02658965
Chr7	17000000	17999999	0.003821889
Chr7	18000000	18999999	-0.012612104
Chr7	19000000	19999999	-0.046280103
Chr7	20000000	20999999	-0.049654982
Chr7	21000000	21999999	-0.039204104
Chr7	22000000	22999999	-0.049882183
Chr7	23000000	23999999	-0.058007889
Chr7	24000000	24999999	-0.04635014
Chr7	25000000	25999999	-0.03792465
Chr7	26000000	26999999	-0.020582624
Chr7	27000000	27999999	-0.014972958
Chr7	28000000	28624509	-0.067067748
Chr8	0	999999	0.300151935
Chr8	1000000	1999999	-0.024062245
Chr8	2000000	2999999	-0.037268458
Chr8	3000000	3999999	-0.036214605
Chr8	4000000	4999999	-0.02006067
Chr8	5000000	5999999	-0.033433183
Chr8	6000000	6999999	-0.015772451
Chr8	7000000	7999999	0.039733011
Chr8	8000000	8999999	-0.040290052
Chr8	9000000	9999999	-0.042543328
Chr8	10000000	10999999	0.019091561
Chr8	11000000	11999999	-0.024234068
Chr8	12000000	12999999	0.010062259
Chr8	13000000	13999999	-0.02907491
Chr8	14000000	14999999	-0.023981952
Chr8	15000000	15999999	-0.017806757
Chr8	16000000	16999999	-0.05392181
Chr8	17000000	17999999	0.017610472
Chr8	18000000	18999999	0.95810893
Chr8	19000000	19999999	-0.042303351
Chr8	20000000	20999999	-0.021595979
Chr8	21000000	21999999	-0.000633883
Chr8	22000000	22999999	-0.035514908
Chr8	23000000	23999999	0.000124793
Chr8	24000000	24999999	-0.035942544
Chr8	25000000	25999999	-0.062283875
Chr8	26000000	26999999	0.057123575
Chr8	27000000	27999999	-0.040297123
Chr8	28000000	28999999	-0.041103904
Chr8	29000000	29999999	-0.036685405
Chr8	30000000	30999999	-0.045278676
Chr8	31000000	31999999	-0.0412034
Chr8	32000000	32999999	-0.024201688
Chr8	33000000	33999999	-0.032331802
Chr8	34000000	34999999	-0.041861828
Chr8	35000000	35999999	-0.034409809
Chr8	36000000	36999999	-0.044486727
Chr8	37000000	37999999	-0.033015393
Chr8	38000000	38999999	-0.057601698
Chr8	39000000	39999999	0.022818254
Chr8	40000000	40999999	-0.01596641
Chr8	41000000	41999999	-0.032157577
Chr8	42000000	42999999	-0.03167846
Chr8	43000000	43999999	-0.029859703
Chr8	44000000	44999999	0.051121277
Chr8	45000000	45999999	-0.006404561
Chr8	46000000	46999999	0.127077893
Chr8	47000000	47999999	-0.01876249
Chr8	48000000	48999999	-0.046752498
Chr8	49000000	49999999	-0.05276448
Chr8	50000000	50999999	-0.043471511
Chr8	51000000	51999999	-0.055752243
Chr8	52000000	52999999	-0.04125094
Chr8	53000000	53999999	-0.00753561
Chr8	54000000	54999999	-0.023130868
Chr8	55000000	55999999	-0.043848494
Chr8	56000000	56999999	-0.019252033
Chr8	57000000	57999999	-0.025679697
Chr8	58000000	58999999	-0.017533011
Chr8	59000000	59999999	-0.046442958
Chr8	60000000	60999999	-0.033250726
Chr8	61000000	61999999	-0.028913348
Chr8	62000000	62999999	-0.043437923
Chr8	63000000	63999999	-0.06320976
Chr8	64000000	64999999	-0.043903083
Chr8	65000000	65999999	-0.037199032
Chr8	66000000	66999999	-0.045058404
Chr8	67000000	67999999	0.002479075
Chr8	68000000	68999999	-0.001719759
Chr8	69000000	69999999	-0.028454199
Chr8	70000000	70999999	-0.023557706
Chr8	71000000	71999999	-0.02045945
Chr8	72000000	72999999	-0.029703324
Chr8	73000000	73999999	-0.014253084
Chr8	74000000	74999999	0.058391815
Chr8	75000000	75999999	-0.05003274
Chr8	76000000	76999999	0.027762811
Chr8	77000000	77999999	-0.033955128
Chr8	78000000	78999999	-0.013972067
Chr8	79000000	79999999	-0.012113686
Chr8	80000000	80999999	0.041982492
Chr8	81000000	81999999	0.024500517
Chr8	82000000	82999999	-0.038184189
Chr8	83000000	83999999	-0.020640972
Chr8	84000000	84999999	-0.046148482
Chr8	85000000	85999999	0.009744174
Chr8	86000000	86999999	0.057547975
Chr8	87000000	87999999	0.015880118
Chr8	88000000	88999999	-0.012212004
Chr8	89000000	89999999	0.012371276
Chr8	90000000	90999999	0.009122755
Chr8	91000000	91999999	-0.019374979
Chr8	92000000	92999999	-0.028533604
Chr8	93000000	93999999	-0.029246444
Chr8	94000000	94999999	0.021868115
Chr8	95000000	95999999	-0.04105243
Chr8	96000000	96999999	-0.032038417
Chr8	97000000	97999999	-0.023387867
Chr8	98000000	98999999	-0.006464943
Chr8	99000000	99999999	-0.019998405
Chr8	100000000	100999999	-0.008968038
Chr8	101000000	101999999	-0.008111375
Chr8	102000000	102999999	-0.052370206
Chr8	103000000	103999999	-0.006151433
Chr8	104000000	104999999	-0.054167882
Chr8	105000000	105999999	-0.054631744
Chr8	106000000	106999999	-0.033350458
Chr8	107000000	107999999	-0.041896952
Chr8	108000000	108999999	-0.026676785
Chr8	109000000	109999999	-0.057147951
Chr8	110000000	110999999	-0.031359916
Chr8	111000000	111999999	-0.037060334
Chr8	112000000	112999999	0.03004437
Chr8	113000000	113999999	-0.038645288
Chr8	114000000	114999999	-0.038680803
Chr8	115000000	115999999	-0.036773385
Chr8	116000000	116999999	-0.02833294
Chr8	117000000	117999999	-0.019454336
Chr8	118000000	118999999	-0.031032992
Chr8	119000000	119999999	0.076740779
Chr8	120000000	120999999	-0.039219185
Chr8	121000000	121999999	-0.026592948
Chr8	122000000	122999999	0.001409128
Chr8	123000000	123999999	-0.033477999
Chr8	124000000	124999999	0.621930836
Chr8	125000000	125999999	-0.030062136
Chr8	126000000	126999999	-0.049292745
Chr8	127000000	127999999	0.012772295
Chr8	128000000	128999999	0.013924569
Chr8	129000000	129999999	-0.007202646
Chr8	130000000	130999999	-0.029484771
Chr8	131000000	131999999	-0.049260549
Chr8	132000000	132999999	-0.03012458
Chr8	133000000	133999999	-0.015826018
Chr8	134000000	134999999	-0.055347968
Chr8	135000000	135999999	-0.034648717
Chr8	136000000	136999999	0.012057891
Chr8	137000000	137999999	-0.042400329
Chr8	138000000	138999999	-0.001647849
Chr8	139000000	139999999	0.096197463
Chr8	140000000	140999999	-0.020020169
Chr8	141000000	141999999	-0.056804921
Chr8	142000000	142999999	-0.015601337
Chr8	143000000	143999999	0.000706991
Chr8	144000000	144999999	-0.012620871
Chr8	145000000	145999999	-0.027622552
Chr8	146000000	146999999	-0.01506867
Chr8	147000000	147999999	-0.030230531
Chr8	148000000	148999999	-0.027677616
Chr8	149000000	149999999	-0.02352259
Chr8	150000000	150999999	-0.037916586
Chr8	151000000	151999999	0.408011586
Chr8	152000000	152999999	-0.045872495
Chr8	153000000	153999999	-0.02699597
Chr8	154000000	154999999	-0.043274592
Chr8	155000000	155999999	-0.027080267
Chr8	156000000	156999999	-0.026363559
Chr8	157000000	157999999	0.009633789
Chr8	158000000	158999999	0.111263082
Chr8	159000000	159999999	0.152241967
Chr8	160000000	160999999	-0.035384858
Chr8	161000000	161999999	-0.033095518
Chr8	162000000	162999999	-0.038783779
Chr8	163000000	163999999	1.018258542
Chr8	164000000	164999999	0.065208832
Chr8	165000000	165999999	0.111921722
Chr8	166000000	166999999	-0.035037303
Chr8	167000000	167999999	-0.060170759
Chr8	168000000	168999999	-0.01847246
Chr8	169000000	169999999	-0.026375499
Chr8	170000000	170999999	0.008311573
Chr8	171000000	171999999	0.012679237
Chr8	172000000	172999999	-0.026822512
Chr8	173000000	173999999	-0.049411628
Chr8	174000000	174999999	-0.024170206
Chr8	175000000	175999999	-0.026233576
Chr8	176000000	176999999	-0.021613376
Chr8	177000000	177999999	-0.008456299
Chr8	178000000	178999999	-0.001583909
Chr8	179000000	179999999	0.106818234
Chr8	180000000	180999999	-0.040403445
Chr8	181000000	181999999	-0.055115546
Chr8	182000000	182999999	-0.064254828
Chr8	183000000	183999999	-0.04912785
Chr8	184000000	184999999	0.020119295
Chr8	185000000	185999999	-0.054457086
Chr8	186000000	186999999	-0.026323803
Chr8	187000000	187999999	-0.018407724
Chr8	188000000	188999999	-0.047897942
Chr8	189000000	189999999	-0.039017318
Chr8	190000000	190999999	-0.046500065
Chr8	191000000	191999999	-0.0205114
Chr8	192000000	192999999	0.071763886
Chr8	193000000	193999999	-0.010915526
Chr8	194000000	194999999	-0.002270221
Chr8	195000000	195669025	0.002475731
Chr9	0	999999	-0.035367666
Chr9	1000000	1999999	-0.004501586
Chr9	2000000	2999999	0.000166228
Chr9	3000000	3999999	-0.048545512
Chr9	4000000	4999999	0.069431245
Chr9	5000000	5999999	0.019754461
Chr9	6000000	6999999	-0.013039306
Chr9	7000000	7999999	-0.056871809
Chr9	8000000	8999999	0.155256911
Chr9	9000000	9999999	-0.000793773
Chr9	10000000	10999999	0.006049359
Chr9	11000000	11999999	-0.027628146
Chr9	12000000	12999999	0.43977586
Chr9	13000000	13999999	0.050770273
Chr9	14000000	14999999	0.012466731
Chr9	15000000	15999999	-0.020626869
Chr9	16000000	16999999	-0.024848202
Chr9	17000000	17999999	-0.019478075
Chr9	18000000	18999999	-0.031721994
Chr9	19000000	19999999	0.039812419
Chr9	20000000	20999999	-0.040555032
Chr9	21000000	21999999	0.023690169
Chr9	22000000	22999999	-0.040722545
Chr9	23000000	23999999	-0.047853929
Chr9	24000000	24999999	-0.043973464
Chr9	25000000	25999999	-0.008648581
Chr9	26000000	26999999	-0.050094377
Chr9	27000000	27999999	0.028044376
Chr9	28000000	28999999	-0.055841636
Chr9	29000000	29999999	-0.023125442
Chr9	30000000	30999999	-0.006572144
Chr9	31000000	31999999	-0.056366786
Chr9	32000000	32999999	-0.049751532
Chr9	33000000	33999999	-0.005458856
Chr9	34000000	34999999	0.055529705
Chr9	35000000	35999999	-0.048631539
Chr9	36000000	36999999	-0.017326221
Chr9	37000000	37999999	-0.016689508
Chr9	38000000	38999999	-0.008412525
Chr9	39000000	39999999	-0.047248041
Chr9	40000000	40999999	-0.004655075
Chr9	41000000	41999999	0.032306843
Chr9	42000000	42999999	-0.038339619
Chr9	43000000	43999999	-0.022964744
Chr9	44000000	44999999	-0.028914288
Chr9	45000000	45999999	-0.072190541
Chr9	46000000	46999999	-0.037824815
Chr9	47000000	47999999	-0.038647662
Chr9	48000000	48999999	-0.010786381
Chr9	49000000	49999999	0.049551135
Chr9	50000000	50999999	-0.038861678
Chr9	51000000	51999999	-0.027669797
Chr9	52000000	52999999	-0.022046347
Chr9	53000000	53999999	-0.048990128
Chr9	54000000	54999999	-0.026898643
Chr9	55000000	55551413	-0.021596841