Chr1	0	999999	-0.063163063
Chr1	1000000	1999999	0.200232933
Chr1	2000000	2999999	0.06464611
Chr1	3000000	3999999	0.011378062
Chr1	4000000	4999999	-0.030764044
Chr1	5000000	5999999	-0.050803269
Chr1	6000000	6999999	-0.055277336
Chr1	7000000	7999999	-0.067359165
Chr1	8000000	8999999	-0.05017144
Chr1	9000000	9999999	-0.068345166
Chr1	10000000	10999999	-0.042834916
Chr1	11000000	11999999	0.066587703
Chr1	12000000	12999999	-0.047516056
Chr1	13000000	13999999	-0.051363979
Chr1	14000000	14999999	-0.046213508
Chr1	15000000	15999999	-0.043808093
Chr1	16000000	16999999	-0.044167749
Chr1	17000000	17999999	-0.029723679
Chr1	18000000	18999999	-0.032233912
Chr1	19000000	19999999	-0.026520569
Chr1	20000000	20999999	0.000190885
Chr1	21000000	21999999	-0.020729699
Chr1	22000000	22999999	-0.041887404
Chr1	23000000	23999999	-0.033738048
Chr1	24000000	24999999	0.129626975
Chr1	25000000	25999999	0.036759597
Chr1	26000000	26999999	0.1817833
Chr1	27000000	27999999	-0.032501049
Chr1	28000000	28999999	0.199338746
Chr1	29000000	29999999	0.021864844
Chr1	30000000	30999999	-0.068822841
Chr1	31000000	31999999	0.005825257
Chr1	32000000	32999999	-0.074993644
Chr1	33000000	33999999	0.045418417
Chr1	34000000	34999999	0.029876095
Chr1	35000000	35999999	-0.029338478
Chr1	36000000	36999999	-0.004655594
Chr1	37000000	37999999	-0.048934767
Chr1	38000000	38999999	-0.05610976
Chr1	39000000	39999999	-0.039796714
Chr1	40000000	40999999	-0.073434038
Chr1	41000000	41999999	-0.029004584
Chr1	42000000	42999999	-0.06789718
Chr1	43000000	43999999	-0.058501653
Chr1	44000000	44999999	-0.041336942
Chr1	45000000	45999999	-0.055157067
Chr1	46000000	46999999	-0.050485093
Chr1	47000000	47999999	-0.068827161
Chr1	48000000	48999999	-0.031533049
Chr1	49000000	49999999	-0.046514792
Chr1	50000000	50999999	-0.064520576
Chr1	51000000	51999999	-0.042452546
Chr1	52000000	52999999	-0.030975475
Chr1	53000000	53999999	-0.032945598
Chr1	54000000	54999999	-0.055570137
Chr1	55000000	55999999	-0.00665715
Chr1	56000000	56999999	-0.055853113
Chr1	57000000	57999999	-0.048261007
Chr1	58000000	58999999	-0.026810771
Chr1	59000000	59999999	-0.026161075
Chr1	60000000	60999999	0.905590621
Chr1	61000000	61999999	-0.03168167
Chr1	62000000	62999999	-0.02368624
Chr1	63000000	63999999	-0.034672528
Chr1	64000000	64999999	-0.043490336
Chr1	65000000	65999999	-0.02434975
Chr1	66000000	66999999	-0.044090922
Chr1	67000000	67999999	0.184008477
Chr1	68000000	68999999	-0.049013092
Chr1	69000000	69999999	-0.054402282
Chr1	70000000	70999999	-0.054219458
Chr1	71000000	71999999	0.102623222
Chr1	72000000	72999999	0.053321916
Chr1	73000000	73999999	0.038684071
Chr1	74000000	74999999	-0.034957062
Chr1	75000000	75999999	0.008765511
Chr1	76000000	76999999	-0.038182418
Chr1	77000000	77999999	-0.067135091
Chr1	78000000	78999999	-0.052751255
Chr1	79000000	79999999	-0.010954547
Chr1	80000000	80999999	-0.067318985
Chr1	81000000	81999999	-0.054743394
Chr1	82000000	82999999	-0.078220461
Chr1	83000000	83999999	0.017687189
Chr1	84000000	84999999	-0.054653055
Chr1	85000000	85999999	-0.002710227
Chr1	86000000	86999999	-0.038089063
Chr1	87000000	87999999	-0.031492102
Chr1	88000000	88999999	-0.042353116
Chr1	89000000	89999999	-0.072501482
Chr1	90000000	90999999	-0.060724061
Chr1	91000000	91999999	-0.042274151
Chr1	92000000	92999999	-0.030316063
Chr1	93000000	93999999	-0.024447548
Chr1	94000000	94999999	-0.044463957
Chr1	95000000	95999999	-0.01985945
Chr1	96000000	96999999	-0.058663279
Chr1	97000000	97999999	-0.068369395
Chr1	98000000	98999999	-0.042263004
Chr1	99000000	99999999	-0.04122285
Chr1	100000000	100999999	0.009034648
Chr1	101000000	101999999	-0.053920574
Chr1	102000000	102999999	-0.012986431
Chr1	103000000	103999999	-0.048386271
Chr1	104000000	104999999	-0.047220379
Chr1	105000000	105999999	-0.028226118
Chr1	106000000	106999999	-0.030707654
Chr1	107000000	107999999	-0.016840518
Chr1	108000000	108999999	-0.011124071
Chr1	109000000	109999999	-0.060103036
Chr1	110000000	110999999	-0.055485907
Chr1	111000000	111999999	-0.022205953
Chr1	112000000	112999999	0.1108339
Chr1	113000000	113999999	0.011245614
Chr1	114000000	114999999	-0.037530437
Chr1	115000000	115999999	-0.057938696
Chr1	116000000	116999999	-0.066956151
Chr1	117000000	117999999	-0.036280145
Chr1	118000000	118073833	0
Chr10	0	999999	-0.019769943
Chr10	1000000	1999999	-0.074096402
Chr10	2000000	2999999	-0.067359563
Chr10	3000000	3999999	-0.012033595
Chr10	4000000	4999999	0.131817039
Chr10	5000000	5999999	-0.037655607
Chr10	6000000	6999999	-0.025067449
Chr10	7000000	7999999	-0.031512055
Chr10	8000000	8999999	-0.035078151
Chr10	9000000	9999999	0.098520798
Chr10	10000000	10999999	-0.051907962
Chr10	11000000	11999999	-0.011732682
Chr10	12000000	12999999	0.021060313
Chr10	13000000	13999999	-0.002196336
Chr10	14000000	14999999	-0.02817614
Chr10	15000000	15999999	-0.000912323
Chr10	16000000	16999999	-0.020721016
Chr10	17000000	17999999	0.304473886
Chr10	18000000	18999999	0.067733981
Chr10	19000000	19999999	-0.048031972
Chr10	20000000	20999999	-0.033122057
Chr10	21000000	21999999	-0.030767718
Chr10	22000000	22999999	0.276125025
Chr10	23000000	23999999	-0.010157057
Chr10	24000000	24999999	-0.031087474
Chr10	25000000	25999999	-0.046950182
Chr10	26000000	26999999	-0.020991249
Chr10	27000000	27999999	-0.029006939
Chr10	28000000	28999999	-0.017762501
Chr10	29000000	29999999	0.192089998
Chr10	30000000	30999999	-0.013599747
Chr10	31000000	31999999	0.135180761
Chr10	32000000	32999999	-0.012731307
Chr10	33000000	33999999	-0.028372745
Chr10	34000000	34999999	0.060639853
Chr10	35000000	35999999	-0.061841997
Chr10	36000000	36999999	-0.048989183
Chr10	37000000	37999999	-0.04722375
Chr10	38000000	38999999	-0.03197486
Chr10	39000000	39999999	-0.009233581
Chr10	40000000	40999999	-0.082988381
Chr10	41000000	41999999	-0.085906606
Chr10	42000000	42999999	0.041217202
Chr10	43000000	43999999	-0.066159066
Chr10	44000000	44999999	-0.061485852
Chr10	45000000	45999999	-0.060058313
Chr10	46000000	46999999	-0.020583705
Chr10	47000000	47999999	-0.034232025
Chr10	48000000	48999999	-0.041945583
Chr10	49000000	49999999	-0.070153854
Chr10	50000000	50999999	-0.032821633
Chr10	51000000	51999999	-0.065993449
Chr10	52000000	52999999	-0.063879375
Chr10	53000000	53999999	-0.006855009
Chr10	54000000	54999999	0.006077694
Chr10	55000000	55999999	-0.074029155
Chr10	56000000	56999999	-0.028747054
Chr10	57000000	57983155	-0.009439501
Chr11	0	999999	-0.013373702
Chr11	1000000	1999999	-0.039266298
Chr11	2000000	2999999	-0.024410713
Chr11	3000000	3999999	0.093793051
Chr11	4000000	4999999	-0.049723957
Chr11	5000000	5999999	-0.067750933
Chr11	6000000	6999999	-0.048255366
Chr11	7000000	7999999	-0.027071245
Chr11	8000000	8999999	-0.069003077
Chr11	9000000	9999999	0.01117628
Chr11	10000000	10999999	0.112876774
Chr11	11000000	11999999	0.062951033
Chr11	12000000	12999999	-0.006832334
Chr11	13000000	13999999	-0.036624898
Chr11	14000000	14999999	-0.023195464
Chr11	15000000	15999999	-0.001555587
Chr11	16000000	16999999	-0.035020895
Chr11	17000000	17999999	-0.046232914
Chr11	18000000	18999999	0.006001965
Chr11	19000000	19999999	-0.030516028
Chr11	20000000	20999999	0.005066171
Chr11	21000000	21999999	-0.065948316
Chr11	22000000	22999999	-0.064271214
Chr11	23000000	23999999	-0.038998413
Chr11	24000000	24999999	-0.031542553
Chr11	25000000	25999999	-0.016939434
Chr11	26000000	26999999	-0.029861616
Chr11	27000000	27999999	-0.029784725
Chr11	28000000	28999999	-0.013751782
Chr11	29000000	29999999	-0.068309756
Chr11	30000000	30999999	-0.078233533
Chr11	31000000	31999999	-0.052819259
Chr11	32000000	32999999	-0.026690128
Chr11	33000000	33999999	-0.062679506
Chr11	34000000	34999999	-0.060632589
Chr11	35000000	35999999	-0.065733047
Chr11	36000000	36999999	-0.036727239
Chr11	37000000	37999999	0.033361628
Chr11	38000000	38999999	-0.030610079
Chr11	39000000	39999999	-0.061935847
Chr11	40000000	40999999	-0.055768064
Chr11	41000000	41999999	-0.027789074
Chr11	42000000	42999999	0.004881966
Chr11	43000000	43999999	-0.089104174
Chr11	44000000	44999999	0.188567841
Chr11	45000000	45999999	-0.03901767
Chr11	46000000	46999999	-0.0517994
Chr11	47000000	47999999	0.156634134
Chr11	48000000	48999999	-0.021128032
Chr11	49000000	49999999	-0.049742785
Chr11	50000000	50685131	-0.060506072
Chr12	0	999999	-0.030990438
Chr12	1000000	1999999	0.039008708
Chr12	2000000	2999999	0.076473219
Chr12	3000000	3999999	0.25201699
Chr12	4000000	4999999	-0.065132017
Chr12	5000000	5999999	-0.051782515
Chr12	6000000	6999999	0.155942129
Chr12	7000000	7999999	0.001328536
Chr12	8000000	8999999	-0.023081128
Chr12	9000000	9999999	-0.046649652
Chr12	10000000	10999999	-0.097586505
Chr12	11000000	11999999	0.001636086
Chr12	12000000	12999999	-0.011069983
Chr12	13000000	13999999	-0.017387729
Chr12	14000000	14999999	-0.02987685
Chr12	15000000	15999999	-0.005818097
Chr12	16000000	16999999	-0.055038294
Chr12	17000000	17999999	-0.034784816
Chr12	18000000	18999999	0.153556146
Chr12	19000000	19999999	-0.051029509
Chr12	20000000	20999999	-0.027210381
Chr12	21000000	21999999	-0.029541546
Chr12	22000000	22999999	-0.03879855
Chr12	23000000	23999999	-0.055356629
Chr12	24000000	24999999	-0.042961132
Chr12	25000000	25999999	-0.024512909
Chr12	26000000	26999999	-0.03966114
Chr12	27000000	27999999	-0.032090931
Chr12	28000000	28999999	-0.022841128
Chr12	29000000	29999999	-0.049359401
Chr12	30000000	30999999	-0.031047249
Chr12	31000000	31999999	-0.008636494
Chr12	32000000	32552834	-0.050767549
Chr13	0	999999	-0.036754267
Chr13	1000000	1999999	-0.008002561
Chr13	2000000	2999999	-0.041293488
Chr13	3000000	3999999	-0.045722179
Chr13	4000000	4999999	0.010778124
Chr13	5000000	5999999	-0.072689757
Chr13	6000000	6999999	0.0802275
Chr13	7000000	7999999	-0.042211016
Chr13	8000000	8999999	0.004313648
Chr13	9000000	9999999	-0.06743848
Chr13	10000000	10999999	0.033603928
Chr13	11000000	11999999	-0.003356516
Chr13	12000000	12999999	-0.042952338
Chr13	13000000	13999999	-0.07292032
Chr13	14000000	14999999	-0.027265828
Chr13	15000000	15999999	-0.078638759
Chr13	16000000	16999999	0.073338485
Chr13	17000000	17999999	0.115704105
Chr13	18000000	18999999	-0.042715944
Chr13	19000000	19999999	-0.02588376
Chr13	20000000	20999999	0.012733113
Chr13	21000000	21999999	-0.056001689
Chr13	22000000	22999999	0.044838597
Chr13	23000000	23999999	-0.030926174
Chr13	24000000	24999999	-0.032391193
Chr13	25000000	25667229	0.003497544
Chr14	0	999999	-0.02215316
Chr14	1000000	1999999	-0.004452976
Chr14	2000000	2999999	0.021281354
Chr14	3000000	3999999	-0.049018997
Chr14	4000000	4999999	-0.035232059
Chr14	5000000	5999999	-0.028605404
Chr14	6000000	6999999	0.423320382
Chr14	7000000	7999999	-0.015122197
Chr14	8000000	8999999	-0.048095179
Chr14	9000000	9999999	0.047877316
Chr14	10000000	10999999	-0.012916863
Chr14	11000000	11999999	-0.002267758
Chr14	12000000	12999999	0.072586538
Chr14	13000000	13999999	0.047253597
Chr14	14000000	14999999	-0.053643887
Chr14	15000000	15999999	-0.027828448
Chr14	16000000	16999999	0.461591264
Chr14	17000000	17999999	0.350893782
Chr14	18000000	18999999	-0.043645023
Chr14	19000000	19999999	-0.040414359
Chr14	20000000	20999999	-0.057551137
Chr14	21000000	21999999	-0.019076968
Chr14	22000000	22999999	0.002997935
Chr14	23000000	23999999	-0.049579575
Chr14	24000000	24999999	0.037646528
Chr14	25000000	25999999	-0.079289932
Chr14	26000000	26999999	-0.04389358
Chr14	27000000	27999999	0.005773157
Chr14	28000000	28999999	-0.04398117
Chr14	29000000	29999999	-0.04171607
Chr14	30000000	30999999	-0.048422193
Chr14	31000000	31999999	0.105755363
Chr14	32000000	32999999	-0.061355901
Chr14	33000000	33999999	-0.021040829
Chr14	34000000	34999999	-0.030188914
Chr14	35000000	35999999	0.058605765
Chr14	36000000	36999999	0.003698574
Chr14	37000000	37999999	-0.063384166
Chr14	38000000	38999999	0.25732258
Chr14	39000000	39999999	-0.068452017
Chr14	40000000	40999999	-0.077984802
Chr14	41000000	41999999	-0.02580265
Chr14	42000000	42999999	0.154257314
Chr14	43000000	43999999	-0.003088183
Chr14	44000000	44999999	-0.022485434
Chr14	45000000	45999999	-0.048180544
Chr14	46000000	46999999	-0.054074539
Chr14	47000000	47999999	0.335034011
Chr14	48000000	48999999	-0.003936353
Chr14	49000000	49999999	-0.028825288
Chr14	50000000	50999999	-0.070928779
Chr14	51000000	51999999	-0.052023514
Chr14	52000000	52999999	-0.04377746
Chr14	53000000	53685928	-0.002236553
Chr15	0	999999	-0.031177779
Chr15	1000000	1999999	-0.068061018
Chr15	2000000	2999999	0.464609059
Chr15	3000000	3999999	-0.045180523
Chr15	4000000	4999999	-0.026732205
Chr15	5000000	5999999	0.017001829
Chr15	6000000	6999999	-0.020395321
Chr15	7000000	7999999	0.013531162
Chr15	8000000	8999999	0.291749656
Chr15	9000000	9999999	-0.024014972
Chr15	10000000	10999999	-0.04237272
Chr15	11000000	11999999	-0.018283916
Chr15	12000000	12999999	-0.053912037
Chr15	13000000	13456277	-0.04829645
Chr16	0	999999	-0.024810946
Chr16	1000000	1999999	-0.029856367
Chr16	2000000	2999999	0.007629705
Chr16	3000000	3999999	-0.022856773
Chr16	4000000	4999999	-0.035169355
Chr16	5000000	5999999	-0.031714024
Chr16	6000000	6999999	-0.003405434
Chr16	7000000	7999999	-0.041843487
Chr16	8000000	8999999	-0.027659195
Chr16	9000000	9999999	0.011943747
Chr16	10000000	10999999	0.052043921
Chr16	11000000	11999999	-0.062647732
Chr16	12000000	12999999	-0.005213064
Chr16	13000000	13999999	-0.054483899
Chr16	14000000	14999999	-0.051199757
Chr16	15000000	15999999	-0.034090307
Chr16	16000000	16999999	0.008104435
Chr16	17000000	17999999	-0.043566151
Chr16	18000000	18999999	0.128202175
Chr16	19000000	19999999	-0.062685706
Chr16	20000000	20999999	-0.032132332
Chr16	21000000	21999999	-0.038227943
Chr16	22000000	22999999	-0.060514086
Chr16	23000000	23999999	0.030907401
Chr16	24000000	24999999	-0.046258715
Chr16	25000000	25999999	-0.021595039
Chr16	26000000	26999999	0.174759777
Chr16	27000000	27999999	-0.020259616
Chr16	28000000	28459215	-0.018619671
Chr17	0	999999	-0.034543861
Chr17	1000000	1999999	-0.042914183
Chr17	2000000	2999999	0.04829084
Chr17	3000000	3999999	0.132237902
Chr17	4000000	4999999	0.204357058
Chr17	5000000	5999999	-0.039594275
Chr17	6000000	6999999	-0.047114668
Chr17	7000000	7999999	-0.04744401
Chr17	8000000	8999999	0.161658661
Chr17	9000000	9999999	-0.016625558
Chr17	10000000	10999999	-0.032773814
Chr17	11000000	11999999	-0.024427602
Chr17	12000000	12999999	-0.050454197
Chr17	13000000	13999999	-0.033895689
Chr17	14000000	14999999	-0.031300922
Chr17	15000000	15999999	-0.050997539
Chr17	16000000	16999999	-0.023212429
Chr17	17000000	17999999	-0.004325817
Chr17	18000000	18999999	-0.035651732
Chr17	19000000	19999999	0.030537984
Chr17	20000000	20999999	-0.013781462
Chr17	21000000	21999999	-0.034300289
Chr17	22000000	22999999	-0.04600173
Chr17	23000000	23999999	-0.016211265
Chr17	24000000	24999999	-0.048544211
Chr17	25000000	25999999	-0.025067573
Chr17	26000000	26999999	0.004394992
Chr17	27000000	27999999	-0.016494493
Chr17	28000000	28999999	0.01523247
Chr17	29000000	29999999	0.284362307
Chr17	30000000	30999999	0.237234032
Chr17	31000000	31999999	-0.040118408
Chr17	32000000	32999999	-0.040065135
Chr17	33000000	33999999	-0.085505274
Chr17	34000000	34999999	-0.060837619
Chr17	35000000	35999999	-0.061197047
Chr17	36000000	36999999	-0.056335245
Chr17	37000000	37999999	0.001265913
Chr17	38000000	38999999	-0.030567571
Chr17	39000000	39999999	-0.025823287
Chr17	40000000	40999999	-0.031276302
Chr17	41000000	41999999	-0.056737601
Chr17	42000000	42403734	-0.103230939
Chr18	0	999999	-0.018890921
Chr18	1000000	1999999	-0.03852613
Chr18	2000000	2999999	0.029882063
Chr18	3000000	3999999	-0.024102211
Chr18	4000000	4999999	-0.006038916
Chr18	5000000	5999999	-0.049031582
Chr18	6000000	6999999	-0.00569864
Chr18	7000000	7999999	0.01852609
Chr18	8000000	8999999	-0.012401494
Chr18	9000000	9999999	-0.021085214
Chr18	10000000	10999999	-0.001439249
Chr18	11000000	11999999	0.00245979
Chr18	12000000	12999999	-0.076639008
Chr18	13000000	13999999	0.082340221
Chr18	14000000	14999999	0.062134667
Chr18	15000000	15999999	-0.01478332
Chr18	16000000	16999999	-0.022600569
Chr18	17000000	17999999	0.004006199
Chr18	18000000	18999999	-0.039304575
Chr18	19000000	19999999	-0.020923805
Chr18	20000000	20999999	0.02287917
Chr18	21000000	21999999	-0.067649501
Chr18	22000000	22999999	-0.058157524
Chr18	23000000	23999999	-0.014299599
Chr18	24000000	24999999	0.020553145
Chr18	25000000	25999999	-0.047758646
Chr18	26000000	26999999	-0.021873782
Chr18	27000000	27842185	-0.031937285
Chr19	0	999999	-0.072599331
Chr19	1000000	1999999	-0.057433183
Chr19	2000000	2999999	0.027407386
Chr19	3000000	3999999	-0.042206887
Chr19	4000000	4999999	-0.04917269
Chr19	5000000	5999999	-0.03786652
Chr19	6000000	6999999	-0.066930886
Chr19	7000000	7999999	-0.039740753
Chr19	8000000	8999999	-0.064951315
Chr19	9000000	9999999	-0.060293457
Chr19	10000000	10999999	0.054380869
Chr19	11000000	11999999	-0.024684222
Chr19	12000000	12999999	-0.041681321
Chr19	13000000	13999999	-0.039602695
Chr19	14000000	14999999	0.011499152
Chr19	15000000	15999999	-0.048398639
Chr19	16000000	16999999	-0.069247744
Chr19	17000000	17999999	-0.008109786
Chr19	18000000	18999999	-0.011525082
Chr19	19000000	19701765	-0.037263145
Chr2	0	999999	-0.038684124
Chr2	1000000	1999999	0.006486238
Chr2	2000000	2999999	-0.055516844
Chr2	3000000	3999999	-0.014551755
Chr2	4000000	4999999	-0.004371915
Chr2	5000000	5999999	-0.038190075
Chr2	6000000	6999999	0.029901271
Chr2	7000000	7999999	-0.021212437
Chr2	8000000	8999999	-0.047484147
Chr2	9000000	9999999	-0.031496936
Chr2	10000000	10999999	-0.0303324
Chr2	11000000	11999999	-0.090900701
Chr2	12000000	12999999	0.097208066
Chr2	13000000	13999999	0.030052353
Chr2	14000000	14999999	-0.073575509
Chr2	15000000	15999999	0.03541647
Chr2	16000000	16999999	-0.025959252
Chr2	17000000	17999999	-0.039176876
Chr2	18000000	18999999	-0.037505346
Chr2	19000000	19999999	-0.064196845
Chr2	20000000	20999999	0.226649946
Chr2	21000000	21999999	-0.070304161
Chr2	22000000	22999999	-0.076452238
Chr2	23000000	23999999	-0.03276425
Chr2	24000000	24999999	-0.000565212
Chr2	25000000	25999999	-0.082511769
Chr2	26000000	26999999	-0.069652056
Chr2	27000000	27999999	-0.03326196
Chr2	28000000	28999999	0.114668387
Chr2	29000000	29999999	-0.02613664
Chr2	30000000	30999999	0.488342107
Chr2	31000000	31999999	-0.031726319
Chr2	32000000	32999999	0.079039561
Chr2	33000000	33999999	-0.033929388
Chr2	34000000	34999999	-0.077598176
Chr2	35000000	35999999	-0.043085331
Chr2	36000000	36999999	-0.038846623
Chr2	37000000	37999999	-0.038471962
Chr2	38000000	38999999	-0.065740097
Chr2	39000000	39999999	-0.053056992
Chr2	40000000	40999999	-0.038965942
Chr2	41000000	41999999	0.016761835
Chr2	42000000	42999999	-0.048596375
Chr2	43000000	43999999	0.04220785
Chr2	44000000	44999999	0.642746596
Chr2	45000000	45999999	-0.009858464
Chr2	46000000	46999999	0.250057467
Chr2	47000000	47999999	0.001336762
Chr2	48000000	48999999	-0.006270884
Chr2	49000000	49999999	-0.046283226
Chr2	50000000	50999999	0.063442296
Chr2	51000000	51999999	-0.018761523
Chr2	52000000	52999999	-0.055769228
Chr2	53000000	53999999	-0.007444777
Chr2	54000000	54999999	-0.027923739
Chr2	55000000	55999999	-0.068087932
Chr2	56000000	56999999	-0.0240989
Chr2	57000000	57999999	0.008494859
Chr2	58000000	58999999	-0.002948978
Chr2	59000000	59999999	-0.033953114
Chr2	60000000	60999999	-0.039492857
Chr2	61000000	61999999	0.111304468
Chr2	62000000	62999999	-0.030902687
Chr2	63000000	63999999	-0.015927267
Chr2	64000000	64999999	0.010725064
Chr2	65000000	65999999	-0.047421104
Chr2	66000000	66999999	-0.047789496
Chr2	67000000	67999999	-0.056841879
Chr2	68000000	68999999	-0.041371126
Chr2	69000000	69999999	-0.034828403
Chr2	70000000	70999999	-0.020579629
Chr2	71000000	71999999	-0.057229488
Chr2	72000000	72999999	0.064603751
Chr2	73000000	73999999	-0.023110787
Chr2	74000000	74999999	-0.034405597
Chr2	75000000	75999999	-0.007211239
Chr2	76000000	76999999	0.004761158
Chr2	77000000	77999999	0.030491983
Chr2	78000000	78999999	0.008597142
Chr2	79000000	79999999	-0.034720686
Chr2	80000000	80999999	0.146519778
Chr2	81000000	81999999	0.666775569
Chr2	82000000	82999999	-0.081819669
Chr2	83000000	83999999	-0.053537604
Chr2	84000000	84999999	-0.042446086
Chr2	85000000	85999999	-0.01249044
Chr2	86000000	86999999	-0.053562989
Chr2	87000000	87999999	-0.003022799
Chr2	88000000	88999999	0.042277294
Chr2	89000000	89999999	0.041014001
Chr2	90000000	90999999	-0.016473098
Chr2	91000000	91999999	0.040829138
Chr2	92000000	92999999	-0.057294915
Chr2	93000000	93999999	-0.037488523
Chr2	94000000	94999999	-0.005519438
Chr2	95000000	95999999	-0.030114511
Chr2	96000000	96999999	-0.02399168
Chr2	97000000	97999999	0.025164868
Chr2	98000000	98364873	-0.077651282
Chr3	0	999999	-0.000125329
Chr3	1000000	1999999	-0.064401834
Chr3	2000000	2999999	0.099102549
Chr3	3000000	3999999	-0.074237506
Chr3	4000000	4999999	-0.040814156
Chr3	5000000	5999999	-0.022653603
Chr3	6000000	6999999	-0.060249682
Chr3	7000000	7999999	-0.01314936
Chr3	8000000	8999999	-0.055807458
Chr3	9000000	9999999	-0.02683605
Chr3	10000000	10999999	-0.071480048
Chr3	11000000	11999999	-0.044056061
Chr3	12000000	12999999	-0.053427084
Chr3	13000000	13999999	0.06509635
Chr3	14000000	14999999	0.040952291
Chr3	15000000	15999999	-0.058734556
Chr3	16000000	16999999	-0.048968943
Chr3	17000000	17999999	-0.005356131
Chr3	18000000	18999999	-0.039334071
Chr3	19000000	19999999	-0.048250284
Chr3	20000000	20999999	0.215401214
Chr3	21000000	21999999	-0.061952156
Chr3	22000000	22999999	-0.052937124
Chr3	23000000	23999999	0.0962038
Chr3	24000000	24999999	-0.033966622
Chr3	25000000	25999999	-0.036811838
Chr3	26000000	26999999	-0.054340856
Chr3	27000000	27999999	-0.016708006
Chr3	28000000	28999999	-0.084900558
Chr3	29000000	29999999	-0.092764253
Chr3	30000000	30999999	0.002038988
Chr3	31000000	31999999	0.080809701
Chr3	32000000	32999999	-0.045758707
Chr3	33000000	33999999	-0.015169834
Chr3	34000000	34999999	-0.033172717
Chr3	35000000	35999999	-0.052201341
Chr3	36000000	36999999	-0.020494865
Chr3	37000000	37999999	-0.041076341
Chr3	38000000	38999999	-0.023819435
Chr3	39000000	39999999	-0.047149786
Chr3	40000000	40999999	0.056700971
Chr3	41000000	41999999	-0.043641623
Chr3	42000000	42999999	0.052379516
Chr3	43000000	43999999	-0.025441047
Chr3	44000000	44999999	-0.020167378
Chr3	45000000	45999999	-0.05128719
Chr3	46000000	46999999	-0.002744843
Chr3	47000000	47999999	-0.047925657
Chr3	48000000	48999999	-0.056254753
Chr3	49000000	49999999	-0.006368187
Chr3	50000000	50999999	-0.053914964
Chr3	51000000	51999999	-0.046199576
Chr3	52000000	52999999	0.074368275
Chr3	53000000	53999999	-0.066916759
Chr3	54000000	54999999	0.046833912
Chr3	55000000	55999999	-0.022192532
Chr3	56000000	56999999	0.05916616
Chr3	57000000	57999999	-0.028515956
Chr3	58000000	58999999	0.007817894
Chr3	59000000	59999999	0.667289151
Chr3	60000000	60999999	-0.007155953
Chr3	61000000	61999999	0.051685348
Chr3	62000000	62999999	0.217601414
Chr3	63000000	63999999	-0.036732649
Chr3	64000000	64999999	-0.045182028
Chr3	65000000	65999999	-0.018667566
Chr3	66000000	66999999	-0.015774163
Chr3	67000000	67999999	-0.060594743
Chr3	68000000	68999999	-0.046129127
Chr3	69000000	69999999	0.391833756
Chr3	70000000	70999999	-0.036350941
Chr3	71000000	71999999	0.083220171
Chr3	72000000	72999999	0.036646728
Chr3	73000000	73999999	0.036648572
Chr3	74000000	74999999	-0.027403827
Chr3	75000000	75999999	-0.041060547
Chr3	76000000	76999999	-0.050324335
Chr3	77000000	77999999	0.004409687
Chr3	78000000	78999999	0.106445995
Chr3	79000000	79999999	-0.004347943
Chr3	80000000	80999999	-0.06173599
Chr3	81000000	81999999	0.020423084
Chr3	82000000	82999999	-0.085060047
Chr3	83000000	83999999	-0.005396599
Chr3	84000000	84999999	-0.049867354
Chr3	85000000	85999999	0.075997774
Chr3	86000000	86999999	-0.050395895
Chr3	87000000	87999999	0.120786738
Chr3	88000000	88999999	0.006854645
Chr3	89000000	89999999	-0.049100346
Chr3	90000000	90999999	-0.057535476
Chr3	91000000	91999999	-0.015614121
Chr3	92000000	92999999	-0.038383617
Chr3	93000000	93999999	-0.017099699
Chr3	94000000	94999999	-0.01716237
Chr3	95000000	95999999	-0.014520214
Chr3	96000000	96999999	-0.007393866
Chr3	97000000	97999999	0.272076935
Chr3	98000000	98999999	-0.038132822
Chr3	99000000	99999999	-0.05027115
Chr3	100000000	100999999	0.052643006
Chr3	101000000	101999999	-0.058969802
Chr3	102000000	102999999	-0.043973192
Chr3	103000000	103999999	0.144549749
Chr3	104000000	104999999	-0.041171578
Chr3	105000000	105999999	0.040950488
Chr3	106000000	106999999	0.143387564
Chr3	107000000	107999999	-0.002824953
Chr3	108000000	108999999	-0.045380586
Chr3	109000000	109999999	-0.060338511
Chr3	110000000	110999999	-0.035468277
Chr3	111000000	111999999	-0.021837588
Chr3	112000000	112999999	-0.030454332
Chr3	113000000	113999999	-0.089175006
Chr3	114000000	114999999	-0.061620113
Chr3	115000000	115999999	-0.051104768
Chr3	116000000	116999999	-0.014194992
Chr3	117000000	117999999	0.158087766
Chr3	118000000	118999999	-0.060359482
Chr3	119000000	119999999	-0.035048141
Chr3	120000000	120999999	-0.052659929
Chr3	121000000	121999999	0.39120267
Chr3	122000000	122999999	-0.057954203
Chr3	123000000	123999999	-0.082247842
Chr3	124000000	124999999	-0.025509167
Chr3	125000000	125999999	-0.069398196
Chr3	126000000	126999999	-0.088486244
Chr3	127000000	127999999	-0.026888931
Chr3	128000000	128999999	-0.033253955
Chr3	129000000	129999999	-0.043108405
Chr3	130000000	130999999	0.065412405
Chr3	131000000	131999999	0.070493617
Chr3	132000000	132999999	-0.030380789
Chr3	133000000	133999999	-0.023389397
Chr3	134000000	134999999	0.658738813
Chr3	135000000	135999999	0.389673852
Chr3	136000000	136999999	-0.040894933
Chr3	137000000	137999999	-0.033960351
Chr3	138000000	138999999	-0.043465115
Chr3	139000000	139999999	0.095613316
Chr3	140000000	140999999	-0.012476097
Chr3	141000000	141999999	-0.028757144
Chr3	142000000	142999999	-0.015077936
Chr3	143000000	143999999	-0.021454988
Chr3	144000000	144999999	-0.012341653
Chr3	145000000	145999999	0.01169121
Chr3	146000000	146999999	-0.034503013
Chr3	147000000	147999999	-0.060045535
Chr3	148000000	148999999	-0.011238615
Chr3	149000000	149999999	0.012528885
Chr3	150000000	150999999	-0.035045964
Chr3	151000000	151999999	0.06823677
Chr3	152000000	152999999	-0.013031839
Chr3	153000000	153999999	-0.035560514
Chr3	154000000	154999999	-0.034899404
Chr3	155000000	155999999	0.019033893
Chr3	156000000	156999999	-0.055606794
Chr3	157000000	157999999	0.322105276
Chr3	158000000	158999999	0.150466861
Chr3	159000000	159999999	0.012261489
Chr3	160000000	160999999	-0.054486291
Chr3	161000000	161999999	-0.013268221
Chr3	162000000	162999999	-0.009342722
Chr3	163000000	163999999	-0.032731073
Chr3	164000000	164999999	-0.014500454
Chr3	165000000	165999999	-0.044757669
Chr3	166000000	166999999	-0.026552086
Chr3	167000000	167999999	-0.036512007
Chr3	168000000	168999999	-0.062061429
Chr3	169000000	169999999	-0.031995265
Chr3	170000000	170999999	0.036221553
Chr3	171000000	171999999	-0.027153508
Chr3	172000000	172999999	0.138277612
Chr3	173000000	173999999	0.047237904
Chr3	174000000	174999999	-0.033910071
Chr3	175000000	175999999	-0.030372336
Chr3	176000000	176999999	-0.042488824
Chr3	177000000	177999999	-0.032229891
Chr3	178000000	178999999	-0.046285843
Chr3	179000000	179999999	-0.026524273
Chr3	180000000	180999999	-0.044554909
Chr3	181000000	181999999	0.906941001
Chr3	182000000	182999999	-0.073573356
Chr3	183000000	183999999	0.000798758
Chr3	184000000	184999999	0.035909442
Chr3	185000000	185999999	0.849327604
Chr3	186000000	186999999	-0.067529776
Chr3	187000000	187999999	0.016827269
Chr3	188000000	188999999	-0.02421538
Chr3	189000000	189999999	0.047489186
Chr3	190000000	190999999	-0.039430987
Chr3	191000000	191999999	0.030007793
Chr3	192000000	192999999	-0.039814443
Chr3	193000000	193999999	-0.039924267
Chr3	194000000	194999999	-0.02587938
Chr3	195000000	195999999	-0.013659329
Chr3	196000000	196999999	-0.052863326
Chr3	197000000	197999999	-0.081865954
Chr3	198000000	198999999	-0.061706268
Chr3	199000000	199999999	-0.025379672
Chr3	200000000	200999999	-0.023705998
Chr3	201000000	201999999	0.017566865
Chr3	202000000	202999999	-0.057328625
Chr3	203000000	203999999	-0.047370416
Chr3	204000000	204999999	-0.017716936
Chr3	205000000	205999999	-0.014330451
Chr3	206000000	206999999	0.004722812
Chr3	207000000	207093695	-0.106170007
Chr4	0	999999	-0.062825387
Chr4	1000000	1999999	0.184731669
Chr4	2000000	2999999	-0.058511001
Chr4	3000000	3999999	0.191876666
Chr4	4000000	4999999	-0.031679255
Chr4	5000000	5999999	-0.098519053
Chr4	6000000	6999999	0.040668744
Chr4	7000000	7999999	-0.049683305
Chr4	8000000	8999999	-0.086725183
Chr4	9000000	9999999	-0.079724961
Chr4	10000000	10999999	-0.035137077
Chr4	11000000	11999999	-0.056805937
Chr4	12000000	12999999	-0.045326834
Chr4	13000000	13999999	-0.026980705
Chr4	14000000	14999999	-0.036863273
Chr4	15000000	15999999	0.011638512
Chr4	16000000	16999999	-0.016009342
Chr4	17000000	17999999	-0.052968518
Chr4	18000000	18999999	-0.013249117
Chr4	19000000	19999999	-0.04831833
Chr4	20000000	20999999	-0.048799569
Chr4	21000000	21999999	0.08283422
Chr4	22000000	22999999	-0.078878281
Chr4	23000000	23999999	-0.002747473
Chr4	24000000	24999999	-0.061110812
Chr4	25000000	25999999	-0.039905738
Chr4	26000000	26999999	-0.002734128
Chr4	27000000	27999999	0.027608516
Chr4	28000000	28999999	-0.062419563
Chr4	29000000	29999999	0.12616664
Chr4	30000000	30999999	-0.009283274
Chr4	31000000	31999999	-0.048321814
Chr4	32000000	32999999	-0.016848028
Chr4	33000000	33999999	-0.012504455
Chr4	34000000	34999999	-0.013294787
Chr4	35000000	35999999	-0.026163683
Chr4	36000000	36999999	-0.047632847
Chr4	37000000	37999999	0.061561634
Chr4	38000000	38999999	-0.04090624
Chr4	39000000	39999999	0.010540009
Chr4	40000000	40999999	0.035364681
Chr4	41000000	41999999	0.021747355
Chr4	42000000	42999999	-0.041412851
Chr4	43000000	43999999	-0.008090152
Chr4	44000000	44999999	-0.084071268
Chr4	45000000	45999999	-0.006746167
Chr4	46000000	46999999	-0.041992942
Chr4	47000000	47999999	-0.05126619
Chr4	48000000	48999999	0.060228917
Chr4	49000000	49999999	0.005931754
Chr4	50000000	50051714	0
Chr5	0	999999	-0.061444816
Chr5	1000000	1999999	-0.052452801
Chr5	2000000	2999999	-0.064181441
Chr5	3000000	3999999	-0.052321897
Chr5	4000000	4999999	-0.012965131
Chr5	5000000	5999999	-0.001188454
Chr5	6000000	6999999	0.000429816
Chr5	7000000	7999999	0.417057228
Chr5	8000000	8999999	0.138227077
Chr5	9000000	9999999	0.034669773
Chr5	10000000	10999999	-0.026784662
Chr5	11000000	11999999	0.214923004
Chr5	12000000	12999999	0.047704381
Chr5	13000000	13999999	0.089500344
Chr5	14000000	14999999	0.027915126
Chr5	15000000	15999999	0.209842707
Chr5	16000000	16999999	0.043726473
Chr5	17000000	17999999	-0.045758263
Chr5	18000000	18999999	0.007443353
Chr5	19000000	19999999	-0.02863363
Chr5	20000000	20999999	0.097337501
Chr5	21000000	21999999	-0.011159577
Chr5	22000000	22999999	-0.010443032
Chr5	23000000	23999999	-0.02968346
Chr5	24000000	24999999	-0.02460203
Chr5	25000000	25999999	-0.041987714
Chr5	26000000	26999999	-0.051283475
Chr5	27000000	27999999	-0.057930021
Chr5	28000000	28999999	-0.034367591
Chr5	29000000	29999999	-0.045100829
Chr5	30000000	30999999	-0.026576633
Chr5	31000000	31999999	-0.035878758
Chr5	32000000	32999999	-0.006902843
Chr5	33000000	33999999	0.160511333
Chr5	34000000	34999999	0.08448477
Chr5	35000000	35999999	-0.065115763
Chr5	36000000	36999999	-0.072242555
Chr5	37000000	37999999	0.079064454
Chr5	38000000	38999999	0.108953649
Chr5	39000000	39999999	-0.057471997
Chr5	40000000	40999999	-0.025312071
Chr5	41000000	41999999	-0.056476111
Chr5	42000000	42999999	-0.025173228
Chr5	43000000	43999999	-0.057800096
Chr5	44000000	44999999	-0.041855093
Chr5	45000000	45443526	-0.077879498
Chr6	0	999999	-0.024864924
Chr6	1000000	1999999	-0.038473062
Chr6	2000000	2999999	-0.079208369
Chr6	3000000	3999999	-0.042263185
Chr6	4000000	4999999	0.015416605
Chr6	5000000	5999999	-0.007226902
Chr6	6000000	6999999	-0.07051482
Chr6	7000000	7999999	-0.049820618
Chr6	8000000	8999999	-0.017678974
Chr6	9000000	9999999	-0.02121559
Chr6	10000000	10999999	-0.068620349
Chr6	11000000	11999999	-0.03746871
Chr6	12000000	12999999	0.006832938
Chr6	13000000	13999999	0.078380081
Chr6	14000000	14999999	-0.055383704
Chr6	15000000	15999999	0.087462426
Chr6	16000000	16999999	-0.051626468
Chr6	17000000	17999999	-0.064338128
Chr6	18000000	18999999	-0.045550546
Chr6	19000000	19999999	-0.015595081
Chr6	20000000	20999999	-0.082103871
Chr6	21000000	21999999	0.555753854
Chr6	22000000	22999999	-0.047307252
Chr6	23000000	23999999	-0.04677057
Chr6	24000000	24999999	-0.042592771
Chr6	25000000	25999999	-0.054956064
Chr6	26000000	26999999	-0.036986926
Chr6	27000000	27999999	-0.059155518
Chr6	28000000	28999999	0.028812701
Chr6	29000000	29999999	0.019950543
Chr6	30000000	30999999	-0.024507971
Chr6	31000000	31999999	-0.054203971
Chr6	32000000	32999999	-0.058315998
Chr6	33000000	33999999	-0.06760065
Chr6	34000000	34999999	-0.04634524
Chr6	35000000	35772468	0.065230097
Chr7	0	999999	0.31470243
Chr7	1000000	1999999	-0.048463248
Chr7	2000000	2999999	4.063462506
Chr7	3000000	3999999	-0.048151731
Chr7	4000000	4999999	-0.074134378
Chr7	5000000	5999999	0.685759416
Chr7	6000000	6999999	-0.030099836
Chr7	7000000	7999999	0.126331404
Chr7	8000000	8999999	-0.039301998
Chr7	9000000	9999999	0.20245123
Chr7	10000000	10999999	-0.035971748
Chr7	11000000	11999999	-0.057933297
Chr7	12000000	12999999	0.002873534
Chr7	13000000	13999999	-0.034402885
Chr7	14000000	14999999	-0.055404128
Chr7	15000000	15999999	0.014904701
Chr7	16000000	16999999	-0.028292305
Chr7	17000000	17999999	-0.017520216
Chr7	18000000	18999999	-0.019507673
Chr7	19000000	19999999	-0.05909044
Chr7	20000000	20999999	-0.053983795
Chr7	21000000	21999999	-0.051795655
Chr7	22000000	22999999	-0.043750441
Chr7	23000000	23999999	-0.074113978
Chr7	24000000	24999999	-0.07339713
Chr7	25000000	25999999	-0.051247625
Chr7	26000000	26999999	-0.029460735
Chr7	27000000	27999999	0.036922274
Chr7	28000000	28624509	-0.087542904
Chr8	0	999999	0.611797957
Chr8	1000000	1999999	-0.030646762
Chr8	2000000	2999999	-0.05181617
Chr8	3000000	3999999	-0.048856817
Chr8	4000000	4999999	-0.006418853
Chr8	5000000	5999999	-0.048305196
Chr8	6000000	6999999	-0.025052834
Chr8	7000000	7999999	0.003274002
Chr8	8000000	8999999	-0.054082016
Chr8	9000000	9999999	-0.056355074
Chr8	10000000	10999999	-0.013523839
Chr8	11000000	11999999	-0.017354187
Chr8	12000000	12999999	0.032388393
Chr8	13000000	13999999	-0.018018648
Chr8	14000000	14999999	-0.040713375
Chr8	15000000	15999999	-0.028377316
Chr8	16000000	16999999	-0.073400901
Chr8	17000000	17999999	0.071391761
Chr8	18000000	18999999	0.368861075
Chr8	19000000	19999999	-0.052143817
Chr8	20000000	20999999	-0.053631412
Chr8	21000000	21999999	-0.020080403
Chr8	22000000	22999999	-0.047236521
Chr8	23000000	23999999	0.015077445
Chr8	24000000	24999999	-0.052923804
Chr8	25000000	25999999	-0.050713836
Chr8	26000000	26999999	-0.041631888
Chr8	27000000	27999999	-0.036055356
Chr8	28000000	28999999	-0.009251418
Chr8	29000000	29999999	-0.035320492
Chr8	30000000	30999999	-0.038319344
Chr8	31000000	31999999	-0.062536117
Chr8	32000000	32999999	-0.007659885
Chr8	33000000	33999999	-0.029968792
Chr8	34000000	34999999	-0.035291464
Chr8	35000000	35999999	-0.054066207
Chr8	36000000	36999999	-0.030342568
Chr8	37000000	37999999	-0.043632545
Chr8	38000000	38999999	-0.071580316
Chr8	39000000	39999999	0.085417488
Chr8	40000000	40999999	-0.046852398
Chr8	41000000	41999999	-0.043757604
Chr8	42000000	42999999	-0.026025373
Chr8	43000000	43999999	-0.02442313
Chr8	44000000	44999999	0.102998536
Chr8	45000000	45999999	0.037607044
Chr8	46000000	46999999	0.223120319
Chr8	47000000	47999999	-0.031205106
Chr8	48000000	48999999	-0.065913876
Chr8	49000000	49999999	-0.061966208
Chr8	50000000	50999999	-0.052377457
Chr8	51000000	51999999	-0.068232153
Chr8	52000000	52999999	-0.057345915
Chr8	53000000	53999999	0.015015334
Chr8	54000000	54999999	-0.065744327
Chr8	55000000	55999999	-0.062405505
Chr8	56000000	56999999	-0.016343084
Chr8	57000000	57999999	0.019065088
Chr8	58000000	58999999	-0.032382429
Chr8	59000000	59999999	-0.054581244
Chr8	60000000	60999999	-0.049735325
Chr8	61000000	61999999	-0.043234967
Chr8	62000000	62999999	-0.068959168
Chr8	63000000	63999999	-0.068226356
Chr8	64000000	64999999	-0.05553422
Chr8	65000000	65999999	-0.003635209
Chr8	66000000	66999999	-0.054859633
Chr8	67000000	67999999	0.066167842
Chr8	68000000	68999999	0.080396456
Chr8	69000000	69999999	0.014626457
Chr8	70000000	70999999	-0.038163803
Chr8	71000000	71999999	0.048561914
Chr8	72000000	72999999	-0.032186323
Chr8	73000000	73999999	0.009788228
Chr8	74000000	74999999	0.09078059
Chr8	75000000	75999999	-0.052330139
Chr8	76000000	76999999	-0.009371706
Chr8	77000000	77999999	-0.034329872
Chr8	78000000	78999999	-0.009121612
Chr8	79000000	79999999	-0.01436229
Chr8	80000000	80999999	0.099340909
Chr8	81000000	81999999	0.0193345
Chr8	82000000	82999999	-0.055269625
Chr8	83000000	83999999	-0.017404644
Chr8	84000000	84999999	-0.040475989
Chr8	85000000	85999999	-0.003850851
Chr8	86000000	86999999	0.03223376
Chr8	87000000	87999999	0.049004588
Chr8	88000000	88999999	-0.019896465
Chr8	89000000	89999999	0.02060676
Chr8	90000000	90999999	0.00015366
Chr8	91000000	91999999	0.045485692
Chr8	92000000	92999999	-0.010600267
Chr8	93000000	93999999	-0.033362268
Chr8	94000000	94999999	0.035791309
Chr8	95000000	95999999	-0.030632052
Chr8	96000000	96999999	-0.032342743
Chr8	97000000	97999999	-0.020605394
Chr8	98000000	98999999	-0.023640262
Chr8	99000000	99999999	-0.016646659
Chr8	100000000	100999999	-0.012618744
Chr8	101000000	101999999	0.007532924
Chr8	102000000	102999999	-0.053284371
Chr8	103000000	103999999	-0.025733228
Chr8	104000000	104999999	-0.069394269
Chr8	105000000	105999999	-0.064470634
Chr8	106000000	106999999	-0.041139402
Chr8	107000000	107999999	-0.054361564
Chr8	108000000	108999999	-0.0618739
Chr8	109000000	109999999	-0.082127583
Chr8	110000000	110999999	-0.044690465
Chr8	111000000	111999999	-0.047010791
Chr8	112000000	112999999	-0.010846839
Chr8	113000000	113999999	-0.047706758
Chr8	114000000	114999999	-0.048938687
Chr8	115000000	115999999	-0.045383975
Chr8	116000000	116999999	-0.026899573
Chr8	117000000	117999999	-0.015842091
Chr8	118000000	118999999	-0.032862421
Chr8	119000000	119999999	0.182248197
Chr8	120000000	120999999	-0.037452268
Chr8	121000000	121999999	-0.039534832
Chr8	122000000	122999999	-0.058959789
Chr8	123000000	123999999	-0.050074193
Chr8	124000000	124999999	0.341444798
Chr8	125000000	125999999	-0.032609531
Chr8	126000000	126999999	-0.044618349
Chr8	127000000	127999999	-0.00106303
Chr8	128000000	128999999	0.008317388
Chr8	129000000	129999999	0.000588664
Chr8	130000000	130999999	-0.034592193
Chr8	131000000	131999999	-0.075200847
Chr8	132000000	132999999	-0.052969974
Chr8	133000000	133999999	-0.02710971
Chr8	134000000	134999999	-0.059460546
Chr8	135000000	135999999	-0.024543647
Chr8	136000000	136999999	-0.011951203
Chr8	137000000	137999999	-0.048486392
Chr8	138000000	138999999	-0.022235038
Chr8	139000000	139999999	0.080970512
Chr8	140000000	140999999	-0.050487326
Chr8	141000000	141999999	-0.075130853
Chr8	142000000	142999999	-0.005885914
Chr8	143000000	143999999	0.063356391
Chr8	144000000	144999999	-0.014807001
Chr8	145000000	145999999	-0.02298102
Chr8	146000000	146999999	-0.024039349
Chr8	147000000	147999999	-0.044777025
Chr8	148000000	148999999	0.046433024
Chr8	149000000	149999999	-0.034715635
Chr8	150000000	150999999	-0.086932883
Chr8	151000000	151999999	0.713522333
Chr8	152000000	152999999	-0.055526333
Chr8	153000000	153999999	-0.028858895
Chr8	154000000	154999999	-0.053152414
Chr8	155000000	155999999	-0.012638498
Chr8	156000000	156999999	0.024974458
Chr8	157000000	157999999	0.058309995
Chr8	158000000	158999999	0.093733202
Chr8	159000000	159999999	0.01507596
Chr8	160000000	160999999	-0.038285388
Chr8	161000000	161999999	-0.045633698
Chr8	162000000	162999999	-0.039586496
Chr8	163000000	163999999	1.916225941
Chr8	164000000	164999999	0.040416073
Chr8	165000000	165999999	0.174293168
Chr8	166000000	166999999	-0.046732267
Chr8	167000000	167999999	-0.077354365
Chr8	168000000	168999999	-0.04273199
Chr8	169000000	169999999	0.019180249
Chr8	170000000	170999999	0.094460131
Chr8	171000000	171999999	-0.021988383
Chr8	172000000	172999999	-0.046350259
Chr8	173000000	173999999	-0.070166973
Chr8	174000000	174999999	-0.024839061
Chr8	175000000	175999999	-0.028917766
Chr8	176000000	176999999	-0.048548423
Chr8	177000000	177999999	-0.035197848
Chr8	178000000	178999999	0.031438263
Chr8	179000000	179999999	0.034242291
Chr8	180000000	180999999	-0.042096079
Chr8	181000000	181999999	-0.072347721
Chr8	182000000	182999999	0.035954374
Chr8	183000000	183999999	-0.060172854
Chr8	184000000	184999999	-0.023200457
Chr8	185000000	185999999	-0.068525352
Chr8	186000000	186999999	-0.026517755
Chr8	187000000	187999999	-0.009402954
Chr8	188000000	188999999	-0.039325264
Chr8	189000000	189999999	-0.051594753
Chr8	190000000	190999999	-0.06278342
Chr8	191000000	191999999	0.009128628
Chr8	192000000	192999999	0.091373617
Chr8	193000000	193999999	-0.026734556
Chr8	194000000	194999999	-0.028335343
Chr8	195000000	195669025	0.04821308
Chr9	0	999999	0.003490395
Chr9	1000000	1999999	0.041571604
Chr9	2000000	2999999	0.075981832
Chr9	3000000	3999999	-0.059744316
Chr9	4000000	4999999	0.054659672
Chr9	5000000	5999999	-0.001485801
Chr9	6000000	6999999	0.018426361
Chr9	7000000	7999999	-0.070343487
Chr9	8000000	8999999	0.155793409
Chr9	9000000	9999999	-0.00462631
Chr9	10000000	10999999	0.002201707
Chr9	11000000	11999999	-0.043598959
Chr9	12000000	12999999	0.069563658
Chr9	13000000	13999999	0.014358576
Chr9	14000000	14999999	-0.017986088
Chr9	15000000	15999999	-0.021859624
Chr9	16000000	16999999	-0.04071221
Chr9	17000000	17999999	-0.018997625
Chr9	18000000	18999999	-0.032678794
Chr9	19000000	19999999	0.030389225
Chr9	20000000	20999999	-0.051418787
Chr9	21000000	21999999	0.076640132
Chr9	22000000	22999999	-0.053578127
Chr9	23000000	23999999	-0.061406396
Chr9	24000000	24999999	-0.035303615
Chr9	25000000	25999999	0.017874579
Chr9	26000000	26999999	-0.062233759
Chr9	27000000	27999999	0.050876212
Chr9	28000000	28999999	-0.075703076
Chr9	29000000	29999999	-0.07483088
Chr9	30000000	30999999	-0.031292368
Chr9	31000000	31999999	-0.074913672
Chr9	32000000	32999999	-0.06636948
Chr9	33000000	33999999	0.017416605
Chr9	34000000	34999999	0.105325713
Chr9	35000000	35999999	-0.06872906
Chr9	36000000	36999999	-0.021303386
Chr9	37000000	37999999	-0.006212932
Chr9	38000000	38999999	-0.048207231
Chr9	39000000	39999999	-0.070761569
Chr9	40000000	40999999	0.036909734
Chr9	41000000	41999999	0.028952344
Chr9	42000000	42999999	-0.058104534
Chr9	43000000	43999999	-0.014017296
Chr9	44000000	44999999	-0.034031684
Chr9	45000000	45999999	-0.097602991
Chr9	46000000	46999999	-0.031400159
Chr9	47000000	47999999	-0.060292158
Chr9	48000000	48999999	0.085400127
Chr9	49000000	49999999	-0.052237587
Chr9	50000000	50999999	-0.058941988
Chr9	51000000	51999999	-0.029176401
Chr9	52000000	52999999	-0.020104552
Chr9	53000000	53999999	-0.056147184
Chr9	54000000	54999999	-0.051739072
Chr9	55000000	55551413	-0.028946331