Chr1	0	999999	0.460028
Chr1	1000000	1999999	0.506586
Chr1	2000000	2999999	0.549439
Chr1	3000000	3999999	0.51723
Chr1	4000000	4999999	0.644238
Chr1	5000000	5999999	0.644379
Chr1	6000000	6999999	0.687684
Chr1	7000000	7999999	0.659979
Chr1	8000000	8999999	0.618995
Chr1	9000000	9999999	0.568859
Chr1	10000000	10999999	0.645655
Chr1	11000000	11999999	0.706479
Chr1	12000000	12999999	0.561635
Chr1	13000000	13999999	0.589661
Chr1	14000000	14999999	0.650158
Chr1	15000000	15999999	0.547598
Chr1	16000000	16999999	0.600745
Chr1	17000000	17999999	0.530233
Chr1	18000000	18999999	0.556938
Chr1	19000000	19999999	0.576373
Chr1	20000000	20999999	0.514073
Chr1	21000000	21999999	0.485294
Chr1	22000000	22999999	0.536531
Chr1	23000000	23999999	0.549296
Chr1	24000000	24999999	0.51736
Chr1	25000000	25999999	0.503757
Chr1	26000000	26999999	0.444702
Chr1	27000000	27999999	0.646238
Chr1	28000000	28999999	0.560759
Chr1	29000000	29999999	0.538952
Chr1	30000000	30999999	0.515516
Chr1	31000000	31999999	0.542342
Chr1	32000000	32999999	0.58456
Chr1	33000000	33999999	0.534311
Chr1	34000000	34999999	0.571813
Chr1	35000000	35999999	0.655707
Chr1	36000000	36999999	0.566398
Chr1	37000000	37999999	0.614737
Chr1	38000000	38999999	0.607772
Chr1	39000000	39999999	0.558415
Chr1	40000000	40999999	0.575217
Chr1	41000000	41999999	0.575815
Chr1	42000000	42999999	0.606098
Chr1	43000000	43999999	0.613663
Chr1	44000000	44999999	0.587597
Chr1	45000000	45999999	0.586243
Chr1	46000000	46999999	0.591472
Chr1	47000000	47999999	0.67291
Chr1	48000000	48999999	0.599184
Chr1	49000000	49999999	0.589907
Chr1	50000000	50999999	0.599929
Chr1	51000000	51999999	0.548668
Chr1	52000000	52999999	0.553121
Chr1	53000000	53999999	0.603512
Chr1	54000000	54999999	0.660359
Chr1	55000000	55999999	0.575894
Chr1	56000000	56999999	0.530492
Chr1	57000000	57999999	0.58005
Chr1	58000000	58999999	0.643654
Chr1	59000000	59999999	0.659979
Chr1	60000000	60999999	0.591133
Chr1	61000000	61999999	0.593875
Chr1	62000000	62999999	0.545924
Chr1	63000000	63999999	0.664638
Chr1	64000000	64999999	0.471352
Chr1	65000000	65999999	0.539702
Chr1	66000000	66999999	0.42492
Chr1	67000000	67999999	0.454635
Chr1	68000000	68999999	0.465947
Chr1	69000000	69999999	0.507701
Chr1	70000000	70999999	0.577814
Chr1	71000000	71999999	0.485077
Chr1	72000000	72999999	0.524226
Chr1	73000000	73999999	0.514119
Chr1	74000000	74999999	0.588334
Chr1	75000000	75999999	0.561893
Chr1	76000000	76999999	0.6508
Chr1	77000000	77999999	0.588615
Chr1	78000000	78999999	0.573353
Chr1	79000000	79999999	0.541358
Chr1	80000000	80999999	0.641934
Chr1	81000000	81999999	0.573888
Chr1	82000000	82999999	0.531994
Chr1	83000000	83999999	0.568789
Chr1	84000000	84999999	0.555287
Chr1	85000000	85999999	0.581284
Chr1	86000000	86999999	0.533484
Chr1	87000000	87999999	0.557048
Chr1	88000000	88999999	0.515971
Chr1	89000000	89999999	0.600023
Chr1	90000000	90999999	0.596552
Chr1	91000000	91999999	0.561415
Chr1	92000000	92999999	0.530349
Chr1	93000000	93999999	0.609367
Chr1	94000000	94999999	0.583614
Chr1	95000000	95999999	0.644795
Chr1	96000000	96999999	0.578305
Chr1	97000000	97999999	0.626556
Chr1	98000000	98999999	0.643193
Chr1	99000000	99999999	0.631795
Chr1	100000000	100999999	0.606436
Chr1	101000000	101999999	0.552571
Chr1	102000000	102999999	0.613454
Chr1	103000000	103999999	0.519947
Chr1	104000000	104999999	0.617897
Chr1	105000000	105999999	0.567972
Chr1	106000000	106999999	0.607864
Chr1	107000000	107999999	0.58541
Chr1	108000000	108999999	0.540066
Chr1	109000000	109999999	0.530364
Chr1	110000000	110999999	0.511502
Chr1	111000000	111999999	0.553278
Chr1	112000000	112999999	0.53071
Chr1	113000000	113999999	0.549759
Chr1	114000000	114999999	0.553446
Chr1	115000000	115999999	0.441673
Chr1	116000000	116999999	0.517132
Chr1	117000000	117999999	0.49431
Chr1	118000000	118073833	0.755922149
Chr2	0	999999	0.493194
Chr2	1000000	1999999	0.559708
Chr2	2000000	2999999	0.548975
Chr2	3000000	3999999	0.588134
Chr2	4000000	4999999	0.73932
Chr2	5000000	5999999	0.493535
Chr2	6000000	6999999	0.590513
Chr2	7000000	7999999	0.601623
Chr2	8000000	8999999	0.537427
Chr2	9000000	9999999	0.519492
Chr2	10000000	10999999	0.608726
Chr2	11000000	11999999	0.619448
Chr2	12000000	12999999	0.487812
Chr2	13000000	13999999	0.569261
Chr2	14000000	14999999	0.626973
Chr2	15000000	15999999	0.627266
Chr2	16000000	16999999	0.661713
Chr2	17000000	17999999	0.532372
Chr2	18000000	18999999	0.528044
Chr2	19000000	19999999	0.596982
Chr2	20000000	20999999	0.617705
Chr2	21000000	21999999	0.594881
Chr2	22000000	22999999	0.608837
Chr2	23000000	23999999	0.61398
Chr2	24000000	24999999	0.584334
Chr2	25000000	25999999	0.553859
Chr2	26000000	26999999	0.586346
Chr2	27000000	27999999	0.601103
Chr2	28000000	28999999	0.447952
Chr2	29000000	29999999	0.536738
Chr2	30000000	30999999	0.51748
Chr2	31000000	31999999	0.562777
Chr2	32000000	32999999	0.56939
Chr2	33000000	33999999	0.548407
Chr2	34000000	34999999	0.531714
Chr2	35000000	35999999	0.506927
Chr2	36000000	36999999	0.579963
Chr2	37000000	37999999	0.685179
Chr2	38000000	38999999	0.59726
Chr2	39000000	39999999	0.635541
Chr2	40000000	40999999	0.593462
Chr2	41000000	41999999	0.589197
Chr2	42000000	42999999	0.564463
Chr2	43000000	43999999	0.554659
Chr2	44000000	44999999	0.436728
Chr2	45000000	45999999	0.567559
Chr2	46000000	46999999	0.462099
Chr2	47000000	47999999	0.478884
Chr2	48000000	48999999	0.472235
Chr2	49000000	49999999	0.474867
Chr2	50000000	50999999	0.54189
Chr2	51000000	51999999	0.606428
Chr2	52000000	52999999	0.524608
Chr2	53000000	53999999	0.483658
Chr2	54000000	54999999	0.598066
Chr2	55000000	55999999	0.519559
Chr2	56000000	56999999	0.530793
Chr2	57000000	57999999	0.540837
Chr2	58000000	58999999	0.506503
Chr2	59000000	59999999	0.66149
Chr2	60000000	60999999	0.602615
Chr2	61000000	61999999	0.522132
Chr2	62000000	62999999	0.614166
Chr2	63000000	63999999	0.508714
Chr2	64000000	64999999	0.622602
Chr2	65000000	65999999	0.587275
Chr2	66000000	66999999	0.575916
Chr2	67000000	67999999	0.627722
Chr2	68000000	68999999	0.561608
Chr2	69000000	69999999	0.555025
Chr2	70000000	70999999	0.576599
Chr2	71000000	71999999	0.555293
Chr2	72000000	72999999	0.572801
Chr2	73000000	73999999	0.651309
Chr2	74000000	74999999	0.664689
Chr2	75000000	75999999	0.628277
Chr2	76000000	76999999	0.5934
Chr2	77000000	77999999	0.578948
Chr2	78000000	78999999	0.533786
Chr2	79000000	79999999	0.493637
Chr2	80000000	80999999	0.611099
Chr2	81000000	81999999	0.680832
Chr2	82000000	82999999	0.508831
Chr2	83000000	83999999	0.490638
Chr2	84000000	84999999	0.503315
Chr2	85000000	85999999	0.617003
Chr2	86000000	86999999	0.56276
Chr2	87000000	87999999	0.494194
Chr2	88000000	88999999	0.536467
Chr2	89000000	89999999	0.586823
Chr2	90000000	90999999	0.528018
Chr2	91000000	91999999	0.558581
Chr2	92000000	92999999	0.597712
Chr2	93000000	93999999	0.556282
Chr2	94000000	94999999	0.523964
Chr2	95000000	95999999	0.507639
Chr2	96000000	96999999	0.508565
Chr2	97000000	97999999	0.493285
Chr2	98000000	98364873	0.533821357
Chr3	0	999999	0.560132
Chr3	1000000	1999999	0.514753
Chr3	2000000	2999999	0.512165
Chr3	3000000	3999999	0.560337
Chr3	4000000	4999999	0.503868
Chr3	5000000	5999999	0.671272
Chr3	6000000	6999999	0.600736
Chr3	7000000	7999999	0.587851
Chr3	8000000	8999999	0.51734
Chr3	9000000	9999999	0.586317
Chr3	10000000	10999999	0.660836
Chr3	11000000	11999999	0.505572
Chr3	12000000	12999999	0.542608
Chr3	13000000	13999999	0.458108
Chr3	14000000	14999999	0.62711
Chr3	15000000	15999999	0.582861
Chr3	16000000	16999999	0.502526
Chr3	17000000	17999999	0.725824
Chr3	18000000	18999999	0.617643
Chr3	19000000	19999999	0.55096
Chr3	20000000	20999999	0.62689
Chr3	21000000	21999999	0.613965
Chr3	22000000	22999999	0.642585
Chr3	23000000	23999999	0.6254
Chr3	24000000	24999999	0.700054
Chr3	25000000	25999999	0.570052
Chr3	26000000	26999999	0.569883
Chr3	27000000	27999999	0.576815
Chr3	28000000	28999999	0.600556
Chr3	29000000	29999999	0.529517
Chr3	30000000	30999999	0.546154
Chr3	31000000	31999999	0.560087
Chr3	32000000	32999999	0.632673
Chr3	33000000	33999999	0.551092
Chr3	34000000	34999999	0.612306
Chr3	35000000	35999999	0.556748
Chr3	36000000	36999999	0.538267
Chr3	37000000	37999999	0.555135
Chr3	38000000	38999999	0.589822
Chr3	39000000	39999999	0.564067
Chr3	40000000	40999999	0.489314
Chr3	41000000	41999999	0.477656
Chr3	42000000	42999999	0.543819
Chr3	43000000	43999999	0.527127
Chr3	44000000	44999999	0.502586
Chr3	45000000	45999999	0.54205
Chr3	46000000	46999999	0.591739
Chr3	47000000	47999999	0.660414
Chr3	48000000	48999999	0.554657
Chr3	49000000	49999999	0.602274
Chr3	50000000	50999999	0.629294
Chr3	51000000	51999999	0.745029
Chr3	52000000	52999999	0.600988
Chr3	53000000	53999999	0.580732
Chr3	54000000	54999999	0.587425
Chr3	55000000	55999999	0.542573
Chr3	56000000	56999999	0.552989
Chr3	57000000	57999999	0.577011
Chr3	58000000	58999999	0.467507
Chr3	59000000	59999999	0.548994
Chr3	60000000	60999999	0.635496
Chr3	61000000	61999999	0.536576
Chr3	62000000	62999999	0.52755
Chr3	63000000	63999999	0.654928
Chr3	64000000	64999999	0.532905
Chr3	65000000	65999999	0.530756
Chr3	66000000	66999999	0.565639
Chr3	67000000	67999999	0.52129
Chr3	68000000	68999999	0.571544
Chr3	69000000	69999999	0.547859
Chr3	70000000	70999999	0.691706
Chr3	71000000	71999999	0.533684
Chr3	72000000	72999999	0.55844
Chr3	73000000	73999999	0.568781
Chr3	74000000	74999999	0.583417
Chr3	75000000	75999999	0.579976
Chr3	76000000	76999999	0.512475
Chr3	77000000	77999999	0.564703
Chr3	78000000	78999999	0.531585
Chr3	79000000	79999999	0.593108
Chr3	80000000	80999999	0.601707
Chr3	81000000	81999999	0.543188
Chr3	82000000	82999999	0.550926
Chr3	83000000	83999999	0.491415
Chr3	84000000	84999999	0.638188
Chr3	85000000	85999999	0.477743
Chr3	86000000	86999999	0.525783
Chr3	87000000	87999999	0.521539
Chr3	88000000	88999999	0.571107
Chr3	89000000	89999999	0.522354
Chr3	90000000	90999999	0.539581
Chr3	91000000	91999999	0.475612
Chr3	92000000	92999999	0.572923
Chr3	93000000	93999999	0.596305
Chr3	94000000	94999999	0.579498
Chr3	95000000	95999999	0.548297
Chr3	96000000	96999999	0.492368
Chr3	97000000	97999999	0.464697
Chr3	98000000	98999999	0.521182
Chr3	99000000	99999999	0.571589
Chr3	100000000	100999999	0.578807
Chr3	101000000	101999999	0.551557
Chr3	102000000	102999999	0.665141
Chr3	103000000	103999999	0.551248
Chr3	104000000	104999999	0.678996
Chr3	105000000	105999999	0.485507
Chr3	106000000	106999999	0.499753
Chr3	107000000	107999999	0.540855
Chr3	108000000	108999999	0.609402
Chr3	109000000	109999999	0.618193
Chr3	110000000	110999999	0.623693
Chr3	111000000	111999999	0.529784
Chr3	112000000	112999999	0.667357
Chr3	113000000	113999999	0.599452
Chr3	114000000	114999999	0.536572
Chr3	115000000	115999999	0.607767
Chr3	116000000	116999999	0.557825
Chr3	117000000	117999999	0.582759
Chr3	118000000	118999999	0.641286
Chr3	119000000	119999999	0.602426
Chr3	120000000	120999999	0.6534
Chr3	121000000	121999999	0.634613
Chr3	122000000	122999999	0.655179
Chr3	123000000	123999999	0.607204
Chr3	124000000	124999999	0.585883
Chr3	125000000	125999999	0.610832
Chr3	126000000	126999999	0.555195
Chr3	127000000	127999999	0.625363
Chr3	128000000	128999999	0.594852
Chr3	129000000	129999999	0.556936
Chr3	130000000	130999999	0.576036
Chr3	131000000	131999999	0.558569
Chr3	132000000	132999999	0.459055
Chr3	133000000	133999999	0.448409
Chr3	134000000	134999999	0.592236
Chr3	135000000	135999999	0.525213
Chr3	136000000	136999999	0.560164
Chr3	137000000	137999999	0.603733
Chr3	138000000	138999999	0.572416
Chr3	139000000	139999999	0.51119
Chr3	140000000	140999999	0.525474
Chr3	141000000	141999999	0.581235
Chr3	142000000	142999999	0.458615
Chr3	143000000	143999999	0.579674
Chr3	144000000	144999999	0.475924
Chr3	145000000	145999999	0.558766
Chr3	146000000	146999999	0.607095
Chr3	147000000	147999999	0.482328
Chr3	148000000	148999999	0.529762
Chr3	149000000	149999999	0.510506
Chr3	150000000	150999999	0.576939
Chr3	151000000	151999999	0.463285
Chr3	152000000	152999999	0.502147
Chr3	153000000	153999999	0.453798
Chr3	154000000	154999999	0.538376
Chr3	155000000	155999999	0.558601
Chr3	156000000	156999999	0.550809
Chr3	157000000	157999999	0.544951
Chr3	158000000	158999999	0.557441
Chr3	159000000	159999999	0.578282
Chr3	160000000	160999999	0.582628
Chr3	161000000	161999999	0.703178
Chr3	162000000	162999999	0.567376
Chr3	163000000	163999999	0.508202
Chr3	164000000	164999999	0.61527
Chr3	165000000	165999999	0.550704
Chr3	166000000	166999999	0.621544
Chr3	167000000	167999999	0.589153
Chr3	168000000	168999999	0.539706
Chr3	169000000	169999999	0.60436
Chr3	170000000	170999999	0.603918
Chr3	171000000	171999999	0.570672
Chr3	172000000	172999999	0.471735
Chr3	173000000	173999999	0.584788
Chr3	174000000	174999999	0.50856
Chr3	175000000	175999999	0.482165
Chr3	176000000	176999999	0.529294
Chr3	177000000	177999999	0.447435
Chr3	178000000	178999999	0.560495
Chr3	179000000	179999999	0.615866
Chr3	180000000	180999999	0.623034
Chr3	181000000	181999999	0.488699
Chr3	182000000	182999999	0.575524
Chr3	183000000	183999999	0.505382
Chr3	184000000	184999999	0.536322
Chr3	185000000	185999999	0.533276
Chr3	186000000	186999999	0.499019
Chr3	187000000	187999999	0.557688
Chr3	188000000	188999999	0.556343
Chr3	189000000	189999999	0.524554
Chr3	190000000	190999999	0.541605
Chr3	191000000	191999999	0.547816
Chr3	192000000	192999999	0.574579
Chr3	193000000	193999999	0.603026
Chr3	194000000	194999999	0.597916
Chr3	195000000	195999999	0.748804
Chr3	196000000	196999999	0.612632
Chr3	197000000	197999999	0.522548
Chr3	198000000	198999999	0.575126
Chr3	199000000	199999999	0.592637
Chr3	200000000	200999999	0.606886
Chr3	201000000	201999999	0.561041
Chr3	202000000	202999999	0.646035
Chr3	203000000	203999999	0.494641
Chr3	204000000	204999999	0.615791
Chr3	205000000	205999999	0.527236
Chr3	206000000	206999999	0.423821
Chr3	207000000	207093695	0.440738567
Chr4	0	999999	0.548116
Chr4	1000000	1999999	0.539179
Chr4	2000000	2999999	0.581821
Chr4	3000000	3999999	0.504377
Chr4	4000000	4999999	0.475849
Chr4	5000000	5999999	0.580446
Chr4	6000000	6999999	0.601322
Chr4	7000000	7999999	0.552887
Chr4	8000000	8999999	0.605163
Chr4	9000000	9999999	0.602568
Chr4	10000000	10999999	0.541541
Chr4	11000000	11999999	0.66088
Chr4	12000000	12999999	0.610221
Chr4	13000000	13999999	0.594667
Chr4	14000000	14999999	0.686357
Chr4	15000000	15999999	0.591175
Chr4	16000000	16999999	0.496058
Chr4	17000000	17999999	0.671668
Chr4	18000000	18999999	0.544974
Chr4	19000000	19999999	0.610922
Chr4	20000000	20999999	0.564815
Chr4	21000000	21999999	0.653181
Chr4	22000000	22999999	0.584438
Chr4	23000000	23999999	0.499232
Chr4	24000000	24999999	0.615506
Chr4	25000000	25999999	0.53623
Chr4	26000000	26999999	0.614531
Chr4	27000000	27999999	0.620481
Chr4	28000000	28999999	0.546365
Chr4	29000000	29999999	0.556809
Chr4	30000000	30999999	0.49345
Chr4	31000000	31999999	0.54308
Chr4	32000000	32999999	0.511251
Chr4	33000000	33999999	0.556589
Chr4	34000000	34999999	0.607573
Chr4	35000000	35999999	0.51682
Chr4	36000000	36999999	0.540176
Chr4	37000000	37999999	0.503191
Chr4	38000000	38999999	0.458822
Chr4	39000000	39999999	0.531678
Chr4	40000000	40999999	0.513103
Chr4	41000000	41999999	0.511201
Chr4	42000000	42999999	0.529356
Chr4	43000000	43999999	0.584108
Chr4	44000000	44999999	0.477375
Chr4	45000000	45999999	0.512296
Chr4	46000000	46999999	0.535727
Chr4	47000000	47999999	0.568009
Chr4	48000000	48999999	0.583148
Chr4	49000000	49999999	0.523666
Chr4	50000000	50051714	0.508721043
Chr5	0	999999	0.622559
Chr5	1000000	1999999	0.661259
Chr5	2000000	2999999	0.614032
Chr5	3000000	3999999	0.57716
Chr5	4000000	4999999	0.515609
Chr5	5000000	5999999	0.5478
Chr5	6000000	6999999	0.458048
Chr5	7000000	7999999	0.520063
Chr5	8000000	8999999	0.47902
Chr5	9000000	9999999	0.566444
Chr5	10000000	10999999	0.556172
Chr5	11000000	11999999	0.570384
Chr5	12000000	12999999	0.556163
Chr5	13000000	13999999	0.610332
Chr5	14000000	14999999	0.585658
Chr5	15000000	15999999	0.539049
Chr5	16000000	16999999	0.472554
Chr5	17000000	17999999	0.605069
Chr5	18000000	18999999	0.557011
Chr5	19000000	19999999	0.564771
Chr5	20000000	20999999	0.537362
Chr5	21000000	21999999	0.510672
Chr5	22000000	22999999	0.529535
Chr5	23000000	23999999	0.548517
Chr5	24000000	24999999	0.527221
Chr5	25000000	25999999	0.632813
Chr5	26000000	26999999	0.515265
Chr5	27000000	27999999	0.580331
Chr5	28000000	28999999	0.594312
Chr5	29000000	29999999	0.575403
Chr5	30000000	30999999	0.557357
Chr5	31000000	31999999	0.592304
Chr5	32000000	32999999	0.566246
Chr5	33000000	33999999	0.577766
Chr5	34000000	34999999	0.554161
Chr5	35000000	35999999	0.585323
Chr5	36000000	36999999	0.636094
Chr5	37000000	37999999	0.580534
Chr5	38000000	38999999	0.607844
Chr5	39000000	39999999	0.638205
Chr5	40000000	40999999	0.636389
Chr5	41000000	41999999	0.598021
Chr5	42000000	42999999	0.549828
Chr5	43000000	43999999	0.682215
Chr5	44000000	44999999	0.587441
Chr5	45000000	45443526	0.563597174
Chr6	0	999999	0.585469
Chr6	1000000	1999999	0.558547
Chr6	2000000	2999999	0.582006
Chr6	3000000	3999999	0.473166
Chr6	4000000	4999999	0.54293
Chr6	5000000	5999999	0.528399
Chr6	6000000	6999999	0.582202
Chr6	7000000	7999999	0.532471
Chr6	8000000	8999999	0.508336
Chr6	9000000	9999999	0.512692
Chr6	10000000	10999999	0.485235
Chr6	11000000	11999999	0.548952
Chr6	12000000	12999999	0.656464
Chr6	13000000	13999999	0.553497
Chr6	14000000	14999999	0.614958
Chr6	15000000	15999999	0.579068
Chr6	16000000	16999999	0.540447
Chr6	17000000	17999999	0.595055
Chr6	18000000	18999999	0.515926
Chr6	19000000	19999999	0.616369
Chr6	20000000	20999999	0.565418
Chr6	21000000	21999999	0.614324
Chr6	22000000	22999999	0.598845
Chr6	23000000	23999999	0.610119
Chr6	24000000	24999999	0.517252
Chr6	25000000	25999999	0.529064
Chr6	26000000	26999999	0.580903
Chr6	27000000	27999999	0.552556
Chr6	28000000	28999999	0.554063
Chr6	29000000	29999999	0.623063
Chr6	30000000	30999999	0.701298
Chr6	31000000	31999999	0.586061
Chr6	32000000	32999999	0.530511
Chr6	33000000	33999999	0.547054
Chr6	34000000	34999999	0.58266
Chr6	35000000	35772468	0.602914295
Chr7	0	999999	0.565051
Chr7	1000000	1999999	0.514743
Chr7	2000000	2999999	0.577349
Chr7	3000000	3999999	0.557351
Chr7	4000000	4999999	0.592607
Chr7	5000000	5999999	0.60691
Chr7	6000000	6999999	0.523585
Chr7	7000000	7999999	0.51333
Chr7	8000000	8999999	0.606601
Chr7	9000000	9999999	0.55204
Chr7	10000000	10999999	0.550632
Chr7	11000000	11999999	0.582252
Chr7	12000000	12999999	0.639462
Chr7	13000000	13999999	0.590391
Chr7	14000000	14999999	0.657226
Chr7	15000000	15999999	0.519478
Chr7	16000000	16999999	0.609355
Chr7	17000000	17999999	0.581045
Chr7	18000000	18999999	0.62973
Chr7	19000000	19999999	0.582463
Chr7	20000000	20999999	0.639667
Chr7	21000000	21999999	0.620737
Chr7	22000000	22999999	0.583891
Chr7	23000000	23999999	0.585164
Chr7	24000000	24999999	0.655584
Chr7	25000000	25999999	0.568724
Chr7	26000000	26999999	0.478844
Chr7	27000000	27999999	0.684961
Chr7	28000000	28624509	0.521222272
Chr8	0	999999	0.603644
Chr8	1000000	1999999	0.573245
Chr8	2000000	2999999	0.638551
Chr8	3000000	3999999	0.593129
Chr8	4000000	4999999	0.687817
Chr8	5000000	5999999	0.559049
Chr8	6000000	6999999	0.543813
Chr8	7000000	7999999	0.551221
Chr8	8000000	8999999	0.524337
Chr8	9000000	9999999	0.576103
Chr8	10000000	10999999	0.611269
Chr8	11000000	11999999	0.515047
Chr8	12000000	12999999	0.502986
Chr8	13000000	13999999	0.519201
Chr8	14000000	14999999	0.565483
Chr8	15000000	15999999	0.556606
Chr8	16000000	16999999	0.591476
Chr8	17000000	17999999	0.558293
Chr8	18000000	18999999	0.50496
Chr8	19000000	19999999	0.552186
Chr8	20000000	20999999	0.509254
Chr8	21000000	21999999	0.488579
Chr8	22000000	22999999	0.664265
Chr8	23000000	23999999	0.561654
Chr8	24000000	24999999	0.621423
Chr8	25000000	25999999	0.570478
Chr8	26000000	26999999	0.565153
Chr8	27000000	27999999	0.632353
Chr8	28000000	28999999	0.549485
Chr8	29000000	29999999	0.557512
Chr8	30000000	30999999	0.611077
Chr8	31000000	31999999	0.61066
Chr8	32000000	32999999	0.613326
Chr8	33000000	33999999	0.619505
Chr8	34000000	34999999	0.551631
Chr8	35000000	35999999	0.623839
Chr8	36000000	36999999	0.549866
Chr8	37000000	37999999	0.545414
Chr8	38000000	38999999	0.511613
Chr8	39000000	39999999	0.627659
Chr8	40000000	40999999	0.576617
Chr8	41000000	41999999	0.510524
Chr8	42000000	42999999	0.538866
Chr8	43000000	43999999	0.51939
Chr8	44000000	44999999	0.533502
Chr8	45000000	45999999	0.59523
Chr8	46000000	46999999	0.548229
Chr8	47000000	47999999	0.510071
Chr8	48000000	48999999	0.554505
Chr8	49000000	49999999	0.495297
Chr8	50000000	50999999	0.580369
Chr8	51000000	51999999	0.541003
Chr8	52000000	52999999	0.538648
Chr8	53000000	53999999	0.495026
Chr8	54000000	54999999	0.578487
Chr8	55000000	55999999	0.672838
Chr8	56000000	56999999	0.650341
Chr8	57000000	57999999	0.557093
Chr8	58000000	58999999	0.570786
Chr8	59000000	59999999	0.560316
Chr8	60000000	60999999	0.654636
Chr8	61000000	61999999	0.577368
Chr8	62000000	62999999	0.609346
Chr8	63000000	63999999	0.59586
Chr8	64000000	64999999	0.681182
Chr8	65000000	65999999	0.606313
Chr8	66000000	66999999	0.58648
Chr8	67000000	67999999	0.466615
Chr8	68000000	68999999	0.547326
Chr8	69000000	69999999	0.476067
Chr8	70000000	70999999	0.521948
Chr8	71000000	71999999	0.460137
Chr8	72000000	72999999	0.590116
Chr8	73000000	73999999	0.527834
Chr8	74000000	74999999	0.547338
Chr8	75000000	75999999	0.542732
Chr8	76000000	76999999	0.486905
Chr8	77000000	77999999	0.547743
Chr8	78000000	78999999	0.524609
Chr8	79000000	79999999	0.595005
Chr8	80000000	80999999	0.528007
Chr8	81000000	81999999	0.524762
Chr8	82000000	82999999	0.578536
Chr8	83000000	83999999	0.63209
Chr8	84000000	84999999	0.534139
Chr8	85000000	85999999	0.511265
Chr8	86000000	86999999	0.466431
Chr8	87000000	87999999	0.577786
Chr8	88000000	88999999	0.514634
Chr8	89000000	89999999	0.427273
Chr8	90000000	90999999	0.623712
Chr8	91000000	91999999	0.478485
Chr8	92000000	92999999	0.532215
Chr8	93000000	93999999	0.612234
Chr8	94000000	94999999	0.503411
Chr8	95000000	95999999	0.458067
Chr8	96000000	96999999	0.52366
Chr8	97000000	97999999	0.658287
Chr8	98000000	98999999	0.536226
Chr8	99000000	99999999	0.565437
Chr8	100000000	100999999	0.602466
Chr8	101000000	101999999	0.602618
Chr8	102000000	102999999	0.501329
Chr8	103000000	103999999	0.533402
Chr8	104000000	104999999	0.54583
Chr8	105000000	105999999	0.536483
Chr8	106000000	106999999	0.561995
Chr8	107000000	107999999	0.636288
Chr8	108000000	108999999	0.605015
Chr8	109000000	109999999	0.644141
Chr8	110000000	110999999	0.555095
Chr8	111000000	111999999	0.5416
Chr8	112000000	112999999	0.584757
Chr8	113000000	113999999	0.635005
Chr8	114000000	114999999	0.55339
Chr8	115000000	115999999	0.673351
Chr8	116000000	116999999	0.518134
Chr8	117000000	117999999	0.481011
Chr8	118000000	118999999	0.58748
Chr8	119000000	119999999	0.549858
Chr8	120000000	120999999	0.575611
Chr8	121000000	121999999	0.672068
Chr8	122000000	122999999	0.6024
Chr8	123000000	123999999	0.636391
Chr8	124000000	124999999	0.63539
Chr8	125000000	125999999	0.696589
Chr8	126000000	126999999	0.560339
Chr8	127000000	127999999	0.654876
Chr8	128000000	128999999	0.601221
Chr8	129000000	129999999	0.616344
Chr8	130000000	130999999	0.591202
Chr8	131000000	131999999	0.56346
Chr8	132000000	132999999	0.573261
Chr8	133000000	133999999	0.53363
Chr8	134000000	134999999	0.552942
Chr8	135000000	135999999	0.509693
Chr8	136000000	136999999	0.575281
Chr8	137000000	137999999	0.525462
Chr8	138000000	138999999	0.487516
Chr8	139000000	139999999	0.494959
Chr8	140000000	140999999	0.549741
Chr8	141000000	141999999	0.504749
Chr8	142000000	142999999	0.538839
Chr8	143000000	143999999	0.557578
Chr8	144000000	144999999	0.556881
Chr8	145000000	145999999	0.439707
Chr8	146000000	146999999	0.516153
Chr8	147000000	147999999	0.632987
Chr8	148000000	148999999	0.561273
Chr8	149000000	149999999	0.508129
Chr8	150000000	150999999	0.545973
Chr8	151000000	151999999	0.483848
Chr8	152000000	152999999	0.486002
Chr8	153000000	153999999	0.513255
Chr8	154000000	154999999	0.54845
Chr8	155000000	155999999	0.551192
Chr8	156000000	156999999	0.518388
Chr8	157000000	157999999	0.51455
Chr8	158000000	158999999	0.470428
Chr8	159000000	159999999	0.59449
Chr8	160000000	160999999	0.568798
Chr8	161000000	161999999	0.553498
Chr8	162000000	162999999	0.601241
Chr8	163000000	163999999	0.534253
Chr8	164000000	164999999	0.700535
Chr8	165000000	165999999	0.548062
Chr8	166000000	166999999	0.53357
Chr8	167000000	167999999	0.700474
Chr8	168000000	168999999	0.625626
Chr8	169000000	169999999	0.51856
Chr8	170000000	170999999	0.543332
Chr8	171000000	171999999	0.533575
Chr8	172000000	172999999	0.58317
Chr8	173000000	173999999	0.566489
Chr8	174000000	174999999	0.536067
Chr8	175000000	175999999	0.532752
Chr8	176000000	176999999	0.521242
Chr8	177000000	177999999	0.564444
Chr8	178000000	178999999	0.431771
Chr8	179000000	179999999	0.493047
Chr8	180000000	180999999	0.5133
Chr8	181000000	181999999	0.574066
Chr8	182000000	182999999	0.543831
Chr8	183000000	183999999	0.530947
Chr8	184000000	184999999	0.570798
Chr8	185000000	185999999	0.547948
Chr8	186000000	186999999	0.504975
Chr8	187000000	187999999	0.544492
Chr8	188000000	188999999	0.538786
Chr8	189000000	189999999	0.556492
Chr8	190000000	190999999	0.478028
Chr8	191000000	191999999	0.558775
Chr8	192000000	192999999	0.50423
Chr8	193000000	193999999	0.483996
Chr8	194000000	194999999	0.475382
Chr8	195000000	195669025	0.494700497
Chr9	0	999999	0.6362
Chr9	1000000	1999999	0.52685
Chr9	2000000	2999999	0.457789
Chr9	3000000	3999999	0.493115
Chr9	4000000	4999999	0.525557
Chr9	5000000	5999999	0.575827
Chr9	6000000	6999999	0.456131
Chr9	7000000	7999999	0.597065
Chr9	8000000	8999999	0.565145
Chr9	9000000	9999999	0.589312
Chr9	10000000	10999999	0.56568
Chr9	11000000	11999999	0.581769
Chr9	12000000	12999999	0.551642
Chr9	13000000	13999999	0.534901
Chr9	14000000	14999999	0.515598
Chr9	15000000	15999999	0.626624
Chr9	16000000	16999999	0.52839
Chr9	17000000	17999999	0.539145
Chr9	18000000	18999999	0.653386
Chr9	19000000	19999999	0.58105
Chr9	20000000	20999999	0.551599
Chr9	21000000	21999999	0.644104
Chr9	22000000	22999999	0.534425
Chr9	23000000	23999999	0.562443
Chr9	24000000	24999999	0.486755
Chr9	25000000	25999999	0.544883
Chr9	26000000	26999999	0.588085
Chr9	27000000	27999999	0.670743
Chr9	28000000	28999999	0.580388
Chr9	29000000	29999999	0.548247
Chr9	30000000	30999999	0.469106
Chr9	31000000	31999999	0.567179
Chr9	32000000	32999999	0.617707
Chr9	33000000	33999999	0.631578
Chr9	34000000	34999999	0.594162
Chr9	35000000	35999999	0.602708
Chr9	36000000	36999999	0.672137
Chr9	37000000	37999999	0.557817
Chr9	38000000	38999999	0.646192
Chr9	39000000	39999999	0.646949
Chr9	40000000	40999999	0.58385
Chr9	41000000	41999999	0.566891
Chr9	42000000	42999999	0.640476
Chr9	43000000	43999999	0.741844
Chr9	44000000	44999999	0.597444
Chr9	45000000	45999999	0.706948
Chr9	46000000	46999999	0.536152
Chr9	47000000	47999999	0.548886
Chr9	48000000	48999999	0.573101
Chr9	49000000	49999999	0.542089
Chr9	50000000	50999999	0.582757
Chr9	51000000	51999999	0.612572
Chr9	52000000	52999999	0.527039
Chr9	53000000	53999999	0.500057
Chr9	54000000	54999999	0.515229
Chr9	55000000	55551413	0.733484702
Chr10	0	999999	0.484185
Chr10	1000000	1999999	0.668357
Chr10	2000000	2999999	0.499337
Chr10	3000000	3999999	0.578338
Chr10	4000000	4999999	0.467245
Chr10	5000000	5999999	0.630043
Chr10	6000000	6999999	0.525155
Chr10	7000000	7999999	0.569817
Chr10	8000000	8999999	0.564899
Chr10	9000000	9999999	0.477935
Chr10	10000000	10999999	0.515585
Chr10	11000000	11999999	0.602581
Chr10	12000000	12999999	0.42446
Chr10	13000000	13999999	0.451402
Chr10	14000000	14999999	0.457551
Chr10	15000000	15999999	0.455224
Chr10	16000000	16999999	0.523491
Chr10	17000000	17999999	0.550609
Chr10	18000000	18999999	0.455651
Chr10	19000000	19999999	0.464219
Chr10	20000000	20999999	0.475049
Chr10	21000000	21999999	0.528626
Chr10	22000000	22999999	0.528772
Chr10	23000000	23999999	0.444025
Chr10	24000000	24999999	0.52314
Chr10	25000000	25999999	0.51828
Chr10	26000000	26999999	0.491905
Chr10	27000000	27999999	0.544892
Chr10	28000000	28999999	0.499205
Chr10	29000000	29999999	0.568343
Chr10	30000000	30999999	0.575288
Chr10	31000000	31999999	0.505452
Chr10	32000000	32999999	0.590931
Chr10	33000000	33999999	0.56562
Chr10	34000000	34999999	0.502108
Chr10	35000000	35999999	0.608679
Chr10	36000000	36999999	0.492832
Chr10	37000000	37999999	0.558628
Chr10	38000000	38999999	0.565369
Chr10	39000000	39999999	0.55436
Chr10	40000000	40999999	0.557418
Chr10	41000000	41999999	0.579701
Chr10	42000000	42999999	0.539503
Chr10	43000000	43999999	0.618785
Chr10	44000000	44999999	0.56617
Chr10	45000000	45999999	0.707306
Chr10	46000000	46999999	0.489679
Chr10	47000000	47999999	0.587637
Chr10	48000000	48999999	0.603414
Chr10	49000000	49999999	0.604964
Chr10	50000000	50999999	0.622704
Chr10	51000000	51999999	0.706748
Chr10	52000000	52999999	0.567833
Chr10	53000000	53999999	0.63101
Chr10	54000000	54999999	0.59526
Chr10	55000000	55999999	0.654612
Chr10	56000000	56999999	0.598063
Chr10	57000000	57983155	0.596440032
Chr11	0	999999	0.624952
Chr11	1000000	1999999	0.578738
Chr11	2000000	2999999	0.491929
Chr11	3000000	3999999	0.664396
Chr11	4000000	4999999	0.545974
Chr11	5000000	5999999	0.533683
Chr11	6000000	6999999	0.54402
Chr11	7000000	7999999	0.470308
Chr11	8000000	8999999	0.552375
Chr11	9000000	9999999	0.642075
Chr11	10000000	10999999	0.544644
Chr11	11000000	11999999	0.608293
Chr11	12000000	12999999	0.71423
Chr11	13000000	13999999	0.590372
Chr11	14000000	14999999	0.612977
Chr11	15000000	15999999	0.567118
Chr11	16000000	16999999	0.573657
Chr11	17000000	17999999	0.563009
Chr11	18000000	18999999	0.604768
Chr11	19000000	19999999	0.501413
Chr11	20000000	20999999	0.55249
Chr11	21000000	21999999	0.542841
Chr11	22000000	22999999	0.574443
Chr11	23000000	23999999	0.657454
Chr11	24000000	24999999	0.532882
Chr11	25000000	25999999	0.503815
Chr11	26000000	26999999	0.491525
Chr11	27000000	27999999	0.552087
Chr11	28000000	28999999	0.626117
Chr11	29000000	29999999	0.537335
Chr11	30000000	30999999	0.55445
Chr11	31000000	31999999	0.593006
Chr11	32000000	32999999	0.543463
Chr11	33000000	33999999	0.564321
Chr11	34000000	34999999	0.65463
Chr11	35000000	35999999	0.540022
Chr11	36000000	36999999	0.566342
Chr11	37000000	37999999	0.623431
Chr11	38000000	38999999	0.673984
Chr11	39000000	39999999	0.607162
Chr11	40000000	40999999	0.546128
Chr11	41000000	41999999	0.634126
Chr11	42000000	42999999	0.617039
Chr11	43000000	43999999	0.594241
Chr11	44000000	44999999	0.548042
Chr11	45000000	45999999	0.651119
Chr11	46000000	46999999	0.607856
Chr11	47000000	47999999	0.542407
Chr11	48000000	48999999	0.542569
Chr11	49000000	49999999	0.570929
Chr11	50000000	50685131	0.613755618
Chr12	0	999999	0.555583
Chr12	1000000	1999999	0.535803
Chr12	2000000	2999999	0.502951
Chr12	3000000	3999999	0.532114
Chr12	4000000	4999999	0.491526
Chr12	5000000	5999999	0.601797
Chr12	6000000	6999999	0.609794
Chr12	7000000	7999999	0.550382
Chr12	8000000	8999999	0.557503
Chr12	9000000	9999999	0.576871
Chr12	10000000	10999999	0.632619
Chr12	11000000	11999999	0.581676
Chr12	12000000	12999999	0.546295
Chr12	13000000	13999999	0.533499
Chr12	14000000	14999999	0.511518
Chr12	15000000	15999999	0.594289
Chr12	16000000	16999999	0.5923
Chr12	17000000	17999999	0.625334
Chr12	18000000	18999999	0.614575
Chr12	19000000	19999999	0.518881
Chr12	20000000	20999999	0.596455
Chr12	21000000	21999999	0.536016
Chr12	22000000	22999999	0.573257
Chr12	23000000	23999999	0.528244
Chr12	24000000	24999999	0.568493
Chr12	25000000	25999999	0.542707
Chr12	26000000	26999999	0.532282
Chr12	27000000	27999999	0.569744
Chr12	28000000	28999999	0.627309
Chr12	29000000	29999999	0.637871
Chr12	30000000	30999999	0.63448
Chr12	31000000	31999999	0.604298
Chr12	32000000	32552834	0.528457005
Chr13	0	999999	0.532576
Chr13	1000000	1999999	0.454416
Chr13	2000000	2999999	0.519226
Chr13	3000000	3999999	0.518325
Chr13	4000000	4999999	0.462674
Chr13	5000000	5999999	0.552185
Chr13	6000000	6999999	0.46992
Chr13	7000000	7999999	0.525144
Chr13	8000000	8999999	0.565692
Chr13	9000000	9999999	0.571235
Chr13	10000000	10999999	0.51012
Chr13	11000000	11999999	0.547025
Chr13	12000000	12999999	0.619337
Chr13	13000000	13999999	0.678678
Chr13	14000000	14999999	0.592038
Chr13	15000000	15999999	0.570823
Chr13	16000000	16999999	0.557457
Chr13	17000000	17999999	0.485723
Chr13	18000000	18999999	0.529023
Chr13	19000000	19999999	0.515731
Chr13	20000000	20999999	0.48538
Chr13	21000000	21999999	0.466524
Chr13	22000000	22999999	0.561161
Chr13	23000000	23999999	0.579003
Chr13	24000000	24999999	0.479036
Chr13	25000000	25667229	0.596736653
Chr14	0	999999	0.522279
Chr14	1000000	1999999	0.602316
Chr14	2000000	2999999	0.504065
Chr14	3000000	3999999	0.493889
Chr14	4000000	4999999	0.542565
Chr14	5000000	5999999	0.514636
Chr14	6000000	6999999	0.526892
Chr14	7000000	7999999	0.627754
Chr14	8000000	8999999	0.528697
Chr14	9000000	9999999	0.45031
Chr14	10000000	10999999	0.474613
Chr14	11000000	11999999	0.479722
Chr14	12000000	12999999	0.525035
Chr14	13000000	13999999	0.52543
Chr14	14000000	14999999	0.590635
Chr14	15000000	15999999	0.598475
Chr14	16000000	16999999	0.496591
Chr14	17000000	17999999	0.556764
Chr14	18000000	18999999	0.506218
Chr14	19000000	19999999	0.497834
Chr14	20000000	20999999	0.561973
Chr14	21000000	21999999	0.477826
Chr14	22000000	22999999	0.564983
Chr14	23000000	23999999	0.627115
Chr14	24000000	24999999	0.50564
Chr14	25000000	25999999	0.577362
Chr14	26000000	26999999	0.647198
Chr14	27000000	27999999	0.671774
Chr14	28000000	28999999	0.610876
Chr14	29000000	29999999	0.730805
Chr14	30000000	30999999	0.667824
Chr14	31000000	31999999	0.655903
Chr14	32000000	32999999	0.529443
Chr14	33000000	33999999	0.526701
Chr14	34000000	34999999	0.643724
Chr14	35000000	35999999	0.540503
Chr14	36000000	36999999	0.575316
Chr14	37000000	37999999	0.6534
Chr14	38000000	38999999	0.609565
Chr14	39000000	39999999	0.514454
Chr14	40000000	40999999	0.567133
Chr14	41000000	41999999	0.554244
Chr14	42000000	42999999	0.631114
Chr14	43000000	43999999	0.531079
Chr14	44000000	44999999	0.63242
Chr14	45000000	45999999	0.586008
Chr14	46000000	46999999	0.652955
Chr14	47000000	47999999	0.581997
Chr14	48000000	48999999	0.549975
Chr14	49000000	49999999	0.608927
Chr14	50000000	50999999	0.559474
Chr14	51000000	51999999	0.468923
Chr14	52000000	52999999	0.447232
Chr14	53000000	53685928	0.479595526
Chr15	0	999999	0.535702
Chr15	1000000	1999999	0.475829
Chr15	2000000	2999999	0.549678
Chr15	3000000	3999999	0.588668
Chr15	4000000	4999999	0.602955
Chr15	5000000	5999999	0.594123
Chr15	6000000	6999999	0.578634
Chr15	7000000	7999999	0.637492
Chr15	8000000	8999999	0.473278
Chr15	9000000	9999999	0.480611
Chr15	10000000	10999999	0.536268
Chr15	11000000	11999999	0.459878
Chr15	12000000	12999999	0.538852
Chr15	13000000	13456278	0.529569692
Chr16	0	999999	0.439949
Chr16	1000000	1999999	0.533548
Chr16	2000000	2999999	0.533752
Chr16	3000000	3999999	0.622642
Chr16	4000000	4999999	0.574197
Chr16	5000000	5999999	0.569454
Chr16	6000000	6999999	0.558091
Chr16	7000000	7999999	0.559852
Chr16	8000000	8999999	0.626846
Chr16	9000000	9999999	0.670286
Chr16	10000000	10999999	0.651745
Chr16	11000000	11999999	0.646762
Chr16	12000000	12999999	0.603475
Chr16	13000000	13999999	0.688074
Chr16	14000000	14999999	0.604681
Chr16	15000000	15999999	0.632103
Chr16	16000000	16999999	0.625422
Chr16	17000000	17999999	0.576399
Chr16	18000000	18999999	0.593424
Chr16	19000000	19999999	0.57743
Chr16	20000000	20999999	0.685302
Chr16	21000000	21999999	0.632401
Chr16	22000000	22999999	0.585562
Chr16	23000000	23999999	0.471282
Chr16	24000000	24999999	0.620126
Chr16	25000000	25999999	0.523442
Chr16	26000000	26999999	0.52582
Chr16	27000000	27999999	0.501756
Chr16	28000000	28459215	0.488886469
Chr17	0	999999	0.561685
Chr17	1000000	1999999	0.476456
Chr17	2000000	2999999	0.507639
Chr17	3000000	3999999	0.520571
Chr17	4000000	4999999	0.553169
Chr17	5000000	5999999	0.575929
Chr17	6000000	6999999	0.57571
Chr17	7000000	7999999	0.528294
Chr17	8000000	8999999	0.624533
Chr17	9000000	9999999	0.622387
Chr17	10000000	10999999	0.61042
Chr17	11000000	11999999	0.663728
Chr17	12000000	12999999	0.661951
Chr17	13000000	13999999	0.588925
Chr17	14000000	14999999	0.502832
Chr17	15000000	15999999	0.667735
Chr17	16000000	16999999	0.624187
Chr17	17000000	17999999	0.603076
Chr17	18000000	18999999	0.565035
Chr17	19000000	19999999	0.528905
Chr17	20000000	20999999	0.69169
Chr17	21000000	21999999	0.682018
Chr17	22000000	22999999	0.6737
Chr17	23000000	23999999	0.62069
Chr17	24000000	24999999	0.518572
Chr17	25000000	25999999	0.652308
Chr17	26000000	26999999	0.587537
Chr17	27000000	27999999	0.541273
Chr17	28000000	28999999	0.549602
Chr17	29000000	29999999	0.515151
Chr17	30000000	30999999	0.615529
Chr17	31000000	31999999	0.576703
Chr17	32000000	32999999	0.569257
Chr17	33000000	33999999	0.51647
Chr17	34000000	34999999	0.578121
Chr17	35000000	35999999	0.7079
Chr17	36000000	36999999	0.547357
Chr17	37000000	37999999	0.62901
Chr17	38000000	38999999	0.559922
Chr17	39000000	39999999	0.445384
Chr17	40000000	40999999	0.506283
Chr17	41000000	41999999	0.599095
Chr17	42000000	42403734	0.547038397
Chr18	0	999999	0.622114
Chr18	1000000	1999999	0.5737
Chr18	2000000	2999999	0.583581
Chr18	3000000	3999999	0.503537
Chr18	4000000	4999999	0.591849
Chr18	5000000	5999999	0.615201
Chr18	6000000	6999999	0.618769
Chr18	7000000	7999999	0.585914
Chr18	8000000	8999999	0.580774
Chr18	9000000	9999999	0.511794
Chr18	10000000	10999999	0.617771
Chr18	11000000	11999999	0.56128
Chr18	12000000	12999999	0.562216
Chr18	13000000	13999999	0.657208
Chr18	14000000	14999999	0.541653
Chr18	15000000	15999999	0.522624
Chr18	16000000	16999999	0.568488
Chr18	17000000	17999999	0.539802
Chr18	18000000	18999999	0.570809
Chr18	19000000	19999999	0.554244
Chr18	20000000	20999999	0.495709
Chr18	21000000	21999999	0.546441
Chr18	22000000	22999999	0.574835
Chr18	23000000	23999999	0.572785
Chr18	24000000	24999999	0.565322
Chr18	25000000	25999999	0.711626
Chr18	26000000	26999999	0.697274
Chr18	27000000	27842185	0.609277059
Chr19	0	999999	0.590368
Chr19	1000000	1999999	0.516583
Chr19	2000000	2999999	0.521843
Chr19	3000000	3999999	0.632046
Chr19	4000000	4999999	0.610244
Chr19	5000000	5999999	0.578592
Chr19	6000000	6999999	0.572536
Chr19	7000000	7999999	0.492131
Chr19	8000000	8999999	0.601758
Chr19	9000000	9999999	0.590936
Chr19	10000000	10999999	0.613245
Chr19	11000000	11999999	0.715956
Chr19	12000000	12999999	0.565214
Chr19	13000000	13999999	0.62999
Chr19	14000000	14999999	0.593235
Chr19	15000000	15999999	0.6963
Chr19	16000000	16999999	0.642048
Chr19	17000000	17999999	0.602974
Chr19	18000000	18999999	0.559234
Chr19	19000000	19701765	0.50183751
