id	fc	log2fc	pvalue	padj
RCC1	2.96732040477035	1.56916071428572	8.79246166393465e-42	5.90853423816408e-39
CCT3	2.7009784755304	1.43348214285714	4.79668337409581e-32	1.61168561369619e-29
TOP2A	7.7197470253727	2.94855357142857	4.85287800403566e-31	1.08704467290399e-28
CDC20	6.98642094978337	2.80455357142857	8.51724870068475e-31	1.43089778171504e-28
HSPD1	2.39985364960308	1.26294642857143	1.51104662759562e-30	2.03084666748852e-28
DKC1	2.14237983372506	1.09921428571429	1.98796322167605e-30	2.22651880827717e-28
VARS	2.35871318452243	1.238	2.59040961811927e-29	2.4867932333945e-27
DDOST	1.81706136550102	0.861607142857143	3.00305714885124e-28	2.52256800503504e-26
TPX2	6.61021148030193	2.72469642857143	6.56018764019552e-28	4.89827343801265e-26
BIRC5	5.51123253510396	2.462375	7.72511232105901e-28	5.19127547975165e-26
PLK1	3.80225988260386	1.92685714285714	2.45682011104995e-27	1.5008937405687e-25
EPRS	2.09860197972425	1.06942857142857	5.40925961779551e-27	2.91072737617658e-25
GAPDH	3.11257185518182	1.63810714285715	5.63087141224635e-27	2.91072737617658e-25
CDCA8	4.34769278257961	2.12025	8.342813941061e-27	4.00455069170928e-25
CPSF3	1.79862304321125	0.846892857142858	9.50735687417567e-27	4.2592958796307e-25
RRM2	5.09048660426085	2.34780357142857	1.38393718392256e-26	5.81253617247475e-25
MCM4	3.5608317895578	1.83221428571428	1.69391231648933e-26	6.69593574518133e-25
POLR2H	1.87525824556998	0.907089285714286	1.95110684633477e-26	7.28413222631647e-25
WDR75	1.65857750271827	0.729946428571429	2.06408008146803e-26	7.30032534077115e-25
IARS	1.86248930715299	0.897232142857142	4.09238156798407e-26	1.37504020684265e-24
GINS2	2.75486599384817	1.46198214285714	9.99774361794112e-26	3.14081942748264e-24
BOP1	2.58275485376154	1.36891071428572	1.02824445542586e-25	3.14081942748264e-24
WDR12	1.71076649430815	0.774642857142856	1.18018883084329e-25	3.44820388837693e-24
HEATR1	2.00560252039235	1.00403571428571	1.32087749634446e-25	3.69845698976448e-24
KIF11	3.64078614182573	1.86425	1.55750906794665e-25	4.1865843746406e-24
CDC6	3.28150388894928	1.71435714285714	2.5772381467398e-25	6.66116936388133e-24
CCNA2	3.92350450616045	1.97214285714286	3.72286951678504e-25	9.26580857510943e-24
SNRPE	2.22849763296816	1.15607142857143	4.21187826693639e-25	1.01085078406473e-23
NSF	1.92521271562327	0.945017857142857	5.76988880507787e-25	1.3370225093146e-23
PRC1	3.34039302360056	1.74001785714286	7.16373252412831e-25	1.60467608540474e-23
BUB1B	3.19406319540365	1.67539285714286	7.5815749900762e-25	1.64348980430039e-23
AURKB	3.55352290861584	1.82925	7.96299021287705e-25	1.67222794470418e-23
SPC24	2.53942171604949	1.3445	1.56142204901319e-24	3.17962308162686e-23
SEC61A1	1.74701604352499	0.804892857142857	1.64805341388255e-24	3.25732910037962e-23
HSPE1	2.14431649196349	1.10051785714286	2.84138395430212e-24	5.39266243361781e-23
NOL10	1.69966450217414	0.765249999999999	2.88892630372382e-24	5.39266243361781e-23
DARS	1.61716208628591	0.693464285714284	3.19741731039254e-24	5.80720116914537e-23
HYOU1	2.33339180117953	1.22242857142857	3.35985110401884e-24	5.94163142605437e-23
GARS	2.13314515822241	1.09298214285714	3.56731906008135e-24	6.14676514967864e-23
COPB2	1.73177319846718	0.792250000000001	3.70932538579199e-24	6.23166664813055e-23
CDT1	3.03413591775437	1.60128571428572	5.76208563954016e-24	9.44419890188045e-23
EIF6	1.87560644663408	0.907357142857144	6.18223889114917e-24	9.89158222583868e-23
SLC39A7	1.85540243873764	0.891732142857139	6.87665051228829e-24	1.07467654517622e-22
PRPF19	1.66285308939298	0.733660714285714	7.155431998673e-24	1.09282961434279e-22
GINS1	2.88821586154301	1.53017857142857	1.00242616526419e-23	1.49695640679453e-22
PSMD7	1.59637940461735	0.674803571428573	1.31178546151156e-23	1.91634745681688e-22
ACTL6A	1.95438444418804	0.966714285714287	1.82058270678444e-23	2.58026054697713e-22
GNL3	2.01535741089303	1.01103571428572	1.84304324784081e-23	2.58026054697713e-22
MCM6	2.65191716867434	1.40703571428571	1.94407369648791e-23	2.66615821232627e-22
AURKA	3.45011118857408	1.78664285714286	2.19264439366197e-23	2.94691406508169e-22
MED20	1.66098116568756	0.732035714285715	2.58046011813688e-23	3.40013568507448e-22
ALDOA	2.29529338555069	1.19867857142857	3.50596751734533e-23	4.53078879164627e-22
BYSL	2.14452883489518	1.10066071428571	4.19773305988793e-23	5.32240870989564e-22
MCM2	3.1830519746265	1.67041071428571	6.82692190583657e-23	8.4957250383744e-22
NUF2	3.11299567286307	1.63830357142857	8.83423548365568e-23	1.07938295363939e-21
COPG1	1.68071071525619	0.749071428571428	1.07044093020865e-22	1.28452911625037e-21
TONSL	2.06587075622665	1.04675	1.3872433456542e-22	1.63548689171863e-21
FARSB	1.74450946928108	0.802821428571429	1.53684451220699e-22	1.78061984862603e-21
NDC80	2.78276264020805	1.47651785714286	1.63979522305993e-22	1.86769896592588e-21
SPDL1	1.81057310410924	0.856446428571428	2.13153481221084e-22	2.38731898967614e-21
POLR1B	1.61886439526918	0.694982142857142	2.21368128579602e-22	2.43867840009004e-21
DDX56	1.75423166753393	0.810839285714287	2.4038625387909e-22	2.60547681623787e-21
DDX41	1.56366186663965	0.644928571428573	3.40652265717439e-22	3.63362416765269e-21
CHAF1B	2.15389277064928	1.10694642857143	4.39033820934108e-22	4.60985511980813e-21
TIMELESS	2.51570766591277	1.33096428571428	4.8856358517431e-22	5.05099583441748e-21
DONSON	2.0111958409136	1.00805357142857	6.0878424847454e-22	6.19853052992259e-21
NCAPG	2.88160981439451	1.526875	6.78738428144534e-22	6.80764513004667e-21
PSMG3	2.32837176598153	1.21932142857143	7.09178612001455e-22	7.00835334213202e-21
KARS	1.55848347431297	0.640142857142858	7.32200517085687e-22	7.13099634031278e-21
CLTC	1.65744877789857	0.728964285714286	9.61478748556486e-22	9.23019598614226e-21
MAD2L1	2.6499484331254	1.40596428571429	1.14081392867517e-21	1.07975628178833e-20
NPLOC4	1.58916382398866	0.668267857142857	1.91019238995919e-21	1.78284623062858e-20
NAT10	1.61730220877375	0.693589285714287	2.31187992517329e-21	2.11990097688424e-20
EIF3B	1.9467551307755	0.961071428571432	2.33441476621181e-21	2.11990097688424e-20
CCT8	1.59669558617734	0.675089285714286	3.3077040347278e-21	2.96370281511611e-20
HNRNPL	1.40487953539856	0.49044642857143	3.57812244185475e-21	3.16381352753473e-20
KIF23	2.56529546181042	1.359125	3.71434194297136e-21	3.24160751386591e-20
TUBG1	1.99967820755654	0.999767857142857	4.05816444832401e-21	3.49626475547915e-20
PKMYT1	2.30751381572846	1.20633928571429	4.55013128446886e-21	3.8571293685368e-20
CDK1	3.33209277824887	1.73642857142857	4.59182067682953e-21	3.8571293685368e-20
BUB3	1.70006426767068	0.765589285714286	4.76128658289667e-21	3.95010442432909e-20
EFTUD2	1.56971212229871	0.6505	6.24604868565776e-21	5.07486759815548e-20
YKT6	1.78876552166789	0.83896428571428	6.26806563462656e-21	5.07486759815548e-20
CLNS1A	1.72896745672261	0.789910714285714	6.69412324665984e-21	5.35529859732787e-20
PSMD14	1.76383338262097	0.818714285714286	8.30415018799869e-21	6.5651634427472e-20
DTYMK	2.11432393499784	1.08019642857143	9.76285766824019e-21	7.62865157332257e-20
PSMD4	1.84105881258379	0.880535714285713	1.42615623665105e-20	1.10158274830978e-19
PFDN6	1.77476130053221	0.827625	1.69897806260075e-20	1.29740142962239e-19
COPA	1.83652959258064	0.876982142857144	2.14179893837671e-20	1.61717852425747e-19
PSMC4	1.80225552437859	0.849803571428573	2.46053187095221e-20	1.83719713031098e-19
CDC45	2.79605522775191	1.48339285714286	2.99206789234029e-20	2.20952705895898e-19
MARS	1.75275578926553	0.809625000000002	3.49304798631823e-20	2.5514437465281e-19
NLE1	1.6117666166362	0.688642857142857	3.53723720056675e-20	2.55593913847404e-19
CHEK1	2.29529338555069	1.19867857142857	4.70162629367843e-20	3.36116262697011e-19
KPNB1	1.78823422439562	0.838535714285713	5.42255374545158e-20	3.83574328099312e-19
SPC25	2.31575422038446	1.21148214285714	5.8405851398334e-20	4.08840959788338e-19
SNRPA1	1.68788227739404	0.755214285714286	6.39917670286616e-20	4.43324406631553e-19
POLE2	1.90157709199196	0.927196428571429	6.55540710348409e-20	4.49513629953195e-19
NFS1	1.50133923723917	0.58625	9.16454384280464e-20	6.22078127511588e-19
RAD51	2.04569247768175	1.03258928571429	9.75146778771136e-20	6.55298635334204e-19
PRMT5	1.72134432736759	0.783535714285712	1.37043644751867e-19	9.11815141319353e-19
PSMD3	1.56650955706884	0.647553571428571	1.4719137008896e-19	9.69731379409621e-19
VPS25	1.54846554912016	0.630839285714288	1.71936361305714e-19	1.12175956114019e-18
SSRP1	1.61718210304088	0.693482142857144	1.85105440906652e-19	1.19606592585836e-18
EIF3I	1.64712087105022	0.719946428571427	2.22745775561329e-19	1.42557296359251e-18
PSMD11	1.75966838174914	0.815303571428574	2.98252849355147e-19	1.89081051666659e-18
INCENP	2.04619895678827	1.03294642857143	3.05576666676552e-19	1.91913570099666e-18
RRM1	1.78998367336456	0.839946428571428	3.58619472475709e-19	2.23141005095997e-18
SRSF1	1.41631567630228	0.502142857142854	4.26677615394321e-19	2.63052621600903e-18
HSPA9	1.64282473165781	0.716178571428573	5.66593029726776e-19	3.46136832705812e-18
NOP58	1.71051241039861	0.774428571428571	6.70470543375848e-19	4.0300243196496e-18
PAK1IP1	1.69370025167175	0.760178571428571	6.71670719941601e-19	4.0300243196496e-18
ABCE1	1.61548156306383	0.691964285714286	6.79357962558073e-19	4.04007567114182e-18
WDR55	1.40171828551483	0.487196428571428	9.23994129257376e-19	5.44670223562243e-18
ORC6	2.01112116079694	1.008	1.10819633259007e-18	6.47572117826543e-18
PSMB4	1.87997605383424	0.910714285714286	1.14273543959341e-18	6.61998461557563e-18
XPO1	1.64924253111281	0.721803571428572	1.26578225281024e-18	7.27013396485879e-18
WDHD1	2.03010390774834	1.02155357142857	1.34460897389237e-18	7.61097399291923e-18
NUP85	1.65402626383766	0.725982142857143	1.34777664457945e-18	7.61097399291923e-18
POLR2D	1.58729626470661	0.666571428571427	1.74070671638689e-18	9.74795761176657e-18
SRP54	1.61556154836463	0.692035714285713	1.87536366770145e-18	1.04152428487221e-17
MED14	1.58564677746239	0.665071428571429	2.01399735725104e-18	1.10934936399402e-17
PRPF4	1.52176965540342	0.605749999999998	2.045257642323e-18	1.11740905336671e-17
DPAGT1	1.54639696831531	0.628910714285714	2.49152927153775e-18	1.35024812134949e-17
GPN1	1.63198183581258	0.706625000000001	2.64427436126008e-18	1.42156189661342e-17
WDR3	1.5584256044003	0.640089285714287	3.08130762189858e-18	1.64336406501258e-17
EIF2S3	1.68947081487331	0.756571428571426	3.75700355012595e-18	1.98795778400365e-17
NOP2	1.7722807267723	0.825607142857143	3.92410895605818e-18	2.05530195119833e-17
TARS	1.87874316710687	0.909767857142858	3.95591994795977e-18	2.05530195119833e-17
RSL1D1	1.51511633415258	0.599428571428572	3.97603056035392e-18	2.05530195119833e-17
NOL6	1.59598426571269	0.674446428571427	4.74072221431886e-18	2.431881929788e-17
EIF4A3	1.62992272934355	0.704803571428574	4.88354667282245e-18	2.48616921525507e-17
WDR77	1.5457080556512	0.628267857142857	5.04921970608302e-18	2.55118469359984e-17
YARS	1.51236206925556	0.596803571428573	5.10870317823603e-18	2.56197651923479e-17
NVL	1.57613690807443	0.656392857142858	5.9291042124366e-18	2.95137631907955e-17
NIFK	1.77750934281998	0.829857142857142	6.2369668470801e-18	3.08179538326311e-17
DTL	2.42055736593089	1.27533928571429	8.17822282551671e-18	4.01150783850163e-17
CCT4	1.68266735527219	0.750750000000001	1.13034235382759e-17	5.50427580994304e-17
PSMB5	1.70158002195161	0.766875	2.15069117118178e-17	1.03975860937709e-16
CIAO1	1.31648987753395	0.396696428571429	2.32119002639617e-17	1.11417121267016e-16
SACM1L	0.652259454939936	-0.616482142857143	2.73379046130449e-17	1.30291290070682e-16
SNRNP25	1.77254398590629	0.825821428571427	3.03946302549541e-17	1.43839376981191e-16
PSMA5	1.63014466480525	0.704999999999998	3.47835052552438e-17	1.63458150570097e-16
DHDDS	1.34658338711307	0.429303571428571	3.5602503670366e-17	1.66145017128375e-16
TTC27	1.4468632491556	0.532928571428571	3.6705509312544e-17	1.70111050055377e-16
PCNA	2.14646743577737	1.10196428571429	3.74253810062967e-17	1.72259287919393e-16
RAE1	1.5762344552763	0.656482142857143	6.85040132931032e-17	3.13057354681859e-16
WDR74	1.40302013577553	0.488535714285713	6.89471554954094e-17	3.13057354681859e-16
ARCN1	1.48013846343303	0.565732142857144	6.97436097176154e-17	3.14548360605621e-16
EIF2B2	1.466788351745	0.552660714285715	8.79908640484292e-17	3.94199070936963e-16
NIP7	1.64500194038693	0.718089285714287	9.95192968890059e-17	4.42893824565642e-16
COPB1	1.46671573209912	0.552589285714282	1.10597991328408e-16	4.88959540609805e-16
PSMB2	1.55124716251062	0.633428571428572	1.15973215726617e-16	5.09372555348277e-16
THOC3	1.56703316572641	0.648035714285716	1.19553238126428e-16	5.21686857278958e-16
ESPL1	2.05025530649519	1.03580357142857	1.21286008562141e-16	5.25618702738457e-16
URB1	1.84751910821255	0.885589285714286	1.22018627421427e-16	5.25618702738457e-16
PPP4C	1.58527391692801	0.664732142857143	1.36110289955724e-16	5.82586718791378e-16
DHX37	1.56544348797381	0.646571428571429	1.53373764480057e-16	6.52323859054421e-16
USP39	1.49080264694858	0.576089285714285	1.68840094007977e-16	7.13588321845034e-16
MCM7	2.12082414485618	1.084625	1.83198084288206e-16	7.69431954010464e-16
CENPK	1.82043813576796	0.864285714285714	1.91060990682197e-16	7.974719611083e-16
PHB	1.53795986744792	0.621017857142858	2.03665017474423e-16	8.4483266507909e-16
SF3B3	1.56629628518609	0.647357142857142	2.6630162195827e-16	1.09788153347213e-15
NAA10	1.54152377765105	0.624357142857143	2.73497837523362e-16	1.12067406594938e-15
PSMD12	1.50055895328159	0.585500000000001	3.6186092699977e-16	1.47376086632634e-15
RACGAP1	2.29131938940353	1.19617857142857	4.4879757942974e-16	1.81681911672762e-15
RFC2	1.7859337591427	0.836678571428572	4.73156495246693e-16	1.90395907069328e-15
WDR43	1.68081473453686	0.749160714285714	4.77385354045438e-16	1.90954141618175e-15
RRN3	1.4397887420976	0.525857142857142	5.30090394894371e-16	2.10781506135513e-15
POLR2B	1.41970313218362	0.505589285714284	5.38204802873184e-16	2.12749192665164e-15
DDX10	1.42128554359279	0.507196428571429	9.01004640033398e-16	3.54079016434178e-15
POLR1C	1.51464756801646	0.598982142857143	9.26123982653625e-16	3.61834486246068e-15
CKAP5	1.87059858324101	0.903500000000001	1.0493414816503e-15	4.07605477265318e-15
CSE1L	1.71040655324085	0.774339285714285	1.09946104057563e-15	4.24619436360243e-15
UBE2I	1.31725596639434	0.397535714285713	1.17716635328894e-15	4.52031879662951e-15
SEC13	1.5003732311673	0.58532142857143	1.35713376707958e-15	5.18178347430385e-15
GNL2	1.51408524009258	0.59844642857143	1.39939584010359e-15	5.31296047768142e-15
IMP4	1.49612647946016	0.581232142857142	1.63349459814113e-15	6.16690095477999e-15
SNRPD1	1.64418769307472	0.717374999999999	2.12532521803536e-15	7.97887456156291e-15
PSMB3	1.68179283050743	0.750000000000002	2.62564777497814e-15	9.80241835991838e-15
INTS4	1.42399731748715	0.509946428571428	2.69806834345541e-15	1.00171377171383e-14
PSMC5	1.3519945028656	0.435089285714286	3.26018241828605e-15	1.20375966213639e-14
C1orf109	1.47476199444798	0.560482142857142	5.63578316081695e-15	2.06953348856229e-14
PSMD2	1.61470191388058	0.691267857142858	5.79589497510846e-15	2.11676164308309e-14
EIF1AD	1.39291492272626	0.478107142857145	6.23798022468907e-15	2.26590416810327e-14
COPS6	1.5269772536378	0.610678571428569	6.30828313316007e-15	2.27912164810944e-14
EXOSC2	1.42459671772311	0.51055357142857	7.30661724112787e-15	2.62569346846948e-14
CENPN	1.74013161501296	0.799196428571429	8.26410864128092e-15	2.95397925901105e-14
TICRR	1.4800835026426	0.565678571428571	9.31532844354151e-15	3.31211677992587e-14
TSR1	1.45862309567894	0.544607142857144	1.05679243060635e-14	3.73770796509194e-14
RUVBL1	1.7152827694651	0.778446428571428	1.1067556439362e-14	3.89392561636192e-14
GTPBP4	1.63965564554497	0.713392857142857	1.18132158832128e-14	4.13462555912449e-14
DDB1	1.38782092906903	0.472821428571428	1.30370065376049e-14	4.53931004832668e-14
AARS	1.57943735223584	0.659410714285714	1.34707207193339e-14	4.66614655844969e-14
PDCD11	1.60780148225234	0.685089285714286	1.41325157006366e-14	4.87028233375783e-14
HNRNPK	1.27620239170211	0.351857142857142	1.51937348496675e-14	5.18296133960249e-14
EIF2B4	1.30762279182891	0.386946428571428	1.52559799283526e-14	5.18296133960249e-14
MAD2L2	1.78092282543206	0.832625	1.52712253756145e-14	5.18296133960249e-14
SF3B6	1.56617996730672	0.64725	1.92865472037308e-14	6.51284408085783e-14
TAF6	1.50028037873029	0.585232142857144	2.12172899864685e-14	7.12900943545341e-14
LSM8	1.39431214265509	0.479553571428572	2.25486342001112e-14	7.53864785197747e-14
PFDN2	1.85404796995462	0.890678571428571	2.52580870097122e-14	8.40269033194387e-14
PSMC2	1.43360031265122	0.519642857142857	2.58341581119879e-14	8.55199716810635e-14
SRP72	1.42595511584724	0.511928571428568	2.67148274686454e-14	8.80017846025965e-14
TUBB	1.79900154871721	0.847196428571424	2.87519448921929e-14	9.42502778905054e-14
DHX15	1.40260341219603	0.488107142857143	3.04829118619072e-14	9.94394018019495e-14
ATP2A2	1.74028239246015	0.799321428571428	3.75347371441831e-14	1.20639476062465e-13
EXOSC4	1.82348259404446	0.866696428571429	3.77057259800307e-14	1.20639476062465e-13
POLR3A	1.49183635081316	0.577089285714286	3.77885787487881e-14	1.20639476062465e-13
TIMM10	1.62923693802	0.70419642857143	3.78539462645664e-14	1.20639476062465e-13
SF3B4	1.6602206565747	0.731374999999999	3.78793592993753e-14	1.20639476062465e-13
CDK7	1.52244789886837	0.606392857142857	4.5443327773456e-14	1.44046774829068e-13
U2AF2	1.40232566524241	0.487821428571429	4.81501138753782e-14	1.51910218423728e-13
GINS4	1.91572815813673	0.937892857142857	6.23615206744866e-14	1.95826831276893e-13
PUF60	1.50733490955838	0.591999999999998	7.39924723207903e-14	2.31269494881726e-13
ANAPC11	1.67701181968406	0.745892857142858	8.54960480883773e-14	2.6598770516384e-13
POLR3K	1.56395220997083	0.64519642857143	8.98620147395178e-14	2.78282368225603e-13
MTBP	1.42260556700589	0.508535714285714	1.04220859237555e-13	3.21267969759802e-13
NOP16	1.67077545811981	0.740517857142858	1.10910325561601e-13	3.40327574326007e-13
FBL	1.58223543324217	0.661964285714286	1.5762098068269e-13	4.81460450085306e-13
RPS2	1.64152385346198	0.715035714285717	1.66811500343141e-13	5.07227729550184e-13
NUP88	1.42480833098084	0.510767857142857	1.97204831050248e-13	5.96944353449401e-13
GTF2E2	1.4660441707935	0.551928571428572	2.06940742292894e-13	6.23606183053026e-13
CARS	1.38720266129359	0.472178571428569	2.18034227090137e-13	6.54102681270412e-13
RRS1	1.79806656213102	0.846446428571428	3.18346120503242e-13	9.50793746569684e-13
POLR1A	1.49544145193238	0.580571428571429	3.66771661203103e-13	1.0905776828694e-12
PSMC6	1.43690460516178	0.522964285714286	4.24720475484779e-13	1.25732228865979e-12
ERH	1.51596047882373	0.600232142857143	4.38891542127234e-13	1.2935750715329e-12
ANAPC1	1.36517820361213	0.449089285714286	5.19566163004273e-13	1.5246657709121e-12
CDC123	1.51860851221043	0.60275	5.23539734653303e-13	1.529646529074e-12
UTP15	1.34413549102058	0.426678571428571	5.27622598686801e-13	1.53065346029942e-12
NOP56	1.5891244843176	0.668232142857144	5.28439885103371e-13	1.53065346029942e-12
CHAF1A	1.70263342412878	0.767767857142857	5.56831964752248e-13	1.60597030177472e-12
SNRNP200	1.61312377736435	0.689857142857145	6.13243890767279e-13	1.76111066066501e-12
TCP1	1.45791914811852	0.543910714285714	6.84086282802792e-13	1.95619566827011e-12
PRELID1	1.53150112698379	0.61494642857143	7.1688066823978e-13	2.04128732651327e-12
CPSF4	1.50314287260677	0.587982142857142	1.049678611416e-12	2.97630391085042e-12
CENPW	2.23808969713196	1.16226785714286	1.15298283546704e-12	3.25548094720105e-12
TBL3	1.3549932965676	0.438285714285712	1.2070418278031e-12	3.39385819365557e-12
NCBP1	1.40735095555068	0.492982142857143	1.57124591739755e-12	4.39948856871313e-12
LAS1L	1.35261382062671	0.435750000000001	2.03434729190883e-12	5.67253684714826e-12
TOPBP1	1.66736670098971	0.737571428571429	2.60298728220395e-12	7.22812997372335e-12
NCBP2	1.35914222154456	0.44269642857143	2.70812957045503e-12	7.48914844175219e-12
WDR70	1.32697653266923	0.408142857142856	2.8578292698487e-12	7.8707429071243e-12
PES1	1.4668609749864	0.552732142857142	4.35512834244923e-12	1.19454948821465e-11
LRR1	1.48479921943006	0.570267857142857	5.16821825595028e-12	1.41180596260105e-11
DDX55	1.47026012792008	0.556071428571427	5.21137953434397e-12	1.41783281258265e-11
RPA3	1.61552155521922	0.692	6.23868356676288e-12	1.69048199873575e-11
CPSF1	1.58861315720543	0.667767857142856	6.80192441873803e-12	1.83570008409316e-11
RAN	1.59268867150595	0.671464285714283	7.79743993877909e-12	2.09595185554382e-11
LSM2	1.65755135749664	0.729053571428572	8.20996074492907e-12	2.19804526716826e-11
HIST1H2BC	2.52284849656547	1.33505357142857	8.52465853194345e-12	2.27324227518492e-11
HARS	1.269035249448	0.343732142857143	9.26207236181213e-12	2.46012356803864e-11
SPATA5L1	1.33207800863388	0.413678571428571	9.34551032986064e-12	2.47251296915998e-11
RFC3	1.59988065071948	0.677964285714286	1.31729674695226e-11	3.47146436843889e-11
YRDC	1.45159888839416	0.537642857142858	1.37077667771044e-11	3.5982887789899e-11
SBDS	0.664063384225908	-0.590607142857146	1.39263617426299e-11	3.64144556071879e-11
RANGAP1	1.55609330822578	0.637928571428568	1.40704488265438e-11	3.66486108970443e-11
CRCP	1.33961777925722	0.421821428571428	1.57167358275101e-11	4.0778557822729e-11
SNRPG	1.6880912101174	0.75539285714286	1.62892528038311e-11	4.21014534006711e-11
PSMB7	1.34092834188416	0.423232142857143	1.86330837862744e-11	4.79748364152353e-11
NAA50	1.45113181241934	0.537178571428575	2.23308951669157e-11	5.72761891304098e-11
RFC5	1.65046780869152	0.722875000000001	2.57112614175463e-11	6.56956945725899e-11
FBXO5	1.55767349105069	0.639392857142858	2.60503493904036e-11	6.63099802664818e-11
RPL37	1.62778562639691	0.70291071428571	2.97368665507377e-11	7.54082049890404e-11
RRP12	1.57023680141951	0.650982142857143	3.27498908996146e-11	8.27365664832369e-11
SCFD1	1.30924232079601	0.388732142857144	3.7839449551926e-11	9.5236367411589e-11
LARS	1.35032208957285	0.433303571428573	3.92651724403455e-11	9.84559547757918e-11
DDX18	1.38509232384698	0.469982142857144	4.24973797733187e-11	1.06164458021079e-10
USP5	1.36720743045169	0.451232142857143	4.31594536843551e-11	1.07419084725506e-10
POLA2	1.49318493387659	0.578392857142858	5.08759709802192e-11	1.26157389294123e-10
ECD	1.25869485333435	0.331928571428572	5.22979077310042e-11	1.29206595570716e-10
BMS1	1.4158249037427	0.501642857142858	5.30940584666636e-11	1.30693066994864e-10
CPSF2	1.33245728584487	0.414089285714285	5.4363231407242e-11	1.33328801115572e-10
ATR	1.4094428687706	0.495125	5.62339888923404e-11	1.37415420129646e-10
GGPS1	1.36956172229298	0.453714285714286	6.19673747815121e-11	1.50877086424551e-10
XRCC6	1.33059491788672	0.412071428571427	6.63246999077416e-11	1.60903243097482e-10
POLR2G	1.40775166492494	0.493392857142855	7.27686073076269e-11	1.75901093923472e-10
CDC27	1.34456812807628	0.427142857142857	7.40232876447911e-11	1.7829264981111e-10
GEMIN5	1.37156351105134	0.455821428571428	8.08352191566853e-11	1.94004525976045e-10
CCT2	1.83823527520859	0.878321428571427	1.05744214470187e-10	2.5288296129525e-10
CDC7	1.73662434579684	0.796285714285714	1.19668263260553e-10	2.85166925216637e-10
SF3A3	1.29411361797183	0.371964285714284	1.67440914938957e-10	3.97598214978724e-10
SNRPD2	1.59402976797416	0.67267857142857	1.70522589506906e-10	4.03490070945918e-10
MCM5	1.63479206155858	0.709107142857142	1.83358732316166e-10	4.32340589882329e-10
MED6	1.26766941973201	0.342178571428573	1.93277339749519e-10	4.54134168921946e-10
EIF5A	1.47198998642853	0.557767857142857	2.00835871718738e-10	4.70249845975583e-10
MMS22L	1.23242512543948	0.3015	2.41825765403484e-10	5.64260119274795e-10
HMGCS1	0.538026821369839	-0.894249999999999	2.43362328118151e-10	5.65880569188227e-10
PMPCB	1.34096153732002	0.423267857142856	3.18345756736799e-10	7.37683960438377e-10
BANF1	1.41143306639515	0.497160714285713	3.21547712247138e-10	7.42543170550092e-10
DHX8	1.35487590043058	0.438160714285715	3.23729786164457e-10	7.4502197363875e-10
LSM4	1.48255875976944	0.568089285714288	3.58406264483409e-10	8.2201027212577e-10
PDRG1	1.39936067751744	0.484767857142858	3.78227311249843e-10	8.64519568571069e-10
NUP93	1.31892007612969	0.399357142857145	4.44383810767015e-10	1.01229125706927e-09
DHX33	1.35574822894142	0.439089285714286	4.99943532642469e-10	1.13500693897209e-09
SUPT16H	1.46758740519342	0.553446428571426	5.38727551055953e-10	1.21893910541953e-09
TWISTNB	1.43791873471329	0.523982142857143	5.56163934440888e-10	1.25416833538348e-09
FARSA	1.39811413788359	0.483482142857143	5.58357532165027e-10	1.25490388499966e-09
ETF1	0.771124501852489	-0.374964285714284	6.01965503062388e-10	1.34535693418422e-09
CDC5L	1.32435116164723	0.405285714285715	6.02607793436683e-10	1.34535693418422e-09
THOC5	1.32638537078968	0.4075	6.93496560710889e-10	1.5431446648931e-09
MASTL	1.51682386837449	0.601053571428572	7.45925269965129e-10	1.65432931160583e-09
SUPT5H	1.37647856394533	0.460982142857142	8.4619161668093e-10	1.87052883687363e-09
U2SURP	1.43759840597554	0.523660714285712	9.08500329434618e-10	2.00167941436086e-09
DHX16	1.33334818723643	0.415053571428571	9.56457667105992e-10	2.10045605325238e-09
CSNK2B	1.35067312467414	0.433678571428571	1.0298168951463e-09	2.25419203106944e-09
SMC2	1.51015478584183	0.594696428571428	1.23962391587110e-09	2.70463399826421e-09
PRIM1	1.57732739648568	0.657482142857142	1.3214298059791e-09	2.87378909261474e-09
TRRAP	1.58423429561611	0.663785714285714	1.35738399713712e-09	2.94245821314886e-09
SNRPB	1.57152008880717	0.652160714285717	1.5017229027043e-09	3.2448803556826e-09
VCP	1.27498665151812	0.35048214285714	1.57054485337321e-09	3.38271199188076e-09
ISCU	0.761308753481	-0.393446428571429	1.69760616896926e-09	3.6447007844963e-09
PSMC3	1.27631297100373	0.351982142857141	1.82998858338286e-09	3.91640868800408e-09
MTOR	1.42031830494021	0.506214285714287	1.85021476329876e-09	3.94712482837069e-09
GTF2E1	1.30480958556095	0.383839285714285	2.2639619728828e-09	4.81450141068747e-09
SAE1	1.30013435157897	0.378660714285715	2.59918242978427e-09	5.5099387785963e-09
UBA1	1.30687848137973	0.386125	2.69728535180555e-09	5.69992376230607e-09
ZPR1	1.287132624157	0.364160714285713	2.79776897516538e-09	5.89373276273083e-09
PPP1R8	1.2632210724471	0.337107142857144	3.00245891002508e-09	6.30516371105267e-09
SNRPF	1.47113390745832	0.556928571428571	3.35520442754192e-09	7.02397936233075e-09
HINFP	1.20770479848723	0.272267857142857	3.48022663333298e-09	7.26308166956448e-09
NUP133	1.36090978039838	0.444571428571429	3.63407596187554e-09	7.5606781621683e-09
EIF2B1	1.29794760180432	0.376232142857143	6.6719596255804e-09	1.38381384826853e-08
ABCB7	1.23746940540846	0.307392857142858	7.86695096857131e-09	1.62372779870731e-08
TRMT112	1.35038894636712	0.433374999999999	7.87701283301464e-09	1.62372779870731e-08
COPZ1	1.28406148563592	0.360714285714286	8.06500925106065e-09	1.65739639654824e-08
POLR2I	1.42181340591375	0.507732142857141	9.78266072060854e-09	2.0042524403198e-08
POLE	1.44822495342221	0.534285714285715	9.81571643262891e-09	2.00491229262207e-08
SF3B2	1.25938054494205	0.332714285714284	1.06302051712284e-08	2.16469632577742e-08
UTP20	1.40621913256439	0.491821428571429	1.23406276039649e-08	2.50540838364483e-08
CDC23	1.22412424945191	0.291749999999999	1.32574682399637e-08	2.68343935459506e-08
TINF2	0.80139715081354	-0.319410714285714	1.64069866353039e-08	3.31095946514242e-08
RPA2	1.39852952766735	0.483910714285716	1.85643053021899e-08	3.73509376139869e-08
SOD1	1.36350635899	0.447321428571431	2.32768529970813e-08	4.66926722807123e-08
EIF2S1	1.30426058585898	0.383232142857142	2.52670755532291e-08	5.05341511064581e-08
TUT1	1.28321939918512	0.359767857142858	2.76636902081371e-08	5.51632042132585e-08
PSMA6	1.49835035030682	0.583374999999998	2.92846287240415e-08	5.82226937945441e-08
LONP1	1.33001860640732	0.411446428571429	3.02299370054926e-08	5.99248308781445e-08
PSMD13	1.30066551517989	0.37925	3.23916658707229e-08	6.40211748974289e-08
DDX54	1.33452046412526	0.416321428571428	3.39646351858051e-08	6.69332400142553e-08
PMPCA	1.24331894011586	0.314196428571428	3.45119069739597e-08	6.781286984357e-08
PAFAH1B1	0.780313086221812	-0.357874999999997	3.6424987208878e-08	7.1363240245965e-08
HAUS5	1.41766617819094	0.503517857142856	4.03957382850844e-08	7.89126050220253e-08
NAPA	0.793500793808643	-0.333696428571429	4.63501251890396e-08	9.02819829769118e-08
HIST1H2BN	1.31492648443318	0.394982142857143	4.84187929958848e-08	9.40388118301578e-08
PSMG4	1.16346561289246	0.218428571428572	5.71905823202457e-08	1.10755248758516e-07
PPIL2	1.28288589506517	0.359392857142858	5.7620035287104e-08	1.11266275037166e-07
TOMM22	1.38189007375081	0.466642857142857	5.81542968568735e-08	1.11976181913522e-07
BUD31	1.31882212915263	0.39925	6.16655891309911e-08	1.18397931131503e-07
EIF3D	1.33705014301211	0.419053571428575	7.77879421308296e-08	1.48927342199195e-07
RPLP0	1.48287075213248	0.568392857142856	7.82003334261875e-08	1.49291545631813e-07
GPKOW	1.21162766836443	0.276946428571428	7.96018547116925e-08	1.51536675258519e-07
RNGTT	1.2431958314943	0.314053571428572	8.01759883763355e-08	1.52198486409315e-07
CRNKL1	1.3151218069926	0.395196428571428	9.28909799736225e-08	1.75838700119083e-07
SMC1A	1.36313511609301	0.446928571428569	1.05240598191075e-07	1.98656410068546e-07
NUP160	1.31175655562413	0.391500000000001	1.31249521176373e-07	2.4705792221435e-07
PRMT1	1.29605325502613	0.374125	1.46814959830824e-07	2.75585622922664e-07
TXNL4A	1.24687896460747	0.31832142857143	1.55249694208182e-07	2.90606669938435e-07
URI1	1.28799322078413	0.365124999999999	1.69599046806255e-07	3.16584887371675e-07
DDX42	1.29025901818628	0.367660714285714	1.76353555674909e-07	3.28281411117836e-07
DAD1	1.30869145601705	0.388125000000004	1.8126397459788e-07	3.3649003019275e-07
RPL8	1.50208274203719	0.58696428571429	1.84944510657962e-07	3.42376614771765e-07
NUTF2	1.29786727672558	0.37614285714286	2.13487558739592e-07	3.94130877673093e-07
NOC4L	1.3269601079487	0.408125000000003	2.22647617630965e-07	4.09915613830161e-07
EIF3E	1.41754335209776	0.50339285714286	2.63573676486815e-07	4.83938553549561e-07
POLD1	1.33496653000821	0.416803571428571	2.64962255262863e-07	4.85162494650256e-07
RNF113A	1.26748114482527	0.341964285714285	2.70273147722287e-07	4.93542269753741e-07
IGBP1	1.33476826010044	0.416589285714284	3.23334325717331e-07	5.88836495615302e-07
RPL38	1.42142628771346	0.507339285714285	3.3213894881342e-07	6.03236144871942e-07
CLP1	1.18797131421962	0.248499999999999	3.99483683202767e-07	7.23593086555955e-07
ILF3	1.30209912939901	0.380839285714285	4.58788142680227e-07	8.28362032221125e-07
RPL23A	1.33061138759786	0.412089285714284	4.59790235146547e-07	8.28362032221125e-07
DDX49	1.3218291478323	0.402535714285715	4.67012575447242e-07	8.39124199734081e-07
PSMA7	1.33483434679758	0.416660714285715	5.14951943557746e-07	9.2279388285548e-07
POLR3H	0.689219638085523	-0.536964285714284	5.3784443984437e-07	9.61253892487811e-07
TNPO3	1.2821397951283	0.35855357142857	6.22006625520989e-07	1.10872268527879e-06
LSM7	1.38367008943266	0.4685	7.18543629531952e-07	1.27741089694569e-06
RPL30	1.37709205205592	0.461625	7.88876043690414e-07	1.39874591387852e-06
HCFC1	1.36637846538363	0.450357142857143	1.01978086278799e-06	1.80340194682507e-06
SEH1L	1.24544448379862	0.316660714285715	1.03749597305964e-06	1.82991415720756e-06
GGTLC2	0.7961275144846	-0.328928571428571	1.26219573922305e-06	2.22040716428767e-06
SLC7A6OS	1.15688864006135	0.21025	1.51683587245709e-06	2.66139348901087e-06
GRPEL1	1.2309310907587	0.299750000000001	1.55535233312491e-06	2.72186658296859e-06
NARS	1.26020698763297	0.333660714285712	1.7813490638104e-06	3.10926382046907e-06
RPS18	1.54670325027084	0.629196428571436	2.05605477664408e-06	3.5794528754011e-06
RPL17	1.36861274337559	0.452714285714285	2.38180135847913e-06	4.13584111859942e-06
PSMA4	1.29459424891967	0.372499999999998	2.56245986155823e-06	4.43807481177096e-06
RUVBL2	1.35286497620636	0.436017857142858	2.61031294111576e-06	4.50933238156759e-06
ZMAT2	1.18635494544443	0.246535714285713	2.74696104215046e-06	4.7332251803208e-06
SMC4	1.4598332351192	0.545803571428571	3.39319706310422e-06	5.83178625679294e-06
UBTF	1.2522768732237	0.324553571428572	3.63342015814853e-06	6.22872027111176e-06
HIST1H2BJ	1.79653156754969	0.845214285714285	3.91512238432754e-06	6.69456041289595e-06
PSMA3	1.29220887229017	0.369839285714285	3.94437512862501e-06	6.72746214831475e-06
SMC3	1.35353495243553	0.436732142857143	3.96289728986688e-06	6.73538403260137e-06
PRPF6	1.22845012513258	0.296839285714289	3.96906559064009e-06	6.73538403260137e-06
TOP3A	1.27514447439292	0.350660714285714	4.15566636682666e-06	7.0342765705479e-06
NUDT21	1.22332146979058	0.29080357142857	5.3002643037792e-06	8.9491899802503e-06
PELP1	1.27520760901277	0.350732142857142	5.43424100874499e-06	9.15240590946524e-06
DYNC1I2	1.17903548795906	0.237607142857144	5.61452500500871e-06	9.43240200841463e-06
RPS19	1.39386349963915	0.479089285714286	5.80879769637538e-06	9.73444401986098e-06
SRSF2	1.22192921536182	0.289160714285716	6.08731261021265e-06	1.01758061543853e-05
EIF2B3	1.22462435949325	0.292339285714288	7.16241361566402e-06	1.19432802722735e-05
SRP19	1.19152033337662	0.252803571428573	7.81131501023053e-06	1.29930784328587e-05
TRIAP1	1.28074400865847	0.356982142857143	8.01830179379743e-06	1.33044414948935e-05
COPS5	1.22828287823014	0.296642857142855	8.52107745681411e-06	1.4103852342313e-05
SFPQ	1.30890205341206	0.388357142857145	8.74087936989998e-06	1.44321153232747e-05
NEDD8	1.24241130053506	0.313142857142858	8.97355524193655e-06	1.47799733396602e-05
SF3B1	1.22940843255684	0.297964285714285	1.00094794684101e-05	1.6445892916312e-05
NEDD1	1.24947447419389	0.32132142857143	1.31913376515978e-05	2.16209241509115e-05
RPL12	1.39307010021693	0.478267857142856	1.36779184411242e-05	2.23638958453417e-05
RPS16	1.42352150284577	0.509464285714289	1.37139575496788e-05	2.23683967800586e-05
HAUS4	1.3019540853876	0.38067857142857	1.76839493146564e-05	2.87738836306274e-05
HAUS6	1.27462373303182	0.350071428571428	1.82828135572449e-05	2.967645099147e-05
SNUPN	1.19252363285346	0.254017857142856	1.83429621814645e-05	2.97023387613111e-05
KANSL3	0.82920663840182	-0.270196428571428	2.26502276793819e-05	3.65888293282324e-05
RPL37A	1.32281117902975	0.40360714285714	2.40118950386484e-05	3.86954279759513e-05
RPL19	1.2514556310952	0.323607142857144	2.41218179177221e-05	3.87795733031322e-05
CTCF	1.20482317723148	0.26882142857143	2.44173890615373e-05	3.91610631249476e-05
TRAPPC3	1.19644161773261	0.25875	2.53036567119764e-05	4.04858507391622e-05
THOC2	1.26079986524798	0.334339285714287	2.66364203666592e-05	4.25170415353801e-05
TRNT1	1.17776652265147	0.236053571428572	3.16335463538162e-05	5.03737989330911e-05
SNW1	1.16841563725627	0.224553571428571	3.46152054294511e-05	5.49915320297663e-05
ZNHIT2	1.31551253915689	0.395625	3.48663268247827e-05	5.52598387411651e-05
COPE	1.25614238114353	0.329000000000001	4.2547845109678e-05	6.72756515616556e-05
GPN2	1.18061265748836	0.239535714285714	5.23586093901276e-05	8.24433222524708e-05
PABPN1	1.28847157862993	0.365660714285713	5.23858610145908e-05	8.24433222524708e-05
SNRPD3	1.19925865973452	0.262142857142855	5.68327887618525e-05	8.92327898316937e-05
RPS8	1.34785071375548	0.430660714285716	6.14998002379653e-05	9.63353514217079e-05
SNRNP27	1.15800610332852	0.211642857142856	7.01585221656335e-05	0.000109643085803036
ATP6V1B2	0.788507525130958	-0.342803571428571	7.45475169677144e-05	0.000116231859402098
EIF3A	1.28655921255355	0.363517857142856	7.63398586750515e-05	0.000118521135059582
RPS7	1.36387770299308	0.447714285714285	7.6368528989284e-05	0.000118521135059582
PSMB1	1.23309650624588	0.302285714285714	8.22691843607118e-05	0.000127384543526263
RAD21	1.25215287762232	0.324410714285714	9.06964433272887e-05	0.000140098524014315
PHB2	1.2640969741012	0.338107142857145	9.08972566521451e-05	0.000140098524014315
PRPF31	1.17093477432476	0.227660714285715	0.000100968867614571	0.000155265627086938
RPA1	1.18705999937111	0.247392857142858	0.00011456036129872	0.000175763841992557
UBE2M	1.20515130467929	0.269214285714285	0.000115507548971377	0.000176813377924294
POLR2K	1.26328361671858	0.337178571428571	0.000116057059042879	0.00017725078108367
WARS	0.661413776198033	-0.596375000000001	0.000144494110404001	0.000220181501568001
WDR18	1.28302881478752	0.359553571428569	0.000145561505995188	0.000221306181060558
RPL7	1.26455080469701	0.338625	0.000151346485852689	0.000229582028200919
WDR33	1.14094728997657	0.190232142857142	0.000153259511936879	0.000231960342390952
DNM2	0.833250064180899	-0.263178571428572	0.000170604600318471	0.000257632115537106
LYRM4	1.17817477616459	0.236553571428572	0.000183401398305012	0.000276335739150153
NOL9	1.2025585545182	0.266107142857143	0.000214572591758082	0.000322578929891344
HAUS1	1.26237702779164	0.336142857142857	0.000247459131912571	0.000371188697868857
RPL10A	1.29462629732898	0.372535714285709	0.000290363715623214	0.000434575538750111
RPL4	1.22682423505302	0.294928571428578	0.000291361062187739	0.000435099186200358
MED11	0.81205134607879	-0.300357142857144	0.00033323188795696	0.000496522901789528
SBNO1	1.23186083816268	0.300839285714286	0.000343247223017337	0.000510314455459404
GTF2A2	1.2004467661018	0.263571428571429	0.00039968095315891	0.000592904195414542
CCNK	1.13694362017072	0.185160714285715	0.000409434603844712	0.00060603536075693
RABGGTB	1.16792402541977	0.223946428571428	0.000424265520810062	0.000626607538427168
GUK1	1.24305734886552	0.313892857142859	0.000467606141170157	0.000689103786987599
PSMB6	1.18629620985663	0.246464285714286	0.000505979690795435	0.000744022652548211
RBM14	1.15508578455358	0.208000000000001	0.000536163164287288	0.000786684817469558
RPL36	1.29526743215037	0.373250000000004	0.000557685430558379	0.00081648063035998
ARL2	0.818256464385717	-0.289374999999998	0.00058302323701246	0.000851094316020156
ZBTB11	1.13397816186136	0.181392857142857	0.000583860832865018	0.000851094316020156
CHERP	1.18526880766752	0.245214285714286	0.000607884086702399	0.00088419503520349
CNOT3	1.2082430651587	0.272910714285715	0.000715410775439107	0.00103834998076691
SS18L2	1.19128438560985	0.252517857142856	0.00074893324661197	0.00108466194336906
THAP1	1.16561333354485	0.221089285714286	0.000764035311140193	0.00110415425609938
UXT	1.20806361628436	0.27269642857143	0.000846905247478777	0.00122128825387497
SNRNP70	1.24945900875908	0.32130357142857	0.00088243163968625	0.00126979456503032
ANKLE2	1.18427161185363	0.244	0.000888999095471926	0.00127651152170328
SMG1	1.24475097276129	0.315857142857142	0.0011791159106394	0.00168947951375197
POLD3	1.15401399043502	0.206660714285715	0.00119752870962709	0.00171221126142427
UBR4	1.23439452780947	0.303803571428571	0.00121041634351238	0.00172696344552085
BRF2	1.22265541117254	0.290017857142858	0.00147637603516277	0.0021019591009097
SYMPK	1.17877283128695	0.237285714285714	0.0014959475661782	0.00212532085511998
CACTIN	1.13166459176082	0.178446428571428	0.00164179624566787	0.00232760986727597
SAP18	0.878550078124179	-0.186803571428571	0.0016501649991559	0.00233454921985845
SNAPC1	1.20084801760827	0.264053571428572	0.00182442300910389	0.00257565601285254
TUBGCP2	1.13728141431193	0.185589285714286	0.00183238375058694	0.00258147144736777
CAPZB	1.12654950628499	0.171910714285715	0.00210095704942713	0.00295364673057537
RPL27A	1.23453204535789	0.303964285714291	0.0021532176869698	0.00302079809111421
RPS5	1.28706889913815	0.364089285714284	0.00224236103635826	0.00313930545090156
CWC22	1.12119383312583	0.165035714285712	0.00228837744561892	0.0031968684021919
RPSA	1.24413484270755	0.315142857142856	0.0022932309876861	0.0031968684021919
GSPT1	1.11982078023404	0.163267857142857	0.00229774916407543	0.0031968684021919
MAK16	1.14707862764909	0.197964285714286	0.00231046498450188	0.00320791832558938
SART3	1.16601737435363	0.221589285714287	0.00233450012786404	0.00323460636273121
RPS4X	1.25286602003308	0.325232142857141	0.00254275567190414	0.00351590907720079
SSU72	1.13279975392655	0.179892857142853	0.00280746310301996	0.00387395319348955
RPS3	1.22020622850564	0.287125000000001	0.00306541014013594	0.00422122052084293
RPS27A	1.17779567892466	0.23608928571429	0.00340290394287413	0.00467638333253869
TBCB	1.17399687761124	0.231428571428575	0.00363157749352406	0.00498044913397585
QARS	1.12777724777574	0.173482142857141	0.00380674572635496	0.00521004710409477
ATP6V1E1	0.876952999678182	-0.189428571428571	0.0043657948772722	0.00596303690554252
SAP30BP	1.11620896816267	0.158607142857141	0.00460105553996395	0.00627162134453504
PHF5A	1.19688597351465	0.259285714285714	0.00467988787574981	0.00635715774722205
RPL7A	1.2003279025167	0.263428571428571	0.00468272780487339	0.00635715774722205
MCM3AP	1.14076371586842	0.189999999999999	0.00498323893133555	0.00675148500374494
SART1	1.14554625592009	0.196035714285711	0.00511483122780954	0.00691582813901009
RBM39	1.1752181413264	0.23292857142857	0.00537728192776966	0.00725609127602653
UGT1A6	1.28659106205102	0.363553571428571	0.00570923661639766	0.00768859119482811
RPL13	1.19997138237322	0.263000000000001	0.00613368505855692	0.0082436727187005
OGT	1.25074329149028	0.322785714285714	0.00648153203235186	0.00869379146854382
RPL27	1.23567862087287	0.305303571428569	0.00691190297392737	0.00925258724796651
PPAN	1.14155470712677	0.191	0.00723280578460045	0.00966291349354175
ATP1A1	0.816940873462695	-0.291696428571426	0.00735095331731829	0.00980127108975772
POP5	1.1610200261753	0.215392857142858	0.00738701294233323	0.00982676372858698
RPL18A	1.23546451263644	0.305053571428566	0.00739931911706103	0.00982676372858698
ARIH1	1.0979161348022	0.134767857142859	0.00831560628663408	0.0110218686876097
RPAP1	1.12654950628499	0.171910714285714	0.00834509462221511	0.0110251226170782
LUC7L3	1.20760016337326	0.272142857142858	0.00835087412513807	0.0110251226170782
BRF1	1.08707119456345	0.120446428571429	0.00845604716174354	0.0111420856719444
HIST2H3D	1.25721565577074	0.330232142857143	0.00848399222822849	0.0111570308754786
WEE1	1.23013907328641	0.298821428571428	0.0103555088551483	0.0135916053723821
RPL6	1.14354873996565	0.19351785714286	0.010753333423308	0.0140862379346257
TUBGCP4	1.09065621966577	0.125196428571429	0.0108382371531655	0.0141698353442163
AQR	1.10137332433949	0.139303571428572	0.0119123067809802	0.0155259182559131
CCDC84	0.83209573462067	-0.265178571428572	0.0119241821436259	0.0155259182559131
RPS24	1.18509277094158	0.244999999999999	0.0119447912772426	0.0155259182559131
PCID2	1.11904484856598	0.162267857142858	0.0131846937101816	0.0171044675159113
SNRNP35	0.90604883323323	-0.142339285714285	0.0133624266132666	0.0173016390830735
PMF1	1.16286093039938	0.217678571428573	0.0143139044357759	0.0184979688093104
OSGEP	1.12599188389863	0.171196428571428	0.0146389712614637	0.0188817441222718
USP36	1.1286151113097	0.174553571428571	0.0153789053377529	0.0197981310095209
PAM16	1.13106243710541	0.177678571428571	0.0156995176670117	0.0201478946734572
UPF1	1.13811225159239	0.186642857142858	0.0157105607275172	0.0201478946734572
RPL13A	1.18070033985153	0.23964285714286	0.0160003166777061	0.0204804053474638
TFIP11	1.09926232961341	0.136535714285714	0.0165439882051669	0.0211360457678178
SRSF11	1.12786100613085	0.173589285714286	0.018507641732379	0.0235998771236408
RPLP1	1.16554119813456	0.220999999999995	0.0194710660513406	0.0247813567926153
TUBGCP3	1.10549801030743	0.14469642857143	0.0195558721459036	0.0248422421210722
RPL14	1.15168805272508	0.203749999999999	0.0199998463909536	0.02535829580136
RPLP2	1.15434256819465	0.207071428571424	0.0209948398300083	0.0265697408018184
RPL35	1.19738977624386	0.259892857142857	0.0212117241977181	0.0267937568813281
NSA2	1.13244927380059	0.179446428571427	0.0236513830760484	0.0298193797881885
KIN	1.06729891645454	0.0939642857142855	0.0240288609327618	0.030238566567071
SNAPC3	1.10874574767348	0.148928571428573	0.0245000380101295	0.0307738795192654
RABGGTA	0.91718566655064	-0.124714285714285	0.0254083779246852	0.0318552797861725
RPL24	1.17684846940502	0.234928571428574	0.0266159454008251	0.0333071048591331
SRSF3	1.09543205283268	0.131500000000002	0.0272028470160537	0.0339594816658702
DDX3X	0.884847046814611	-0.176500000000004	0.0272383342528334	0.0339594816658702
RPS15A	1.17921062492062	0.237821428571428	0.0279845757651052	0.0348252498410198
RPL18	1.14869835499704	0.200000000000004	0.0293719523958685	0.0364841996488422
RBM25	1.133725542722	0.181071428571427	0.036292445383572	0.0449972754571224
RPL23	1.1289783787943	0.175017857142858	0.0375781027373195	0.0465054973102739
NRDE2	1.06831661980031	0.0953392857142861	0.0390144904763649	0.0481943705884508
EXOSC8	1.09126387705494	0.126000000000001	0.0420217559665914	0.051813981668898
DYNC1H1	1.15587239950742	0.208982142857143	0.0427750250715184	0.0526461847034073
PSMD6	1.06498955838175	0.090839285714285	0.0433867442416855	0.0533014481360378
UPF2	1.12830782242855	0.174160714285715	0.0486698214143288	0.0596827007124616
SDE2	1.10930855981919	0.149660714285714	0.0508657005705476	0.0622618411355337
RPL15	0.890428347928987	-0.167428571428569	0.0523714544426565	0.0639883952463003
HAUS7	1.04603314887273	0.0649285714285715	0.0544577477467472	0.0664167086856881
RPS29	1.14710702422616	0.197999999999998	0.0572518836169332	0.0696979452727883
RPL5	1.12106894059849	0.164874999999998	0.0591567785095757	0.0718867181888515
NPIPA5	0.90655363690879	-0.141535714285714	0.0597530865313261	0.0724802782473847
RPL31	1.13997327269346	0.189	0.0638597901046575	0.0773221242348285
CDK9	1.06731212716549	0.0939821428571435	0.0657668239026008	0.0794879598247261
ATP6V0C	0.905701243119849	-0.142892857142856	0.066151405708077	0.0798092363300318
MFAP1	1.07682642162889	0.106785714285716	0.0695910945989533	0.0838086300546534
ALG11	1.059690421843	0.0836428571428574	0.0706253471274466	0.0849020273160002
RPS15	1.12560171246426	0.170696428571429	0.0728932789668922	0.0874719347602707
XAB2	0.931382983050681	-0.102553571428571	0.073445241511646	0.0879771876930946
CDC37	0.926863357879613	-0.109571428571431	0.0754972743734597	0.0902743209590123
RPS14	1.14982213907708	0.201410714285713	0.0762253351918115	0.0909829933372954
PCBP2	1.07834694965727	0.108821428571427	0.0777568497717976	0.0926464593025674
SNAPC4	1.1016460058805	0.139660714285714	0.0826054864398898	0.0982493573231963
RPL32	1.12345818501387	0.167946428571425	0.0862807869891803	0.102439379605529
RPL3	1.09600167261042	0.132250000000001	0.0963970897830975	0.114248402705893
RBM22	1.05100377933825	0.0717678571428557	0.102045998988722	0.120730477676798
RPS23	1.1100777404667	0.150660714285716	0.106929244949754	0.126285505459112
TANGO6	1.05482231706806	0.077	0.107636075242006	0.126784007946064
SENP6	0.927942388267731	-0.107892857142857	0.107728673418456	0.126784007946064
RPS28	0.913797517661558	-0.130053571428574	0.119873267149262	0.140830132035496
PWP2	1.05513571237844	0.0774285714285713	0.122223824146417	0.143341029365432
GPN3	1.08478618773165	0.117410714285715	0.125733027503687	0.147199641955535
TAF1C	0.911459210798681	-0.133749999999999	0.126017063991097	0.147275594786116
ATP6V1G1	1.07638666906145	0.106196428571426	0.127568968889456	0.148830463704366
SNAPC5	1.06868693429369	0.0958392857142849	0.130253444697009	0.151698985851629
UBL5	1.09659873483479	0.133035714285715	0.134008893199494	0.155802727041626
UBA52	1.08276059216218	0.114714285714288	0.13591158902428	0.157741947883103
STX5	1.03789515491234	0.0536607142857131	0.154558693982546	0.179027832269673
ATP6V1A	1.06650657295943	0.0928928571428562	0.154784479983154	0.179027832269673
DDX20	1.0438731646802	0.0619464285714295	0.157179741859537	0.181485887507919
TRAPPC1	0.933876430221834	-0.0986964285714267	0.165977080607389	0.191314919670953
ANAPC4	1.05750223635133	0.0806607142857145	0.169174237924249	0.194666246378588
CHMP2A	1.06334307682918	0.0886071428571427	0.177237072970324	0.203595406899244
ATP6V0B	1.10232800513184	0.14055357142857	0.183435431815838	0.210355990068674
SRBD1	1.04314985764731	0.060946428571429	0.188836233666956	0.216180492375118
EEF2	1.06873984684179	0.0959107142857132	0.197033140964419	0.225180732530764
EEF1A1	0.921589655692399	-0.117803571428569	0.200328550374325	0.228558210274272
SF3A2	1.07199900849393	0.10030357142857	0.20481463392218	0.23328039660289
CTDP1	1.04872967971636	0.0686428571428577	0.217591997654081	0.247414251139666
SNAPC2	1.06957356512541	0.0970357142857146	0.231772155435961	0.263092716981361
WDR82	1.04847009612631	0.0682857142857136	0.232583056152785	0.263567982689159
ISY1	1.04142112105666	0.0585535714285719	0.239181763784972	0.270048734513303
SKP1	1.05612874527374	0.0787857142857158	0.239433763175865	0.270048734513303
RPS6	1.09373850696372	0.129267857142858	0.239507508586203	0.270048734513303
EIF3G	1.05381746871002	0.0756249999999978	0.247599023212992	0.278704428139247
POLR2C	1.06360634271951	0.0889642857142876	0.250426332266336	0.281415543951468
INTS3	1.07161428219672	0.0997857142857153	0.256033605776702	0.28723636574615
DMAP1	1.05364791346092	0.0753928571428575	0.269293904193003	0.301609172696164
SUPT6H	1.06139693347128	0.0859642857142826	0.274195516242721	0.306587998194856
RPS11	1.07318058285224	0.101892857142857	0.279478030599799	0.31197547601838
SF3B5	1.05665176949768	0.0794999999999995	0.300286604888334	0.334647758681526
SARS	1.03928352415962	0.0555892857142863	0.302456142470905	0.336507496259021
SLU7	0.962725513022013	-0.0548035714285708	0.306800131545712	0.340776344460692
MDN1	1.06386967379005	0.0893214285714288	0.318562575383094	0.353257509335708
POLR2L	0.944033992833349	-0.0830892857142853	0.319804671310409	0.354050641055345
NUS1	1.04084121801694	0.0577499999999995	0.325810492330877	0.360106333628864
RNPC3	1.05123796623816	0.0720892857142859	0.331407115389394	0.365690610084848
EIF4A1	1.05782952122455	0.081107142857143	0.335957178668777	0.370103646008882
EIF1AX	1.05032753242002	0.0708392857142837	0.345870328509589	0.380400754105473
NUP214	1.03819067062321	0.0540714285714272	0.351979820793082	0.386487646361031
DBR1	1.03647015253348	0.0516785714285715	0.353606628468044	0.387640545400532
MED30	1.05709654373439	0.0801071428571443	0.354495107323162	0.387981615832516
DUT	1.04848307377968	0.0683035714285727	0.363023551672521	0.396669636949486
PTPN23	1.04014576059748	0.0567857142857138	0.37188916410796	0.405697269935957
RPL11	0.954750998372537	-0.0668035714285704	0.372814287695029	0.406047327927163
POLR2F	0.990612586763521	-0.0136071428571429	0.374047332928757	0.406731080466222
TSR2	0.963071146547072	-0.0542857142857152	0.378050742363844	0.410420192033123
PSMA1	0.990808789140052	-0.0133214285714286	0.381035938847117	0.412993791782682
PCBP1	1.02959105775345	0.0420714285714245	0.398173996783712	0.430874276712809
RPS13	1.05709654373439	0.0801071428571429	0.400220875239483	0.432392971319828
FAU	1.05216221242103	0.0733571428571418	0.404426319149996	0.436235130768536
KAT8	0.961451317327018	-0.0567142857142846	0.418726603274949	0.450936341988407
CHMP6	1.03064934458511	0.0435535714285704	0.424705163671694	0.456642991979805
DNAJC17	1.02759220898379	0.0392678571428566	0.428803236214122	0.460312739194713
SMU1	0.972185533429066	-0.0406964285714295	0.438258214818134	0.469712153680679
MAT2A	0.958528250011647	-0.0611071428571455	0.455179914486983	0.487071500852313
VPS28	1.0412922257993	0.0583750000000025	0.457625567716384	0.488909986495087
RPS20	1.04983362716228	0.0701607142857181	0.469582657622044	0.50088816813018
EIF5	0.967443960352782	-0.0477500000000006	0.474222194562185	0.505035364097921
CDC16	1.02913237972118	0.0414285714285736	0.511798692001743	0.543865616185368
SF1	1.02982047342514	0.0423928571428558	0.51230198667461	0.543865616185368
ANAPC2	0.975560717105709	-0.0356964285714287	0.524016435729332	0.554852922361053
RPS12	1.04360186578825	0.0615714285714244	0.524302984671531	0.554852922361053
PRPF38A	1.02334011404338	0.0332857142857148	0.564819694747016	0.596790620864771
IMP3	1.03096831879479	0.0440000000000005	0.566371033359509	0.597490320906735
PRPF38B	0.970790666319849	-0.0427678571428554	0.572444219070204	0.602950650807488
RPL26	1.03623925549621	0.0513571428571424	0.608958008279767	0.640406543918629
PPP1R10	0.964598184584139	-0.0519999999999987	0.614441192196372	0.645163251806191
MED4	0.982127438779852	-0.0260178571428562	0.644035899523786	0.675182721497636
IK	0.979323319185906	-0.0301428571428568	0.656802807637922	0.687494527621002
DYNLRB1	0.980087284110765	-0.0290178571428541	0.663511579354249	0.69336047377701
ATP6V1F	1.02952734024847	0.0419821428571394	0.664470454036301	0.69336047377701
POLR2E	0.984037850522459	-0.0232142857142881	0.666427477084308	0.69358030504886
EIF3F	1.01693829482133	0.0242321428571448	0.666745352770184	0.69358030504886
RPAIN	1.01885336294987	0.0269464285714283	0.690904387157854	0.717600847248961
LSM3	1.01882814128577	0.0269107142857137	0.704851356298309	0.730956962087135
GTF2B	0.985585933908709	-0.0209464285714303	0.726030946168968	0.751760856433816
DDX47	0.990575803143526	-0.0136607142857141	0.729753317913733	0.754452660981582
INTS9	1.0113523513142	0.0162857142857145	0.743575080075216	0.767561372980868
ANAPC10	1.01159022400871	0.0166249999999994	0.75085797977233	0.773890433139579
MED22	0.986843254490837	-0.0191071428571421	0.753929769951916	0.775866470762155
RSL24D1	1.01967340701636	0.0281071428571442	0.766043345102009	0.787127106893807
ELL	0.986330367102676	-0.019857142857143	0.772213834760638	0.79225602589183
EXOSC6	1.01400968268671	0.0200714285714292	0.775154061794081	0.794060258423205
RBM17	1.01456207862899	0.0208571428571447	0.776730817112842	0.794464397412222
NOP10	0.982881425367361	-0.0249107142857143	0.779704902420842	0.796294368429796
USPL1	1.00789076318685	0.011339285714286	0.834726724942818	0.849814843823808
ARMC7	0.990306098328134	-0.0140535714285717	0.835288545836612	0.849814843823808
RPS9	0.986586777468026	-0.0194821428571439	0.835904184177882	0.849814843823808
ALG2	0.992490363697741	-0.010875	0.838720260793301	0.851389751137611
POLR3B	1.00745422235162	0.0107142857142857	0.858107544405326	0.869756063107661
NXF1	1.00744175253497	0.0106964285714288	0.904685869087607	0.914271023054916
MYC	0.984232750695796	-0.0229285714285723	0.904747366564761	0.914271023054916
TRAPPC8	0.996133297387265	-0.00558928571428519	0.915749279771784	0.923999273283241
PSMA2	0.998997914537146	-0.00144642857142857	0.920434508355563	0.927334317263775
RPL34	0.993449031184002	-0.00948214285714322	0.923878693757444	0.929410901504494
SF3A1	0.996194948133053	-0.00550000000000139	0.927592537942111	0.930399443958027
SRSF7	1.00444102314819	0.0063928571428562	0.927630397993866	0.930399443958027
PPWD1	0.997428764632317	-0.003714285714286	0.95275109546315	0.954170992773826
PRPF8	1.00234211019946	0.00337500000000013	0.969933743428888	0.969933743428888
