x
1 10500
2 10740
3 143872
4 144568
5 160428
6 407050
7 53335
8 688
9 80263
10 8218
11 85300
12 8714
13 4818
14 5996
15 8530
16 1524
17 406882
18 6352
19 1901
20 3001
21 6351
22 83888
23 5133
24 1236
25 100616358
26 388372
27 51316
28 10663
29 26818
30 84868
31 2999
32 3002
33 3123
34 3127
35 100616482
36 3128
37 3575
38 53637
39 100500832
40 5551
41 6402
42 51176
43 9289
44 692088
45 343413
46 10578
47 9750
48 6932
49 5341
50 2268
51 11098
52 5552
53 1493
54 6348
55 22822
56 678655
57 3824
58 100616248
59 3604
60 6122
61 100422824
62 9760
63 939
64 81563
65 10365
66 2214
67 4929
68 100130231
69 6188
70 201633
71 3113
72 55423
73 4647
74 6653
75 953
76 1846
77 1844
78 313
79 3003
80 2215
81 100616477
82 26119
83 7049
84 969
85 100500888
86 1390
87 7294
88 154
89 4050
90 4753
91 4118
92 143903
93 143903.1
94 84632
95 10628
96 1130
97 5997
98 6137
99 445347
100 9495
101 4609
102 57823
103 10235
104 10859
105 3122
106 9839
107 3902
108 60489
109 79180
110 87
111 23406
112 639
113 972
114 26815
115 1757
116 2
117 728558
118 3458
119 100302196
120 10219
121 120425
122 114614
123 25861
124 1435
125 4643
126 149628
127 23108
128 7133
129 2597
130 92906
131 6194
132 26191
133 51225
134 3115
135 55501
136 952
137 9452
138 9047
139 7453
140 765
141 27350
142 5829
143 641518
144 1075
145 7414
146 356
147 84969
148 29851
149 339789
150 5763
151 10563
152 1509
153 3682
154 3399
155 64092
156 3560
157 378938
158 81
159 114879
160 3725
161 51429
162 51676
163 57136
164 3398
165 23521
166 241
167 129293
168 541471
169 64231
170 26030
171 100616438
172 8638
173 2149
174 11123
175 11329
176 3108
177 1192
178 2171
179 116841
180 123036
181 3672
182 2115
183 3805
184 27333
185 2534
186 567
187 54602
188 7412
189 4542
190 2323
191 154075
192 1915
193 10417
194 116211
195 23670
196 7128
197 6125
198 64759
199 3684
200 54855
201 4664
202 9882
203 3119
204 940
205 54
206 3117
207 100303491
208 2530
209 51274
210 6304
211 256987
212 5858
213 200316
214 7292
215 100528031
216 3106
217 5873
218 2280
219 6692
220 23345
221 4345
222 2040
223 3516
224 11027
225 407021
226 30009
227 11320
228 9232
229 595098
230 5066
231 26801
232 149934
233 145864
234 11024
235 3732
236 79931
237 25897
238 3118
239 11186
240 914
241 2731
242 414062
243 160365
244 2014
245 116449
246 9467
247 868
248 253128
249 6349
250 3107
251 6189
252 60468
253 115362
254 128346
255 301
256 594839
257 10077
258 100505696
259 9045
260 925
261 130589
262 10653
263 1029
264 1890
265 693122
266 1606
267 1937
268 4046
269 5778
270 54674
271 6206
272 6208
273 6846
274 2354
275 80727
276 6503
277 168537
278 399665
279 60
280 166
281 693223
282 9516
283 51411
284 84525
285 54438
286 894
287 116984
288 6143
289 139716
290 6222
291 51070
292 7852
293 94240
294 27115
295 57646
296 54964
297 389
298 100506649
299 29988
300 79667
301 51203
302 221188
303 117145
304 55701
305 22821
306 5251
307 3428
308 27065
309 10252
310 10797
311 1521
312 6191
313 944
314 7188
315 91544
316 79026
317 140739
318 402778
319 51348
320 3418
321 10447
322 10135
323 10950
324 148741
325 55020
326 2316
327 1843
328 387882
329 7462
330 5729
331 26051
332 55646
333 80824
334 3683
335 92106
336 924
337 100533179
338 1604
339 112597
340 5216
341 10538
342 150864
343 8565
344 5730
345 9582
346 677
347 57124
348 84959
349 692073
350 967
351 9725
352 5140
353 101243545
354 3956
355 5243
356 2053
357 472
358 3983
359 100616273
360 100529251
361 120
362 9840
363 100527949
364 79156
365 6161
366 6160
367 7433
368 1043
369 6138
370 6228
371 100534611
372 9046
373 83982
374 3936
375 4094
376 340390
377 51192
378 10018
379 1880
380 7456
381 9585
382 197135
383 11314
384 50861
385 4739
386 9788
387 114908
388 22876
389 6124
390 3105
391 79652
392 1933
393 493
394 3162
395 1292
396 157983
397 401124
398 4603
399 126731
400 23204
401 353189
402 6141
403 5578
404 11034
405 6207
406 3688
407 56882
408 79890
409 1164
410 5727
411 81788
412 3480
413 93663
414 6202
415 6164
416 7351
417 3673
418 6156
419 9619
420 4478
421 6176
422 26255
423 26031
424 79713
425 1234
426 439949
427 6134
428 6850
429 729862
430 4522
431 160851
432 94120
433 55340
434 7167
435 3945
436 140564
437 4681
438 3572
439 4689
440 9246
441 6230
442 6132
443 53918
444 360
445 9022
446 59352
447 84131
448 164118
449 64333
450 2353
451 814
452 6204
453 5912
454 2537
455 9260
456 54541
457 6904
458 3987
459 3678
460 970
461 6281
462 27334
463 2752
464 55839
465 285513
466 801
467 6135
468 59338
469 26986
470 5900
471 26010
472 5579
473 677830
474 1847
475 6146
476 6181
477 118788
478 100913187
479 403
480 3689
481 81618
482 10650
483 4068
484 10225
485 54440
486 684
487 302
488 26586
489 11315
490 60675
491 8140
492 5445
493 6504
494 285025
495 3394
496 3384
497 6375
498 79413
499 6175
500 27436
501 83442
502 4637
503 9368
504 994
505 2669
506 51669
507 100288198
508 54331
509 387895
510 6233
511 6157
512 54806
513 3903
514 51237
515 9437
516 6515
517 694
518 442898
519 23231
520 4155
521 5142
522 100500847
523 100847026
524 64174
525 11001
526 56895
527 8655
528 9324
529 3726
530 6187
531 100507346
532 23258
533 8821
534 113791
535 6217
536 6139
537 10421
538 79888
539 11145
540 51744
541 5359
542 441108
543 4267
544 4736
545 4145
546 100506046
547 388341
548 10326
549 5223
550 23062
551 84636
552 5908
553 2289
554 7178
555 2833
556 5920
557 152789
558 10207
559 3275
560 10123
561 3430
562 6193
563 3904
564 256356
565 100529239
566 27086
567 153020
568 829
569 51522
570 26805
571 2820
572 51762
573 84250
574 4175
575 94241
576 57205
577 10051
578 9746
579 80119
580 6310
581 22806
582 494514
583 3459
584 4288
585 50649
586 128178
587 131450
588 26053
589 100506190
590 3984
591 57125
592 285456
593 23710
594 57157
595 5790
596 10591
597 1534
598 83988
599 51611
600 79899
601 29909
602 143279
603 5521
604 5315
605 57713
606 2590
607 8536
608 5924
609 100288615
610 8651
611 3820
612 3120
613 10459
614 100506755
615 5573
616 54843
617 2052
618 56942
619 7979
620 85478
621 6275
622 6165
623 6152
624 902
625 340527
626 5788
627 1848
628 101
629 3109
630 7074
631 125144
632 6224
633 5781
634 9249
635 10865
636 81873
637 9636
638 65094
639 3687
640 203328
641 1803
642 693208
643 23604
644 4940
645 1072
646 22974
647 55422
648 57162
649 29997
650 103910
651 81876
652 81553
653 55824
654 5795
655 3958
656 146712
657 8459
658 6128
659 100130093
660 6404
661 9235
662 54434
663 896
664 4001
665 100128420
666 57415
667 3655
668 10748
669 5820
670 3004
671 2146
672 25824
673 388011
674 51513
675 8744
676 51232
677 8611
678 304
679 114769
680 595097
681 3838
682 9997
683 3921
684 92340
685 5150
686 10399
687 1959
688 6227
689 25873
690 53347
691 10791
692 9781
693 2589
694 79037
695 196264
696 6003
697 644068
698 259283
699 8826
700 7633
701 6168
702 10100
703 202
704 7867
705 79668
706 6170
707 9832
708 6303
709 6155
710 60674
711 677799
712 2650
713 7316
714 7295
715 163747
716 152100
717 1316
718 7171
719 22930
720 30011
721 100131347
722 284367
723 7494
724 9349
725 115361
726 4174
727 29125
728 100500851
729 619383
730 6136
731 51593
732 8320
733 91523
734 10602
735 5998
736 100506776
737 3965
738 7227
739 79158
740 6169
741 3561
742 4968
743 339541
744 2787
745 8718
746 5734
747 200315
748 308
749 5732
750 5698
751 8847
752 6133
753 9766
754 3148
755 439
756 6167
757 23484
758 80774
759 7076
760 931
761 138948
762 9051
763 8934
764 342184
765 165186
766 23208
767 8740
768 2889
769 1495
770 51571
771 8832
772 100170220
773 3939
774 94015
775 57819
776 23741
777 55320
778 646023
779 7107
780 808
781 5721
782 10106
783 51155
784 2591
785 3659
786 3628
787 283349
788 440836
789 6154
790 54532
791 5583
792 973
793 8553
794 1326
795 1062
796 84958
797 6201
798 10682
799 81671
800 256380
801 388524
802 80301
803 26037
804 6385
805 8111
806 51497
807 6840
808 5799
809 5690
810 10174
811 57414
812 10625
813 64005
814 2848
815 699
816 10906
817 6774
818 5360
819 58473
820 6710
821 199
822 860
823 7273
824 963
825 10911
826 348235
827 1063
828 6314
829 3821
830 51621
831 54625
832 1293
833 3006
834 55605
835 11243
836 1938
837 80219
838 3135
839 135
840 440311
841 976
842 3662
843 100874264
844 28984
845 27250
846 6836
847 5209
848 29085
849 89857
850 9158
851 8491
852 64215
853 202020
854 80223
855 344967
856 5305
857 3
858 22875
859 26762
860 23648
861 100527963
862 6498
863 960
864 100130476
865 170575
866 29886
867 23224
868 3822
869 5714
870 542767
871 28231
872 10723
873 56935
874 1123
875 140823
876 8312
877 3136
878 10010
879 11333
880 84441
881 9592
882 27090
883 6693
884 140688
885 55120
886 50854
887 10109
888 974
889 10130
890 10641
891 836
892 93081
893 100528022
894 6210
895 26270
896 4864
897 9034
898 7161
899 124602
900 10982
901 3823
902 84159
903 6772
904 2633
905 3007
906 116496
907 23178
908 11184
909 2533
910 80762
911 1396
912 9666
913 158248
914 4676
915 10971
916 824
917 11126
918 430
919 51056
920 6709
921 6203
922 3660
923 23177
924 23603
925 64787
926 355
927 245973
928 4869
929 10263
930 54103
931 9768
932 5606
933 7430
934 57690
935 26136
936 29110
937 57835
938 9212
939 84557
940 26469
941 1200
942 2647
943 11010
944 100505678
945 9267
946 6223
947 51599
948 3811
949 5366
950 55342
951 6130
952 25992
953 23287
954 4306
955 58472
956 23517
957 2182
958 5569
959 100500854
960 164668
961 54543
962 4599
963 8676
964 5685
965 79626
966 9787
967 155066
968 5993
969 2634
970 8911
971 170384
972 7314
973 25777
974 653464
975 27244
976 253461
977 9938
978 10589
979 11332
980 11316
981 144571
982 5230
983 6235
984 3646
985 100128191
986 153469
987 115992
988 64420
989 6691
990 3727
991 79020
992 644936
993 53373
994 5683
995 2762
996 3091
997 5496
998 7094
999 3832
1000 6205
