	TCGA-3X-AAV9-01	TCGA-3X-AAVA-01	TCGA-3X-AAVB-01	TCGA-3X-AAVC-01	TCGA-3X-AAVE-01	TCGA-4G-AAZO-01	TCGA-4G-AAZT-01	TCGA-W5-AA2G-01	TCGA-W5-AA2H-01	TCGA-W5-AA2I-01	TCGA-W5-AA2O-01	TCGA-W5-AA2Q-01	TCGA-W5-AA2R-01	TCGA-W5-AA2T-01	TCGA-W5-AA2U-01	TCGA-W5-AA2W-01	TCGA-W5-AA2X-01	TCGA-W5-AA2Z-01	TCGA-W5-AA30-01	TCGA-W5-AA31-01	TCGA-W5-AA33-01	TCGA-W5-AA34-01	TCGA-W5-AA36-01	TCGA-W5-AA38-01	TCGA-W5-AA39-01	TCGA-W6-AA0S-01	TCGA-WD-A7RX-01	TCGA-YR-A95A-01	TCGA-ZD-A8I3-01	TCGA-ZH-A8Y1-01	TCGA-ZH-A8Y2-01	TCGA-ZH-A8Y4-01	TCGA-ZH-A8Y5-01	TCGA-ZH-A8Y6-01	TCGA-ZH-A8Y8-01	TCGA-ZU-A8S4-01	TCGA-W5-AA2I-11	TCGA-W5-AA2Q-11	TCGA-W5-AA2R-11	TCGA-W5-AA2U-11	TCGA-W5-AA2X-11	TCGA-W5-AA30-11	TCGA-W5-AA31-11	TCGA-W5-AA34-11	TCGA-ZU-A8S4-11
ACSL4	1735.98	1799.89	1983.23	2185.58	1864.91	605.67	258.241	1069.22	651.685	273.438	1290.1	5263.47	951.544	913.317	1174.75	1596.79	1116.98	5923.39	994.134999999999	1255.58	738.016	2507.7	1744.24	888.129	17955.8	5192.08	781.597	236.447	2700.97	2052.04	879.046	895.833	454.76	532.133	778.601	2874.24	135.22	400.826	1893.34	432.04	426.282	1661.3	1502.72	1893	213.956
ALOX15	3.8106	1.1435	0.4862	280.147	1.5498	0.8591	0.6076	0	19.3508	0	1.0764	0	0.4626	30.5085	5.4011	0	2.5513	2.6726	19.0616	3.7027	36.5449	1.54	0.576	0	5.8207	0	0.5228	0.5767	0	4.4976	0.5242	1.4535	1.9546	4.5032	0.4115	0	1.0482	2.7548	0.9481	1.1164	3.2051	5.454	0.9074	1.609	0
ATP5G3	2510.07	9968.55	2078.52	4466	3518.02	4018.9	5244.42	5844.78	2526.84	3542.07	4737.35	3035.21	4083.73	2999.03	7075.05	5926.67	3577.5	2511.8	2383.19	2685.92	1704.32	4836.24	16655.5	7251.59	7505.24	7373.86	3584.37	6468.86	2462.14	2667.65	2634.52	9597.38	2738.01	5945.02	3069.14	3541.82	6970.65	5389.81	5725.53	5318.45	4922.01	5766.02	6254.99	7440.87	6302.47
CARS	1385.38	1204.11	1791.18	1006.68	953.119	1134.88	1157.53	1321.45	1031.84	635.216	1349.3	611.37	1096.8	479.419	1330.93	791.999	964.919	954.561	1628.54	755.346	723.778	1204.83	1266.71	1822.18	1019.79	1958.51	877.271	638.408	995.146000000001	1031.64	870.135	1161.34	1102.04	495.731	1587.24	1585.94	1847.98	661.157	1113.06	637.455	853.633	881.374	934.664	1623.48	799.348000000001
CDKN1A	4101.8	4201.26	5223.78	2229.73	3503.55	6312.71	2120.01	6875.2	1584.27	707.933	908.504	3681.37	1559.85	6070.22	3138.97	4498.3	1550.2	4156.79	2796.19	4312.51	3636.92	3183.26	5381.91	14216.4	8727.59	3716.08	2450.4	3655.13	10122.8	3620.58	2647.1	5779.07	4334.88	3239.7	5093.83	6952.51	3397.27	2250.69	15381.8	5121.96	3982.91	3655.3	6598	3795.66	6979.09
CISD1	413.718	771.298	289.291	709.088	246.416	178.694	342.701	289.984	255.306	384.615	710.441	50.4879	678.617	244.068	573.422	240.371	247.991	405.345	263.93	218.828	195.064	431.725	1467.74	423.547	731.083000000001	1083.07	425.565	852.365	267.961	217.572	231.686	725.291	336.184	433.061	326.337	618.223	767.296	593.664	458.877	606.196	461.538	486.501	607.078	698.311	579.962
CS	3287.97	9122.93	1576.76	3016.21	4846.18	4781.79	3089.78	3020.45	2410.74	2724.76	4386.44	3577.43	3791.84	2714.29	4656.24	6485.76	2733.51	6156.79	3730.21	3649.36	2487.42	6504.62	9546.08	3590.13	4195.58	8241.26	3056.33	3580.16	2807.28	3501.39	3422.88	13148.3	3041.29	3694.16	3192.59	5145.71	1561.84	1435.26	1216.4	1217.97	2018.16	1718.03	1897.46	1576.03	1341.3
DPP4	785.52	35.4488	358.818	6150.16	44.4272	27.4914	32.8118	432.617	279.65	56.4904	1651.78	539.669	163.294	30.0242	169.686	108.727	10.7157	123.831	294.721	3963.71	324.632	149.897	55.8756	18.5638	833.527	104.752	416.155	136.678	185.922	322.142	835.539	131.783	15.3107	112.581	337.037	52.8481	2632.08	1723.14	1251.48	1424.5	1917.73	593.401	3402	2258.25	2710.83
FANCD2	113.772	192.681	286.374	402.235	332.688	109.966	103.296	402.727	1096.75	296.274	453.175	201.527	160.055	399.031	222.347	266.487	545.988	131.403	260.02	199.204	179.402	143.737	139.977	172.936	246.799	128.451	298	98.6159	316.019	290.659	229.59	158.43	228.032	105.451	148.56	343.014	29.3501	23.416	20.858	18.9785	30.9829	35.9967	17.2414	31.3757	16.2911
FDFT1	1991.29	2218.41	3097.12	1418.72	3768.57	1024.91	1375.66	961.72	2302.12	2170.67	2351.45	1621.13	2860.65	1813.56	2714.98	2667.53	2236.51	3327.84	2965.79	1074.89	904.603999999999	2245.38	1469.47	1521.25	2108.27	2230.12	1670.37	2263.55	1310.68	2127.37	853.361	1711.72	1887.45	1973.54	1793.83	3017.82	3293.5	2476.58	2445.13	2767.51	3657.05	4983.91	4010.89	1932.42	1895.19
GLS2	37.0169	37.1641	28.686	6.5404	31.5123	15.4639	29.7737	233.351	137.953	27.6442	125.404	23.3347	19.8913	121.065	322.269	50.0995	22.4518	91.7595	26.393	358.419	185.572	21.0472	43.2028	326.82	4246.8	127.503	172.526	325.26	239.806	55.658	35.6441	40.2132	89.9096	31.8979	367.078	10.4699	11579.7	4169.42	6344.63	9224.66999999999	4127.14	8381.78	9748.64	8896.22	5020.91
GPX4	3505.72	5214.41	4845.51	2691.92	3286.58	4813.57	16518.9	3145.78	5875.16	13426.1	6017.22	2431.48	3573.03	3678.45	3903.68	1897.92	2209.98	2670.38	3972.63	2981.02	2767.92	5872.18	8218.32	6703.47	5189.76	6076.08	4628.41	5377.16	3988.35	1259.33	5445.16	6123.55	3037.38	2036.96	1893	4175.5	11521	9263.09	6182.51	10974	5261.75	8363.24	7554.45	6688.66	7221.29
HSPA5	14061.5	14586.6	21701.2	11758	9357.61	20654.6	12259.5	17941.3	5164.17	8551.08	21940.3	17366.1	13081.5	7017.92	13518.2	20211.4	22175.8	13032.5	8238.03	29473.3	7585.19	23617	23213.7	21052.3	34111.8	38241	16153.7	14654.6	13105.3	15472.9	7466.91	11871.1	16450.5	18377.7	14284	18568.6	12148.8	9345.73	21906.6	15447.4	15816.2	11763.3	19262.3	17962.2	29890.8
HSPB1	9320.09	13656.4	10338.2	16970.7	9013.56	4200.17	39338.9	14151.5	4572.41	46018.6	20653.4	3512.52	7802.94	9748.18	20482.5	7663.1	1849.22	11846.3	8529.33	6966.21	8422.88	16398.9	12584.7	26878.4	4363.21	16541.8	8664.49	8555.36	11821.4	13940.4	7691.26	14792.6	9834.68	1425.65	19628	13789.9	4471.7	7475.21	4028.44	4696.62	5182.69	5289.34	3591.65	2608.21	3965.25
LPCAT3	1019.6	969.697	1442.08	928.192	1174.74	547.251	1110.74	905.087	641.698	1206.73	987.083	910.904	1083.84	843.099	951.952	1147.49	804.694	1661.47	889.541	2892.53	739.915	1344.97	933.756	2044.46	2329.45	1077.38	1927.59	584.198	1034.95	771.341	1361.29	2155.52	1825.23	1567.13	705.35	651.627	2524.11	3194.21	3768.67	3545.63	2417.74	2685.57	2019.96	2241.35	2881.35
MT1G	38.65	177.816	221.223	493.255	157.562	9.4502	1800.39	1436.81	14.3571	525.841	1011.84	173.101	135.538	74.5763	6.7514	11.1924	196.454	238.307	22.9717	2012.77	1624.11	6.6735	6.9124	14.6556	138.533	12.7977	3524.77	6445.21	13.5922	33.1699	23.588	479.167	8.4697	8.2559	1637.86	153.06	40830.2	31869.1	29642.1	21753.8	35360	19496	40154.3	16782.8	108910
NCOA4	4151.33	5384.22	2536.04	5394.74	3943.17	4811.86	1889.11	4801.78	2187.89	2141.83	4675.46	7386.93	6589.57	2254.72	2566	5867.51	2737.08	5600.89	3261.97	4726.09	6706.22	2560.06	3716.01	4738.15	10973.2	4570.68	4019.87	4811.42	2749.03	3008.91	2551.7	4126.94	3742	5645.93	4084.77	2885.2	10008.4	7140.5	11350.6	9157.69	7766.03	7098.99	12863.9	14745	9576.97999999999
NFE2L2	2078.86	2787.74	3097.45	3222.24	2140.34	2099.42	1055.45	4354.83	1095.51	1554.49	1450.94	3685.39	2161.25	1531.49	2212.01	3208.21	2315.5	1941.4	2316.17	2334.47	3663.88	1380.9	1107.11	1796.29	1060.52	1859.96	2117.29	3141.28	3427.79	3525.99	2171.65	2192.92	2423.54	2552.45	2725.71	2117.41	2054.51	2647.38	2773.1	3556.8	4594.02	4530.13	3615.24	4677.33	3031.22
RPL8	29148.1	30662.7	27445.7	29279.7	30262.7	30861.7	81796.1000000001	27455.7	73254.6999999999	30906.9	67767.5	29252.9	26818.5	41292.5	34821.2	15921	78615.6	42103.3	26185.2	27927.8	19487.9	41904.5	57395.7	21967.8	14447	59211.8	38624.5	31209.3	22724.3	33352.6	29725.6	32325.1	43941.4	13223.4	36167.5	29637.8	16860.6	21994.5	15671	23643.9	16650.6	21782.4	12304	13098.1	14582.7
SAT1	9339.67999999999	5966.84	7596.94	5885.82	12140.5	3948.45	9958.99	4943.37	6167.92	4357.57	3156.62	4680.1	2564.59	3483.29	6295.94	2520.43	14722.3	2639.64	11388.6	7646.39	7193.64	7400.41	2338.13	3915.97	1493.6	6030.57	5855.97	3916.95	1830.1	3283.26	1870.27	2364.83	7010.67	25440.7	10711.5	10972.5	10932.9	10137.7	13966.3	14718.4	12910.3	12113.4	12294	9363.64	12394.2
SLC1A5	2606.42	639.794	3575.54	10302.8	2484.82	1219.07	744.949	5163.61	1116.1	2259.62	1002.69	2105.64	583.786	2398.55	3737.14	1942.69	6936.6	1880.62	1052.3	2962.14	2050.78	1730.49	317.972	1632.63	140.862	1087.81	1073.32	877.163	2383.5	2597.37	3003.01	2303.29	2684.26	122.713	1669.14	2188.71	133.124	581.267	304.337	377.337	394.231	484.32	198.73	120.676	433.342
SLC7A11	137.725	142.367	2303.15	47.4179	239.7	475.945	25.5203	1112.22	55.5556	125	340.151	18.6678	54.5854	19.3705	461.348	49.5666	2154.87	124.722	359.726	48.1348	64.0721	65.7084	58.1797	110.406	75.6694	195.758	30.3228	249.135	706.796	161.914	95.4003	354.651	16.9395	7.5054	69.5473	2436.5	2.0964	2.7548	0.9481	8.9311	3.2051	2.1816	2.7223	4.0225	23.8936
TFRC	3659.77	2173.81	2131.03	2445.02	3468.94	2628.01	601.549	4271.63	814.607	1281.85	1330.46	1792.96	1249.45	533.656	2196.47	4682.71	5417.02	2080.62	1711.63	2841.06	5301.38	1502.05	2701.61	2563.26	1827.71	4197.65	1139.2	1389.85	2724.27	3352.41	1688.38	2023.26	1071.1	756.544	2127.57	1561.01	582.809	289.256	1550.13	421.993	1083.33	475.593	705.989	902.655000000001	375.781
TTC35	744.148	1164.67	700.134	1053	960.867999999999	678.694	721.859	710.54	396.38	521.635	440.258	774.714	1722.22	1280.87	1362.89	705.124	530.17	1266.82	974.585	1221.88	796.393	779.774	620.968	754.763	533.178	1366.99	769.05	870.242	650.485	1141.27	1033.15	825.097	1854.55	1174.22	1720.16	714.446	675.052	581.267	546.101	813.843	680.556	729.752	533.575	720.032	783.057
