	GBM	LGG	CESC	LUAD	COAD	BRCA	ESCA	SARC	KIRP	STAD	PRAD	UCEC	HNSC	KIRC	LUSC	THYM	LIHC	THCA	MESO	READ	PAAD	OV	TGCT	PCPG	SKCM	UVM	UCS	BLCA	ACC	KICH	CHOL	DLBC
YTHDC1	1.03433127683323	0.961454410011154	1.10965020822838	1.03120506818379	0.861193527847711	1.12384389965668	1.05674958797528	1.09965946314147	0.878029374167388	0.907050410458333	1.83012838106457	0.851871584007947	0.936071153998521	0.675547908561338	0.965789663540739	0.756625748593571	1.25409894897516	1.8186239874862	0.904417933150935	0.46693304068532	0.990038995616294	0.914890111006695	0.627110450457861	3.24003343811003	1.13532791736313	1.08366006875655	0.912007562847283	0.882214561047339	1.4446374784221	2.02992963529039	0.753492347772082	1.26243638158989
IGF2BP1	0.917572042680487	4635.08175807247	1.08223371812124	1.30240809610128	1.1637390451666	1.55458134439193	1.00010970931628	1.26582611096086	2.00469836471215	1.09034312530388	0.000615424606951054	0.969286462280792	1.13384404810945	1.19142324654097	0.94430470693393	1.39215405727418	1.12653035044838	2.9360966269073	1.49145148048911	0.817459319007331	1.37600541833363	1.09424362808222	1.52670941932074	2.47422193741672e-06	1.9639924618513	1.82049845709838	0.791065922042017	1.01945697405109	1.64244570000534	265.359994036092	1.41440939432096	0.262221707135967
IGF2BP2	1.00465751933229	1.84418705573361	1.05924115844006	1.17085711116847	1.08576976094913	0.92751524216748	1.03910282898757	1.15092321294453	1.162466921472	0.971169798972563	1.03524855994054	1.02754872056908	1.17568842476609	1.38902096439059	0.99016641409926	0.874808427464756	1.18287250210137	0.782702219624957	1.37070970121702	0.564993910818208	1.5293033524211	0.996725887423603	1.12767881169652	1.01721226662117	0.927261990543164	0.496938398504318	0.873628728483299	1.10475454746171	1.46610972520264	1.25706352641005	1.41575184951789	0.773069220064034
IGF2BP3	1.04735615119015	1.8549846078302	0.998832645055196	1.17388593864793	1.14995144522204	0.877160213352624	1.10623468721598	1.20896008100933	2.54548246209395	1.04847839392637	0.0836205297953006	1.08218345588861	1.05562101370555	1.45710493291375	0.94633791318835	1.34115980304718	1.23727762074196	1.38099610703249	1.53728642966524	1.00488582468056	1.34575756842092	0.973532657830974	1.27420712498678	5.18659447197691	1.29406545567441	8.32945728583712	0.940353204648883	1.14313691552037	1.90519562285858	1.99086690077181	0.891206556310092	1.05093263681132
YTHDF1	1.26444046545814	2.93938168046127	0.910861520745631	0.940508764165724	1.01175940720049	1.32800313552627	0.956985492451775	1.1668828759029	1.1100533241157	0.912265120178514	2.80507938732613	1.16150438845808	1.14701893196537	0.714288350441385	1.13686380247107	0.620785819256108	2.04250345042512	5.29794037764423	1.98577268608931	0.44891267098956	0.787245006875197	0.99037461429184	2.32482635650615	2.48711608172818	0.874660455093835	2.98671908704216	1.3602241511108	1.10138918485357	1.94468462936201	4.56212904541834	0.656575370098362	1.11535457531277
YTHDF3	1.02954723818009	1.61939641699113	1.51147420126826	1.20927540856848	0.849038768835409	1.33626071417769	0.952766475239882	1.12332380804871	1.23960817587267	1.04574734561905	1.22637230625402	1.08708520300815	1.00325981592025	0.665777527728838	1.08283405747814	0.854339227879739	1.191039891884	3.50009556493965	0.896109828117132	0.49436154034139	1.13482155345102	0.993403335800937	0.691759393232958	2.21620087816233	1.0471866961166	1.74890757840419	1.02269074988476	0.985356412363781	1.22745416325438	4.31338765460639	0.772816638062148	1.33354853101254
YTHDC2	0.982443669000687	1.98956830128529	1.03355050189849	0.891024967956224	0.608103630329962	1.13154984342843	0.981177073553188	1.01573255590303	1.07239171797772	0.986695996314808	1.36943120967932	1.13736115896536	0.805156715126758	0.714700286429077	0.993719219797211	1.04499444327795	1.10313783053669	3.62262725029358	0.993131840211641	0.344211182952325	0.953630463260589	1.14322580457554	1.23001220806591	1.72502842236408	1.19048049877486	1.52149205382968	1.28995494461374	0.963805039015887	1.14245833666989	3.44686904104291	0.674250424398198	1.28988039589645
HNRNPA2B1	1.12869326359162	3.42272253543044	1.55315007298159	1.50233695555693	0.949519041733544	1.20677049089939	1.26196405669245	1.48909975383298	1.21669887243104	0.76690918757273	5.34880220548783	0.868183380527539	1.10851183671867	1.0397802280996	1.01421388774933	0.608549921395542	1.56639485539725	1.52847416909751	1.65908862313313	0.464847807804698	1.27739911084046	0.842225275140439	0.444095565539862	5.57700303166986	1.13977725396227	1.7037027139825	0.907359847739214	1.02742754760528	8.53341121066086	15.4917941005414	0.750222563396002	0.922939227540635
YTHDF2	1.24792079219906	3.01181554133346	1.30270887519808	1.00223893698553	0.781671312014842	1.24950091778613	0.88196117286635	1.85254444482804	0.9615510300337	0.893259501279051	3.01389520694349	0.595531189619609	0.998373179600286	0.595762107307238	1.06107433908594	0.66151586893629	2.04015777811368	2.90342753321781	0.860263480803747	0.394452230037307	1.23396885267918	0.931378504939867	0.462620069297827	1.466372915717	1.10021265677604	1.47792150201301	1.19868579484704	0.993417169014088	2.15006009393935	12.2842157912869	0.697290239190064	1.41310986844313
HNRNPC	0.743839064451421	1.12611148767635	1.70846446993445	2.38298552493381	0.893427730858391	0.89824124535376	1.38864390784108	1.89109452551746	3.01810218136935	0.898211112907127	2.07540597287145	0.718894481248282	1.47177444871118	0.720686737066515	0.866758036130781	0.551171337179756	1.8432353653891	1.12964445812368	1.78729167192554	0.822226148460594	1.65529177923304	0.789843785902058	0.278575305214347	6.86802598672223	1.97371022724996	1.60779604667746	1.05740411248828	1.23816499043493	3.7306140158735	6.46423611704748	0.305255419234765	2.00000104721704
RBMX	0.842331970010248	1.00287644708163	0.894239508070351	1.28421094430174	0.741267049464145	1.36729933152398	1.52552404797624	1.63762380255869	1.73476018628621	1.05775572438631	3.07005102476725	0.755488611608201	1.10453906672342	0.574819096514579	1.05199743249698	0.397788895307745	1.51379720437438	1.5974539082287	1.10603817071119	0.264245856143168	1.04670812755214	0.836941602004141	0.738810468529484	8.57059690672863	1.29557554262471	0.635176393629081	0.744354072728237	1.02266952278667	3.81119345124345	2.66337734456843	0.655535944798174	1.11722255431911
METTL3	0.980201884451864	0.93303307033111	1.19224034630043	0.902667335256947	1.00510310645992	0.964074681914888	1.07885719186927	1.13643720787745	0.954146601258602	0.809449279585079	2.88596325232288	0.852122003531394	1.00725965577864	1.16952726599858	0.851174568334358	0.866175097452359	1.61344230167432	1.34080850401883	0.708426238370842	1.06193496984767	0.702654617912847	0.895523992477428	0.258864924119398	5.6826137837759	1.26923004887415	1.48680931534813	0.894961581000722	0.966471433872997	1.74448388058542	7.64643897805102	0.686292335888333	1.01318731562615
METTL14	0.965123589604986	1.49832246996593	1.38756522440466	1.05946027889643	0.82417544125039	1.13255185116824	0.772516500859654	0.954465282480112	0.932935185000056	0.896761186848675	1.85342215262141	0.90471654100738	0.99797193372558	0.607590554274212	1.13832108382641	0.97617636513414	0.980054544965935	1.47623954818821	0.869371296429368	0.383924828355531	1.00809675202152	1.04828152705779	1.05910284489353	2.10286957689954	1.05853645703053	1.05041625812102	1.00558610838626	1.08713962805553	0.994419087972665	1.9524500786761	0.881100248578009	1.17617221240655
WTAP	1.05638181278911	2.12228317855054	1.56477826008856	1.09111523187607	0.961868786344683	1.25252950239337	1.00950883234914	0.934684401477916	1.44789168409308	0.889124890495817	1.18792788492131	0.835848122157163	1.04307609747465	0.79612131797877	1.0021087818567	0.572501373146322	1.38449577150191	1.35176093238704	1.50447186760545	0.444535168727577	1.02158660650507	1.17999515882168	1.33063099038844	1.13698151049809	0.999020941390587	1.27842191066627	1.05090970733096	0.99464097973485	1.53820858293291	1.77895951059949	0.91695660011974	0.632941753519917
KIAA1429	1.31722775123737	1.20629364944462	0.997717114284521	1.46114031776218	1.50003959724982	1.11108684929779	1.35408546558274	1.45260650527937	2.7797440169507	1.14756056295436	1.93949016208403	1.26838610618768	1.19933555595121	1.73815599443298	1.05787248819876	0.152444499857339	1.46787632827458	2.2593994330198	1.94092612303654	1.78787118683096	1.15029945813991	0.920404519015014	0.270396688043356	0.248209200393327	1.17787705177315	2.28233682782599	1.32428778058598	0.99458056119248	3.01206240741242	11.4009129085946	1.01203692152222	1.79689757101344
RBM15	0.966079434235046	3.12406508801205	1.13746728534131	1.40849359449674	0.938046580568412	1.10565663947441	0.972694170509112	1.08402242421773	1.42787856206113	0.783821469007742	2.53908355164169	0.709958711402471	0.907627540051114	0.566552914676083	0.965193069736432	0.234385851804502	1.5318972610623	7.25677702269946	1.6426594993656	0.201811794215365	1.64954871123222	0.977615818669845	1.28905301439616	2.73598286882243	1.12982756779582	1.46543673972155	0.947134509323252	1.08960200054105	4.82576081636939	3.85862696535951	0.381911828011929	0.818671613835412
RBM15B	1.08507201089525	1.33220917726956	1.14041745348073	1.2281950502152	0.832508569611626	0.836771720895469	0.693687904271236	1.31113388183486	0.842978847683055	0.942278548513148	2.23601780513619	0.776352589183664	0.841403569249645	0.681120390617807	1.06916186426827	0.464403079406058	1.75789529157485	2.1881171926172	1.33576716890199	0.388246446330239	0.938843080040625	0.910871012833534	0.80402013383265	2.52305120748926	1.31020259874723	0.222202324330702	1.28606547185449	1.02456582314634	2.10168223338367	3.26438617113373	0.71490200693806	1.18308319964353
ZC3H13	0.994808469468268	1.23747452624252	1.47103422737446	1.07330219639211	0.905007740565826	1.1596807169654	1.25376534830942	1.02104958965602	1.00414192388764	0.946590362947927	1.04050229335501	0.800908271048564	1.09595552717334	0.632031266348	1.11173377375313	0.861327372542028	0.886979683912756	1.20136312993191	1.17438980023545	0.770101574297596	1.13590003914863	1.11874979503999	0.463269671467798	2.01668072579918	0.932495435632672	0.751804501306115	0.802675255147768	1.2016175150576	1.46111535533075	2.41328883717545	1.17703321789141	1.20449666031359
FTO	0.973921223596696	0.853557557173973	1.11694531443393	0.93532437787399	1.09952255387098	1.11614257425704	0.998941348264888	0.919502029000308	0.848553221721736	1.33026512051804	1.06248815016604	0.925174979648633	1.11409512230647	0.743029370269271	1.18567239640056	0.809416388774833	1.08215363721085	2.4744463676415	0.95530846993952	0.581758085365936	0.942706265956827	1.0459257700759	1.00200398389868	1.52036847485784	0.920659976331287	0.981372060139642	1.12525831816521	1.29111282934568	0.863849210183818	1.94637719281467	0.726907504840842	1.25774602048125
ALKBH5	1.57592391849768	3.09974196134752	0.987108917520509	1.21289977499456	1.17486881336522	1.23390964228384	0.592162851014234	0.941791550994631	0.751947306221097	0.841275508988052	2.77608189519639	0.765796418975174	1.10956132788265	0.814133356530419	1.03433328502267	0.968214357157716	1.06361098330286	4.10335996182565	1.00642553522278	1.16760090331384	0.618488357950919	0.850219432468671	0.74342483214019	0.663696373785986	0.98970989896353	2.10430320127723	1.07579656437484	1.39096056055036	1.45792101334722	6.29622439735812	2.8620211498773	1.75672017961594
