	GBM	LGG	CESC	LUAD	COAD	BRCA	ESCA	SARC	KIRP	STAD	PRAD	UCEC	HNSC	KIRC	LUSC	THYM	LIHC	THCA	MESO	READ	PAAD	OV	TGCT	PCPG	SKCM	UVM	UCS	BLCA	ACC	KICH	CHOL	DLBC
YTHDC1	0.292240055472407	0.228624683615672	0.915499761532835	0.972757120845249	0.234606918373955	0.286177661734189	0.71649078442128	0.271300080954301	0.205490807182181	0.46932163626349	0.284947249819445	0.0795117077560137	0.159923363084969	0.00159416788220279	0.373851312110491	0.496526895913947	0.0651124339216608	0.898708703840771	0.773757327272125	0.903351257262532	0.823555267629261	0.5342548856765	0.587137553900609	0.0755641528621585	0.744421214897189	0.871902658400604	0.724555956774855	0.108742467350011	0.592351030326733	0.236655358270086	0.194116235591943	0.270758357096302
IGF2BP1	0.652303756364942	3.06349455545529e-05	0.897844542490615	0.0398846426442698	0.47187004591492	0.247925957911719	0.894120308413418	0.080909472156813	0.293409415803311	0.0116386899196449	0.555398000911723	0.381066327664689	0.157575936308195	0.0455728076578592	0.187664348255263	0.374563386293313	0.686550198673976	0.00355961092815549	0.0102017028258857	0.915269967513087	0.0369371450703589	0.708872680449663	0.372743605661877	0.758969432079257	0.00252162819448376	0.0159484844882399	0.0438087330606096	0.764069625760983	0.00258073650558877	0.0352471281338191	0.673502980743294	0.581764374940438
IGF2BP2	0.712678399919396	3.33120198092729e-11	0.874670927816856	0.000974701134868416	0.798148587977846	0.778492331929084	0.597618409197217	0.0550471279111777	0.372927947595528	0.725569750303135	0.818169123970623	0.35985768296651	0.0264796261224866	0.00853455846751672	0.236566616010872	0.534578211300372	0.087649957451483	0.624365613838988	0.0682803854603283	0.311106193948581	0.00415903359949243	0.207267776345718	0.716218646095004	0.926377103203652	0.941008940191838	0.000439866435564262	0.172351842868276	0.0199349894398263	0.475163324781294	0.346923241124276	0.548128272255836	0.559397389550312
IGF2BP3	0.752830394078161	7.36138228152328e-09	0.762393556887452	0.00231234955578841	0.0317101606844612	0.51019950656472	0.556373692465695	0.00604437567629634	7.46538357726534e-05	0.298930444991405	0.462270988575229	0.142930633522349	0.0694134074367642	0.00536194623339536	0.330765385280939	0.138586811017421	0.0299892163704698	0.205240746006945	0.000163480325952259	0.575992405472209	0.0764263724466757	0.840710537974742	0.471851671919665	0.425144161234293	0.262741118174206	0.0363149052901142	0.64819556126375	0.0455311848298563	0.0697549351828755	0.0879934578870889	0.675690979479831	0.220621965425726
YTHDF1	0.475681192314627	0.0471397579331562	0.575306855330909	0.970034699722724	0.713930579674202	0.0669555603109762	0.787940312719496	0.381368396027565	0.401238585875065	0.54390840951051	0.159681826968567	0.200861574842388	0.424719666180697	0.0305358077774122	0.984644485062697	0.141770833736746	0.000847529715047535	0.0550041839048394	0.0390669794269912	0.016194906404677	0.972175638543704	0.775760192693419	0.358173446305394	0.375555559412594	0.768579610088853	0.0104425130639183	0.564991557176405	0.712383972331451	0.219370621267755	0.319121444923709	0.395493441375141	0.828033737105057
YTHDF3	0.731629712182191	0.458064364160214	0.107408650725691	0.309432919817656	0.583721868874479	0.0230509470949324	0.960120534851991	0.0866550558368322	0.426622300476803	0.969810390686785	0.434901794298392	0.753366922110603	0.109155237866155	0.000473457502141783	0.415893279852157	0.408237730786092	0.328959223213098	0.135376101838751	0.419765000920585	0.667106572401397	0.193755371038326	0.311908399935107	0.78793557643101	0.482459410205575	0.268868080518845	0.0314068850286735	0.259545380572432	0.900454453282357	0.850906714099657	0.0580879082730126	0.632459643910593	0.239503341716752
YTHDC2	0.367689176588182	0.0169414649719971	0.686495180788777	0.103648251762172	0.294996866948143	0.243088525927856	0.700169825613381	0.489050359566593	0.286003180978036	0.629598484806928	0.30945936200209	0.573953855434887	0.0934755338477015	0.00285379203862623	0.944572867348177	0.561365911704081	0.341609342617212	0.0344068633969844	0.605293844445589	0.0613251812649286	0.525171823742386	0.150811951155237	0.588067582387233	0.75738714468714	0.300844737038535	0.483724562710524	0.38071154455797	0.535531033220459	0.978735656523083	0.3288960152095	0.231779545007472	0.270758357096302
HNRNPA2B1	0.520353954625671	4.6879087475471e-05	0.329518263806807	0.00510296340528682	0.95982273771587	0.788522621946938	0.43444175360908	0.0113085304307505	0.809191967939886	0.065193314513036	0.078913126495085	0.362053593513451	0.646216579320823	0.0857744096963148	0.329668694176334	0.00419033708255023	0.0105441598976072	0.554532997049946	0.00986872697512797	0.361630172293684	0.629090065376199	0.762114704124991	0.422085901676564	0.778442014370515	0.19451826269108	0.480953206327535	0.952532951228138	0.26091708689307	0.000392401395705289	0.00659143853941635	0.397226456693045	0.66328513352851
YTHDF2	0.815023720904739	0.00192579029198037	0.145466378688413	0.424653111161949	0.421036850736849	0.569789515055021	0.0517860007116592	0.000832649546088304	0.763110291365121	0.991859382963337	0.42848490520214	0.0397127396029221	0.967758135367886	0.00287400214497191	0.863429197693513	0.760194918884631	0.00756211452260958	0.576135529453643	0.870418292662559	0.0440356653829234	0.8546624205448	0.193755059383099	0.942089664360309	0.876436708859458	0.174393294524021	0.286547786508909	0.69924053263055	0.500762842309107	0.0499560185846316	0.0111262729548873	0.614740657361089	0.73007925035835
HNRNPC	0.0468483284476541	0.722649203254814	0.0663060536424539	0.000159763503563726	0.596421564607724	0.849628068240924	0.0592632839700835	0.000853012710931966	0.00156364624352512	0.331630301265255	0.400383498376954	0.0815777248312594	0.186989568149641	0.0251185756470595	0.434764504515567	0.0120666061228549	0.0966473898398411	0.40182562632295	0.910152580595608	0.894792208397973	0.00532180764956158	0.859704999220689	0.751946774789865	0.28915720838217	0.119461336611133	0.346285219475522	0.856019362441513	0.932614360660591	0.00283456490844081	0.0620735611055689	0.245931196940022	0.426965828887918
RBMX	0.29083704374388	0.152975906976171	0.184601032577832	0.171209701651606	0.36840446720888	0.298737703820604	0.0353676973135483	0.0208067898839173	0.451102734197505	0.819390201133347	0.722442015487166	0.59187017976918	0.890797811868858	3.27899243378615e-05	0.934125362418169	0.0676078178608537	0.0271834646627684	0.422637853236185	0.715016766590851	0.397832576246337	0.713938736295259	0.161605361453302	0.48987792801453	0.0161507473874597	0.0130072791412545	0.0601732678720178	0.749071608303341	0.822493010999391	0.000287458585350286	0.190825984874102	0.753525824187312	0.734319774077367
METTL3	0.667314193757228	0.998739024615567	0.814783935119252	0.555314724261557	0.680278010402585	0.770706562556445	0.879513468127749	0.166247147646686	0.580660134958988	0.22193179452241	0.316323648375037	0.347981923278788	0.905062621586188	0.382847709519368	0.0802000365878672	0.390814998878809	0.00143120518180029	0.513182489461151	0.0132084710107747	0.339201586566382	0.00983078894373157	0.402243951501692	0.0739548994687212	0.702372852288649	0.388782014356298	0.238065135248229	0.637854670994384	0.866773517652281	0.0438908242493934	0.0157927520228518	0.493667334566878	0.30422404972266
METTL14	0.0598657748669621	0.339531436242905	0.0451019081868741	0.150310454399518	0.657148632275914	0.753706868938253	0.229489635008195	0.872998501597895	0.143001046688686	0.676622930330286	0.324246074027422	0.700093764168976	0.209637923948102	2.25819420873741e-06	0.131455619662152	0.644953995428062	0.94629757947197	0.104817682443619	0.119635052820888	0.132667787336739	0.322150489721083	0.249845900976816	0.313263298914038	0.368469395471262	0.839775864349761	0.889006062641133	0.671815307392291	0.764039966760021	0.630403409718728	0.0743452293116638	0.842390187456646	0.270758357096302
WTAP	0.435767498151283	0.101168383411289	0.0937672727142299	0.257030479606387	0.940202481419725	0.510083277206134	0.55490132320849	0.814735241142334	0.0390248539442962	0.951681843782459	0.759907493880081	0.377939130579322	0.752561752383866	0.013394460656793	0.0555381786600485	0.495357360117463	0.0147527447124173	0.904779082224961	0.070561421436714	0.369122364728924	0.469893106432678	0.000100145883112468	0.979938974327699	0.96700713074073	0.501241142094822	0.345571496491834	0.98239220265922	0.872135754918176	0.613035027722724	0.151247274634639	0.373120420027797	0.260099137425099
KIAA1429	0.453219252241926	0.198185894348832	0.968381790725603	0.0256213801721822	0.030204912817108	0.0550580395620319	0.735616905161048	0.224435896091714	0.0169167580066515	0.653214009557566	0.779153602383973	0.209142208769697	0.478585578593901	0.0172787600572145	0.817891785456466	0.015389992642612	0.00712406089219231	0.901590512639827	0.187692766507468	0.579682112000881	0.968400889410034	0.691961997256927	0.348684256312048	0.330169158681377	0.980300236780513	0.0245765163242576	0.918966840212161	0.608543244408255	0.324529687455909	0.0874753768396129	0.971979298258735	0.369099507416928
RBM15	0.548204787052621	0.00751053972206561	0.459841871118547	0.0367377491858222	0.945689913992013	0.481016289741348	0.557753608948301	0.519391583092091	0.598069885081493	0.108451459736208	0.259613921778422	0.340509502720124	0.372202555182859	0.000764506793193287	0.824520659593355	0.13531866934977	0.286251734290003	0.0415560237328888	0.100645641529951	0.349432618916248	0.0726694782211589	0.863118496537063	0.983851418526969	0.532013477473189	0.33159121587348	0.834993210151306	0.801361108396425	0.87919338416922	0.0089614414043272	0.0291694897370381	0.0376034859469616	0.226256811825003
RBM15B	0.809790540538567	0.23719893919455	0.682869106392061	0.12726337697828	0.425379494719433	0.533396930789066	0.299589381705348	0.412248983688394	0.555274505762038	0.974051791832676	0.382319761691045	0.269634288651595	0.499192752592428	0.0109359449528242	0.788918618878476	0.274317395409759	0.00367892109394841	0.44591928535189	0.904649104123234	0.119877361717078	0.50263361782426	0.45026097279372	0.422847358430747	0.366322653765058	0.132759657061464	0.000252299930494693	0.644411309053394	0.638547660423996	0.00230347484121818	0.257811262221855	0.350297390635851	0.270758357096302
ZC3H13	0.359228015498056	0.76551513150827	0.00516507829862389	0.437102432630885	0.217264201558611	0.905592874138907	0.479406280008348	0.592400780948994	0.552514964549969	0.910327422139302	0.993850161294225	0.293076703619235	0.982884508977056	5.10427218192167e-06	0.608076576242653	0.390865223439081	0.619744414007444	0.535313951199438	0.136701183477415	0.560684159224785	0.640876018312411	0.434539079424435	0.586584838416068	0.902277085793488	0.638681571436676	0.889462007692066	0.468253717189303	0.40956170392155	0.666230809958901	0.0842776090644322	0.812445471827388	0.270758357096302
FTO	0.16319689404433	0.148024226053185	0.646527224695635	0.788832614544796	0.465492413852135	0.779525180674433	0.740517392370671	0.637195051249781	0.127104610992816	0.286300040842013	0.461646388451731	0.704820130117303	0.633442132601588	0.000146422245003275	0.197232218828915	0.840540409718521	0.751792959308704	0.0115807095915584	0.371406517397997	0.407933140047529	0.347706553956156	0.118429486496154	0.757366880536072	0.539231794031931	0.485512629220592	0.966178598095135	0.946663586527223	0.0141882193188654	0.318655972436697	0.238774468823012	0.443917657489448	0.695779417319849
ALKBH5	0.177445545652671	0.00348302236623499	0.0525625975529328	0.0366414873341651	0.669400371363311	0.818583835276042	0.256923028059309	0.954118071852731	0.935849704591679	0.629152894387383	0.771001694359744	0.496157242181697	0.515981951210177	0.0590693603229512	0.437915055213005	0.491584790987933	0.596430699809623	0.684415486642542	0.753596107736717	0.884654635375847	0.270727872847782	0.216314657419462	0.970478548477403	0.423954264905908	0.216381287074978	0.0025468966437403	0.944777301694259	0.00967119235808733	0.0741990903612864	0.0152574505141144	0.775193782887805	0.712398151313604
