nes size p.value p.adj
SALL2 -3.80156562533847 292 0.000143784643166211 0.00809360509271866
PAX5 3.787902219249 450 0.000151924613682685 0.00809360509271866
SOX1 3.7850933589674 264 0.000153650886018811 0.00809360509271866
ISL2 3.7665013695109 410 0.000165551176277189 0.00809360509271866
PITX2 -3.76386963843118 401 0.000167304123719851 0.00809360509271866
HOXA11 3.72490972947955 285 0.000195385126517287 0.00809360509271866
ZNF844 -3.71833864263488 211 0.000200537322349386 0.00809360509271866
HOXD11 3.70050749998803 250 0.000215168719553355 0.00809360509271866
HOXC8 3.69458277269659 416 0.000220248139653814 0.00809360509271866
LHX2 3.6865003625673 112 0.000227359118148543 0.00809360509271866
ERF 3.68182602708442 186 0.000231569415014114 0.00809360509271866
HOXC9 3.6780431662886 626 0.000235030190297073 0.00809360509271866
HOXC11 3.67218267555503 150 0.000240487673195972 0.00809360509271866
NFIA -3.66707896983978 237 0.000245337044921454 0.00809360509271866
ZNF626 -3.66525884492921 619 0.000247088546641667 0.00809360509271866
HOXC6 3.65952090469817 263 0.000252687230016876 0.00809360509271866
ZNF200 3.65172289977088 446 0.000260486868841141 0.00809360509271866
HMGA2 3.64601527326216 352 0.000266338152701987 0.00809360509271866
ZNF256 -3.64508531714767 309 0.000267303109458155 0.00809360509271866
RORC -3.64348916697978 623 0.000268966977543167 0.00809360509271866
TCF12 3.63937901122701 448 0.000273296305688546 0.00809360509271866
KLF15 -3.63355089094417 466 0.000279547278386179 0.00809360509271866
GBX2 3.63253054815533 148 0.000280655338297989 0.00809360509271866
ZNF536 -3.63007336585842 538 0.000283340672865396 0.00809360509271866
PRRX2 3.62456493190362 385 0.000289448295216405 0.00809360509271866
HES1 -3.62448885106835 356 0.000289533508960179 0.00809360509271866
ZNF132 -3.62214146714373 552 0.000292174255940732 0.00809360509271866
PPARG -3.61753539039631 398 0.000297421672985581 0.00809360509271866
SALL4 3.61389847040589 413 0.000301627215438371 0.00809360509271866
HIF3A -3.6129996878269 395 0.000302675068205977 0.00809360509271866
FOXO4 -3.61235763286993 440 0.000303425699430041 0.00809360509271866
HLF -3.59514226992155 607 0.000324214351565254 0.00809360509271866
TSHZ1 -3.59497287205585 386 0.000324425380373093 0.00809360509271866
HOXD10 3.59328216341681 331 0.000326538650969301 0.00809360509271866
PKNOX1 3.58668160929054 191 0.000334912839141456 0.00809360509271866
ZFP69B 3.58176083512971 433 0.000341286161274547 0.00809360509271866
CDX1 3.57816060033372 367 0.000346020821670819 0.00809360509271866
DNMT1 3.57599664424957 770 0.000348896126107627 0.00809360509271866
OSR1 -3.57462665003882 516 0.000350728009611791 0.00809360509271866
ZIC5 3.57216775228054 451 0.000354038499882417 0.00809360509271866
ELF4 3.56339930567389 303 0.000366083161119364 0.00809360509271866
HOXB7 3.56162546171114 409 0.000368565911920106 0.00809360509271866
HBP1 -3.55484609485057 406 0.000378200398796785 0.00809360509271866
PLAGL1 -3.55340858859907 211 0.000380273331127595 0.00809360509271866
ZNF717 -3.54186588116914 248 0.000397307429356912 0.00809360509271866
HMX1 3.54099651015151 290 0.000398618850689785 0.00809360509271866
ZNF470 -3.54064203613513 254 0.000399154724374765 0.00809360509271866
TFAP2E 3.51904588547174 332 0.000433101792954515 0.00809360509271866
ONECUT2 3.51623523801986 320 0.000437712978425416 0.00809360509271866
NR0B1 -3.51525251632345 157 0.000439336029184746 0.00809360509271866
ZNF281 3.5124651811798 667 0.000443970173595842 0.00809360509271866
HOXC4 3.51160671343106 542 0.000445406602147564 0.00809360509271866
ZNF540 -3.50986206542515 403 0.000448339204505503 0.00809360509271866
ZNF707 3.50859807836266 329 0.000450475104051806 0.00809360509271866
ZNF736 -3.50631028066854 455 0.000454365218699757 0.00809360509271866
ZNF718 -3.50347509788272 327 0.00045922959124405 0.00809360509271866
LBX2 3.50269765799856 362 0.000460571922931692 0.00809360509271866
MAZ 3.49878578191133 345 0.000467381921326969 0.00809360509271866
ZXDC -3.49623019527694 497 0.000471881427798051 0.00809360509271866
ZFP90 3.49217058024737 340 0.000479112169355087 0.00809360509271866
ZSCAN4 -3.4918773326535 413 0.00047963846630274 0.00809360509271866
HOXD13 3.49132367152191 235 0.000480633602749278 0.00809360509271866
ZNF662 -3.49094786061016 395 0.000481310172566737 0.00809360509271866
ZNF532 3.49061171535915 489 0.000481916085060628 0.00809360509271866
RFX8 3.48711559816386 530 0.000488260264623669 0.00809360509271866
TCF3 3.48368274647074 453 0.000494565353201818 0.00809360509271866
ZNF763 -3.48339737077989 175 0.000495092903820226 0.00809360509271866
RORB -3.48045973540159 288 0.000500554055327891 0.00809360509271866
NR1H4 -3.47988599888398 204 0.000501627183028809 0.00809360509271866
EN1 3.47859344064476 306 0.000504052673042182 0.00809360509271866
ZNF555 -3.47758214442066 224 0.00050595799299964 0.00809360509271866
ZFP92 3.47134234527391 443 0.000517863319874706 0.00809360509271866
IRX4 3.46888610957305 269 0.00052262095299711 0.00809360509271866
BARX2 -3.46816959968909 553 0.000524016460549729 0.00809360509271866
ZNF442 -3.46742199486849 224 0.000525476231561209 0.00809360509271866
SNAI2 3.46687499701261 400 0.000526546697832306 0.00809360509271866
E2F3 3.46328526777242 922 0.000533622327604222 0.00809360509271866
NR3C2 -3.46145661669527 559 0.000537260704830352 0.00809360509271866
KLF7 3.46144849675153 443 0.000537276912105921 0.00809360509271866
RELB 3.46079299351037 296 0.00053858678968987 0.00809360509271866
PGR -3.45922436253131 205 0.000541733439316852 0.00809360509271866
ZIC2 3.45044179723283 338 0.000559669832866131 0.00809360509271866
ZKSCAN5 3.45038262809496 413 0.000559792526663036 0.00809360509271866
REL 3.45016235363412 492 0.000560249510551769 0.00809360509271866
TBP 3.44433093663076 259 0.00057247453035697 0.00809360509271866
HIF1A 3.44315235900923 244 0.000574975290123437 0.00809360509271866
FOXM1 3.43977421785185 439 0.000582199659194568 0.00809360509271866
NKX6-2 -3.43922309466975 133 0.00058338625866239 0.00809360509271866
POU3F1 3.43752940662416 380 0.000587046971987875 0.00809360509271866
HOXB9 3.4328583399815 138 0.000597254063453537 0.00809360509271866
MYBL2 3.42739243969976 742 0.000609407671409855 0.00809360509271866
PRDM5 -3.42715859047514 379 0.000609932741517006 0.00809360509271866
ZBTB2 3.42701523155243 231 0.000610254838607168 0.00809360509271866
HOXA5 3.42526223090744 441 0.000614206282175017 0.00809360509271866
PEG3 -3.42515104685457 267 0.000614457703629978 0.00809360509271866
TBX20 3.42392660241927 376 0.000617232892301652 0.00809360509271866
ZNF835 -3.41554999542885 286 0.000636533433087138 0.00809360509271866
AR -3.41532119967448 352 0.00063706839389739 0.00809360509271866
ZNF329 -3.41149528741758 311 0.00064607618104101 0.00809360509271866
RUNX3 3.41039023268781 480 0.000648699903444691 0.00809360509271866
ATOH8 -3.40392067503648 548 0.000664260409188582 0.00809360509271866
LMX1A -3.40193961764111 400 0.000669094193229273 0.00809360509271866
MEOX2 -3.39566457650749 494 0.000684622015980209 0.00809360509271866
SHOX2 3.39450475315803 419 0.000687528465628667 0.00809360509271866
ZNF7 3.3927660666287 434 0.000691907002247826 0.00809360509271866
PAX1 -3.39225244500143 274 0.000693205406611649 0.00809360509271866
KLF8 -3.39142784715651 463 0.000695294677114763 0.00809360509271866
FOXJ1 -3.39043638115823 327 0.000697814486933979 0.00809360509271866
ZNF682 -3.38934406113128 310 0.000700600441289119 0.00809360509271866
TGIF1 3.38733282392073 387 0.000705757142385462 0.00809360509271866
ZFP2 -3.38531156660531 572 0.000710975049858219 0.00809360509271866
HOXC13 3.38448170476271 452 0.000713127712604588 0.00809360509271866
NKX2-3 -3.38385414278064 390 0.000714759628944756 0.00809360509271866
NCOA1 -3.38273543727032 532 0.000717677326729699 0.00809360509271866
MSC 3.37376560958894 464 0.000741474742625359 0.00809360509271866
FOXN2 3.3723479405241 281 0.000745302284583288 0.00809360509271866
ZNF568 -3.36996965446568 290 0.000751764619113056 0.00809360509271866
SOX11 3.36959617403658 503 0.000752784163519847 0.00809360509271866
ZNF780A -3.36655770830136 308 0.000761126551135568 0.00809360509271866
ZNF615 -3.36552430639736 187 0.000763983358038896 0.00809360509271866
ZNF345 -3.36431011939073 255 0.000767352659219622 0.00809360509271866
ARID3A 3.36242110762705 263 0.000772621999393278 0.00809360509271866
ZNF697 3.36220849822322 426 0.000773217165314692 0.00809360509271866
ZHX3 -3.36097701133993 297 0.000776672896065772 0.00809360509271866
LHX9 3.35841244662704 335 0.000783915502680163 0.00809360509271866
NR2E3 -3.35767194527558 449 0.000786018392799805 0.00809360509271866
RUNX1 3.34729034112653 497 0.00081605690826993 0.00809360509271866
TFDP2 -3.34498818087036 573 0.000822860768452408 0.00809360509271866
ZNF582 -3.34492074291482 252 0.000823060867353594 0.00809360509271866
EN2 3.34490197264768 354 0.000823116569685594 0.00809360509271866
ZNF677 -3.34477909124678 240 0.000823481316885486 0.00809360509271866
TGIF2 3.34345810218653 484 0.00082741187258943 0.00809360509271866
ZNF91 -3.34166271667119 221 0.00083278188391699 0.00809360509271866
RORA -3.34120474207609 455 0.000834156855089785 0.00809360509271866
HAND2 -3.34038327988636 281 0.000836628397792511 0.00809360509271866
ZNF436 -3.33588439411096 378 0.000850285142046334 0.00813744108767654
E2F1 3.33195677548486 405 0.000862376494086208 0.00813744108767654
SOX8 -3.33162795823605 220 0.000863395971979198 0.00813744108767654
ZNF596 -3.33076304103103 241 0.000866082933527595 0.00813744108767654
ZNF676 -3.32462591547399 438 0.00088537243431182 0.00825925999436598
ZNF236 -3.31968584229269 302 0.000901187996998509 0.00826283204368487
TBPL1 3.3185044427495 352 0.000905008828293795 0.00826283204368487
ZNF441 -3.31654546288672 227 0.000911377579959779 0.00826283204368487
STAT1 3.31530546599023 636 0.000915430317548626 0.00826283204368487
EHF -3.3147078567101 430 0.000917389468862409 0.00826283204368487
IKZF2 -3.31074275415429 648 0.000930487051813572 0.00828760202940682
PAX9 -3.30760595936539 444 0.000940971070364144 0.00828760202940682
ZNF433 -3.30650361766081 268 0.000944681306346653 0.00828760202940682
ZNF469 3.30511630203166 283 0.000949369960850568 0.00828760202940682
ZNF595 -3.30437959510606 243 0.000951868533239681 0.00828760202940682
ZNF71 -3.28943059963637 363 0.00100390310385022 0.00855878397844526
ZNF354A 3.2859826940018 588 0.00101627253589685 0.00855878397844526
ZNF829 -3.28595064229803 252 0.00101638818097118 0.00855878397844526
ZNF425 -3.28535675734817 390 0.00101853316967743 0.00855878397844526
MEIS1 -3.28501152004081 406 0.00101978201990668 0.00855878397844526
NCOA2 -3.28430681275955 512 0.00102233560538856 0.00855878397844526
ZNF658 -3.28119299093505 368 0.00103368989113136 0.00859871973132202
ZFP3 -3.27462260555949 450 0.00105803215698985 0.00869210219411639
ZFP91 3.27276520145515 395 0.00106500908918308 0.00869210219411639
STAT2 3.27265883119098 414 0.00106540993146011 0.00869210219411639
ATF5 3.27103727284238 445 0.00107153786619658 0.00869210219411639
ZNF135 -3.26738652528973 397 0.0010854537101159 0.00875063299636642
TSHZ3 3.26362574751809 424 0.00109996359666227 0.00877978754371967
ZNF273 -3.26065336076336 363 0.00111155838239811 0.00877978754371967
MBD4 3.25990003486405 478 0.00111451487826196 0.00877978754371967
ZNF599 -3.25953229543278 277 0.00111596074445441 0.00877978754371967
ZNF319 3.25441153565792 353 0.00113627543336447 0.00883890111615031
PBX4 3.25422789947735 216 0.00113701025077584 0.00883890111615031
ZNF701 -3.25243126261439 173 0.00114422267439487 0.00884233617017572
ZNF823 -3.24862615300862 480 0.00115963775135368 0.00887605717532739
ELF2 -3.24577618414663 276 0.00117130887247576 0.00887605717532739
ZNF350 -3.24538572987553 266 0.00117291627846465 0.00887605717532739
ZNF287 -3.24469332897252 385 0.00117577173915133 0.00887605717532739
PURB 3.24124808104192 349 0.00119007567890336 0.00890629877264458
TEAD2 3.23728748522996 449 0.00120671779700255 0.00890629877264458
FOXL2 3.23680623444505 282 0.00120875455854849 0.00890629877264458
ZBTB7C -3.23558450651638 450 0.00121393945810312 0.00890629877264458
ZNF14 -3.23371235229121 174 0.00122192457832313 0.00890629877264458
ZNF347 -3.23173726295327 204 0.00123040130400868 0.00890629877264458
RFX7 3.22980153240857 487 0.00123876177485681 0.00890629877264458
ZNF880 -3.22972843284234 238 0.00123907851935194 0.00890629877264458
SP5 -3.22925000348445 430 0.00124115342773454 0.00890629877264458
ZNF502 -3.22228246831102 317 0.00127173692553087 0.00904914753608152
ZNF799 -3.22071977978726 305 0.00127869107053302 0.00904914753608152
GLI3 3.21705353523111 344 0.00129514429326287 0.00904914753608152
E2F7 3.21553825716949 557 0.00130200138999668 0.00904914753608152
NFKB2 3.21506490190505 759 0.00130415032593032 0.00904914753608152
TP63 3.21191809824145 387 0.00131851958577277 0.00904914753608152
ZNF415 -3.20635133797318 237 0.00134429745542376 0.00904914753608152
ZNF563 -3.2034885054953 195 0.00135773459860697 0.00904914753608152
DEAF1 -3.20302205395551 327 0.00135993566215015 0.00904914753608152
HOXD8 3.2021166727523 267 0.00136421731782192 0.00904914753608152
ZBTB47 -3.19976634902199 541 0.00137539038149805 0.00904914753608152
SIM2 -3.19938298257259 735 0.00137722082996659 0.00904914753608152
ZNF432 -3.19909090288325 387 0.00137861692188466 0.00904914753608152
ZNF423 -3.19872531220528 479 0.00138036622327004 0.00904914753608152
ZNF175 -3.19723986295281 312 0.00138749497191114 0.00904914753608152
DMBX1 3.19687723346489 342 0.0013892403978835 0.00904914753608152
TFAP2B -3.19639622892402 204 0.0013915587166449 0.00904914753608152
ZNF879 -3.19626516280489 212 0.00139219103999694 0.00904914753608152
MYT1 3.19409965185168 284 0.00140267689029214 0.00904914753608152
THAP10 3.19389205454009 249 0.00140368593506109 0.00904914753608152
DLX6 3.19285579212839 668 0.00140873279489928 0.00904914753608152
NR2F1 -3.19138851917361 295 0.0014159074046318 0.00904914753608152
PBX2 3.19046811244022 441 0.00142042514923179 0.00904914753608152
CLOCK -3.18715306075714 476 0.00143680717690221 0.0090913123965772
ZNF17 -3.18588033682973 330 0.00144314274595581 0.0090913123965772
ZNF526 3.18374640803837 276 0.00145382316785237 0.0090913123965772
CEBPE 3.18353436352038 295 0.00145488843099895 0.0090913123965772
NFIB -3.17953345438588 523 0.00147512340761157 0.00917386271590817
ESRRA -3.17559948927687 371 0.00149527238025685 0.00921905746334758
GLIS3 3.17535972548251 362 0.00149650856219731 0.00921905746334758
ZNF181 -3.17277513918129 399 0.00150989416720808 0.00925784874353872
MYBL1 3.17039253119349 261 0.00152233133930673 0.00928732618260067
ZNF613 -3.16913677088923 337 0.00152892429499169 0.00928732618260067
ZNF268 -3.16596845663169 273 0.00154567554010526 0.00934561229341423
ZNF44 -3.16367186882312 175 0.0015579233487692 0.00936986425746291
NFIX -3.16207552515939 483 0.00156648930418846 0.00936986425746291
KLF4 -3.16054700625236 340 0.00157473193506811 0.00936986425746291
ZNF573 -3.15987202922674 157 0.00157838448441182 0.00936986425746291
LMX1B 3.15745395263414 364 0.00159153370644631 0.00940517203899946
GLIS2 3.1537064104975 435 0.00161211178212947 0.00946672762285028
FOXK2 3.15195664754983 338 0.0016218035035755 0.00946672762285028
ZNF429 -3.15161609431693 207 0.00162369600881965 0.00946672762285028
JDP2 -3.14968309491491 319 0.00163447653928909 0.00948722826805135
MXI1 -3.1472831642601 294 0.00164795284350291 0.00952312572395929
SMAD9 -3.14309117740947 474 0.00167173758062625 0.00960579176107826
ZNF8 3.13999305440171 271 0.00168951840309651 0.00960579176107826
ZNF248 -3.13915119967662 203 0.00169437996517837 0.00960579176107826
ZNF420 -3.13844118314584 249 0.00169849018421324 0.00960579176107826
FOXP3 3.13834742752143 263 0.00169903361164554 0.00960579176107826
PRDM10 -3.13214563706994 277 0.00173533771229759 0.00975371220979978
ZFP62 -3.13057336904058 271 0.00174465412681482 0.00975371220979978
SNAPC4 3.12790994036758 192 0.00176054117385915 0.00975371220979978
ZNF668 3.12760712219247 283 0.00176235584544911 0.00975371220979978
DLX2 3.12757655588717 265 0.00176253911295004 0.00975371220979978
HSF1 3.12537306464185 391 0.00177579691700266 0.0097856150785041
ZNF565 -3.12327952469192 298 0.00178847804010366 0.00979258385454845
PITX1 -3.12171068622198 495 0.00179803540928881 0.00979258385454845
NFIL3 3.12065478180014 518 0.00180449438776368 0.00979258385454845
NFE2L3 3.12023727780945 316 0.00180705414161269 0.00979258385454845
RUNX2 3.11869265843608 296 0.00181655337852483 0.00979629575562182
ZNF431 -3.11738554818897 230 0.00182462778532171 0.00979629575562182
ZNF790 -3.11647981680977 151 0.00183024208604267 0.00979629575562182
HOXD9 3.109503603826 192 0.00187401998378257 0.00997349100735275
ZNF836 -3.1087791566994 295 0.00187862081761775 0.00997349100735275
NFKB1 3.10623708684874 401 0.00189484725005882 0.00998000974355355
ELK1 3.10580830541903 338 0.00189759688325726 0.00998000974355355
ZNF524 -3.10473967142224 362 0.00190446563408966 0.00998000974355355
YY1 3.10381687847845 386 0.0019104153414153 0.00998000974355355
ZNF491 -3.09547365395133 215 0.00196498828818342 0.0102242020094325
ZSCAN1 -3.09142050885741 445 0.00199201310311634 0.0102785173265223
DUX4 -3.09075090460923 432 0.00199651046172017 0.0102785173265223
SNAI1 3.08868653339759 379 0.00201043440984942 0.0102785173265223
AHR 3.08867201269899 388 0.00201053266515216 0.0102785173265223
HOXA10 3.08804519381466 411 0.00201477828146226 0.0102785173265223
ZNF160 -3.08480728631541 269 0.00203684082858836 0.0103506386075346
ZNF285 -3.07569734728676 339 0.00210010898396208 0.0105937902883464
POU2F2 3.0755832813739 316 0.00210091246912842 0.0105937902883464
EMX1 3.07328508447319 435 0.00211716124984461 0.0106346638165272
ZNF282 3.07075519944434 338 0.00213518132023957 0.0106840873725398
IRX6 -3.06233761505956 256 0.00219615596996831 0.010940722740713
ZNF483 -3.0607435191138 190 0.00220788135627784 0.010940722740713
ZNF726 -3.05656781364428 444 0.00223886830394142 0.010940722740713
ZNF846 -3.0557939100999 354 0.00224465484880495 0.010940722740713
NR2E1 3.05381551487296 205 0.00225950983224376 0.010940722740713
DLX1 3.05295010592667 329 0.0022660361166594 0.010940722740713
ZNF501 -3.05213160992964 275 0.002272224504092 0.010940722740713
FOXP2 -3.05171963813925 412 0.00227534514554908 0.010940722740713
ZNF554 -3.05160052638773 297 0.00227624813551668 0.010940722740713
ZNF518B 3.05154327148595 462 0.00227668230356171 0.010940722740713
THRA -3.05115923258657 271 0.00227959645977646 0.010940722740713
ZNF618 3.04968229887311 380 0.00229083556663753 0.010940722740713
TEAD4 3.0484460209906 435 0.00230028234233087 0.010940722740713
ZNF439 -3.04648298638967 242 0.00231535582142121 0.010940722740713
ZNF418 -3.04579206922391 333 0.0023206826275519 0.010940722740713
NR2F2 -3.04476411903854 379 0.0023286286514374 0.010940722740713
TFCP2 3.04426068236269 407 0.00233252928422029 0.010940722740713
ARNT -3.04260266301733 372 0.00234541797733286 0.010940722740713
ZNF443 -3.04257451604324 251 0.00234563734104108 0.010940722740713
SP140L 3.0410242777185 309 0.00235774818982096 0.0109580752167479
ZNF197 -3.03718433371769 390 0.00238799374626665 0.0110592901866108
RARB -3.03589442887374 308 0.00239823318943904 0.0110674648247611
ZNF90 -3.03433915228556 371 0.00241063262791997 0.0110784897238079
PBX1 -3.03346996850601 483 0.00241758772686465 0.0110784897238079
RXRB -3.02841828287095 347 0.00245837554498911 0.0112260086075377
ZNF813 -3.02655893958024 179 0.00247354592454043 0.0112559267506962
ZNF549 -3.02459549484963 257 0.00248965861088966 0.0112899102285482
DLX5 3.02197497045026 342 0.00251131312435154 0.0113487022159277
TCFL5 3.02057325413058 334 0.00252296670389023 0.0113520329475699
SPDEF -3.01979783599876 628 0.00252943460010938 0.0113520329475699
EBF1 -3.00821539192738 507 0.00262786814892557 0.0117534102825233
ZBTB16 -3.00699062094032 278 0.0026384790341719 0.0117605925550461
ZNF417 -3.00510548339232 388 0.00265488759923309 0.0117934802877497
ZNF667 -3.00259023781223 316 0.00267692597972909 0.0118510689136481
ZSCAN5A 2.99966084149916 315 0.00270280379121449 0.0118808199838703
SOX4 2.99927236280022 343 0.00270625266275644 0.0118808199838703
BNC1 2.99874539137761 698 0.00271093748483412 0.0118808199838703
PPARA -2.9960004915255 478 0.0027354599280621 0.0119226131292603
ZNF43 -2.99563594082036 360 0.00273873195924816 0.0119226131292603
NFYC -2.99142010006392 442 0.00277683194304043 0.012048314011996
HOXA1 2.9900553745702 453 0.00278926876693854 0.012062202018615
ZNF578 -2.98589547610214 314 0.00282749269615278 0.0121017525450034
ZNF426 -2.98549709042611 343 0.00283117831380107 0.0121017525450034
ZNF30 -2.98536449821926 307 0.00283240594743735 0.0121017525450034
FOXL1 2.98503276080946 311 0.00283547953964092 0.0121017525450034
CTCF 2.9838392167187 340 0.00284656309398065 0.0121094833900284
ZNF597 2.98272311868109 374 0.0028569632393203 0.0121142662030919
GRHL3 -2.97752597216145 751 0.00290585023243489 0.0122816841539158
ZNF134 -2.97262663491902 289 0.00295263380893828 0.0123860430862173
ZNF10 -2.97257610388669 440 0.00295311988840666 0.0123860430862173
ZNF860 -2.97196610945619 429 0.00295899344785591 0.0123860430862173
VAX2 2.9701410364246 639 0.00297663056040609 0.0124170005267548
ZNF737 -2.96923679770386 220 0.00298540441454902 0.0124170005267548
POU6F2 2.9639448720704 657 0.00303722692560504 0.0125575174969601
ZNF267 2.96225533680718 426 0.00305394411067044 0.0125575174969601
ZNF219 -2.96128062563005 304 0.00306362656452234 0.0125575174969601
WT1 2.96126802964371 270 0.00306375187184776 0.0125575174969601
ZNF384 2.96091507911033 319 0.00306726499351476 0.0125575174969601
SP8 2.95824497336033 243 0.00309396135664525 0.0126272297868084
STAT3 2.95637139456141 316 0.0031128201559178 0.0126327789790361
ZBTB18 -2.95575051917688 410 0.00311909275612049 0.0126327789790361
TFAP2A 2.95496948355002 475 0.00312699979405673 0.0126327789790361
ZNF607 -2.95427828784697 328 0.00313401254916362 0.0126327789790361
TFAP4 2.95123942257045 353 0.00316501476403171 0.0126958857158546
ZSCAN32 2.94953865559645 504 0.0031824875821759 0.0126958857158546
HOXC10 2.94907991203967 144 0.00318721551202738 0.0126958857158546
KLF9 -2.94768477763712 442 0.0032016334926369 0.0126958857158546
CEBPB 2.946220417464 389 0.00321683079919471 0.0126958857158546
ZNF778 -2.94605632880599 409 0.00321853782042084 0.0126958857158546
ZNF570 -2.94505090957894 269 0.00322901527518909 0.0126958857158546
TP53 -2.94433475076247 571 0.00323649729536356 0.0126958857158546
LHX1 2.94427146562171 160 0.00323715922157701 0.0126958857158546
RARA 2.94293939672954 233 0.00325112055091285 0.0127124653877011
ZNF619 -2.94099759093431 269 0.00327157078199109 0.0127542431082996
IRF9 2.93928689529509 349 0.00328968408693407 0.0127866887426664
IRF3 2.93711559244303 248 0.00331280597099649 0.012838351923209
ZNF354C -2.93269280745114 276 0.00336036199109764 0.0129841205928211
ZNF484 2.93160334980211 498 0.00337217141829205 0.0129841914549099
SMAD1 2.93085876546076 349 0.00338026423787854 0.0129841914549099
ZNF674 2.92990723357537 373 0.00339063208991651 0.012985822608302
ZNF131 2.92848646538405 415 0.0034061666181985 0.012988948971748
PURA -2.92801466157833 286 0.00341133958446367 0.012988948971748
ZNF518A -2.92644999166951 536 0.00342854621889596 0.0130002350718831
TFDP1 2.92593632732516 428 0.00343421217442546 0.0130002350718831
ZNF569 -2.92357977940248 305 0.00346031539348896 0.0130611904736895
ZNF672 -2.91974801126284 300 0.00350314522809442 0.0131491656058238
POU6F1 -2.919693385047 300 0.00350375928853497 0.0131491656058238
GBX1 -2.91804329780115 217 0.00352235436324208 0.0131761270361767
GATA6 2.91655342634827 242 0.00353922103513192 0.0131761270361767
PURG -2.91637814034768 320 0.00354121025244871 0.0131761270361767
KLF16 2.91252645676899 252 0.00358517828356574 0.013273464681973
ZNF254 -2.91230706596035 410 0.00358769757483651 0.013273464681973
ZNF699 2.91068918772597 366 0.00360632564570305 0.0133046929188932
ZBTB4 -2.9072496649536 353 0.00364622055685607 0.0134139832317015
GRHL1 -2.9044662190639 367 0.00367879900039761 0.0134958188048294
ADNP2 2.90293336153673 400 0.00369685290668356 0.0135240613336939
ZNF41 -2.8992075786978 177 0.00374107127463987 0.0136475952086024
ZBTB14 -2.89760455682781 282 0.00376024376328894 0.0136793268937475
TEF -2.89658616221912 371 0.00377247032725637 0.0136856840205467
IRX2 2.89437129192776 338 0.00379918627681252 0.0137077128120949
ZNF577 -2.89434251744987 288 0.00379953448543519 0.0137077128120949
E2F4 2.88926630923783 306 0.00386141900227671 0.0138925983938661
FOXD1 2.88523489670412 436 0.00391121714513174 0.0140215103704121
KLF2 -2.88463136595545 422 0.00391872227044443 0.0140215103704121
ZNF623 2.8828108757537 238 0.00394144003031176 0.0140619054675944
ZNF750 -2.8820040793348 488 0.00395154617657514 0.0140619054675944
SMAD4 -2.87825259645044 414 0.00399884804425216 0.014191563983134
ZFPM1 2.87194524886948 421 0.00407953640205829 0.0144365128816539
IRF6 2.87113741739498 435 0.0040899768500857 0.0144365128816539
ZNF585B -2.86795872099177 242 0.00413129430665776 0.0145430468045688
ZNF33A -2.86491836535219 207 0.00417116757927389 0.0146439377917519
FOXN3 -2.8634733803333 599 0.00419024021280129 0.0146714576887895
MLXIP 2.86189085002872 515 0.00421121907262254 0.0147054869220456
MEIS3 2.86012020160734 338 0.00423480462588901 0.0147316404161456
MEIS2 -2.85891843396768 350 0.00425088070664259 0.0147316404161456
ZNF777 2.85825451039591 246 0.00425978574754297 0.0147316404161456
ZNF746 2.85763914328983 370 0.00426805461652468 0.0147316404161456
ZNF571 -2.85711504809794 161 0.00427510851280184 0.0147316404161456
MLXIPL -2.85584151628678 531 0.00429229329637508 0.0147519343291207
ZNF557 -2.85197534306384 424 0.00434484706975139 0.0148920162835514
ZNF837 -2.85097452444463 458 0.00435854613854634 0.0148920162835514
ESRRG -2.85033935728343 447 0.00436726051807059 0.0148920162835514
SATB1 -2.84687688145438 335 0.00441504339070117 0.0149673839270989
TFE3 2.84657363498692 430 0.00441925073746012 0.0149673839270989
TAL1 -2.84625004048706 489 0.00442374440724362 0.0149673839270989
HOXD12 2.84474698661785 73 0.00444467124943501 0.0149993298495145
ZBTB20 -2.84350269888282 336 0.00446206314957957 0.0150185681708199
HEYL 2.84193883512176 324 0.00448400933846541 0.0150185681708199
MSX2 2.84187757227314 402 0.00448487104641634 0.0150185681708199
ZBTB24 2.84036037911042 450 0.00450625943343184 0.0150515980052736
SOX13 -2.83787380412568 546 0.00454151343599983 0.0150892635372736
ZNF320 -2.83781769144687 181 0.00454231186134847 0.0150892635372736
SETDB1 2.83712368144337 398 0.00455219742242404 0.0150892635372736
ZBTB7B -2.83605261818378 336 0.00456749202438207 0.0151016318578303
USF1 2.83518751555446 307 0.0045798795061965 0.0151043500886177
ZNF530 2.83317389582466 262 0.00460883062766144 0.0151452742919781
FOXP1 -2.83271291272546 424 0.00461548175207297 0.0151452742919781
NPAS2 -2.83032843470162 485 0.00465002427689172 0.0152203802145879
TP73 2.82945241346035 476 0.00466277335933728 0.0152239550182362
GTF3A -2.82220757121239 404 0.00476942965048233 0.0155333544227679
SIX1 -2.81380979348927 497 0.00489581871582473 0.0158862152410943
ZFP14 -2.81225564218423 227 0.0049195386950518 0.0158862152410943
ZNF396 -2.81173904321138 254 0.00492744619040737 0.0158862152410943
ZFP64 2.81141578769586 383 0.00493240005489269 0.0158862152410943
ZNF583 -2.81101204456156 221 0.00493859371200942 0.0158862152410943
ZNF589 -2.80809419351484 354 0.00498356478271741 0.0159914879759925
HIVEP1 2.80518374415853 284 0.00502879035521909 0.0160970593233239
ZNF853 -2.80330510986431 377 0.00505817924211294 0.0161515454528105
ZNF528 -2.79674519353156 312 0.00516202260258438 0.0164429305340858
ZBED6 2.77229844143142 387 0.00556619785778845 0.0176872369884957
MESP1 -2.76399243914271 520 0.00570988623533799 0.0180713745980644
GATAD2A 2.76371397737304 245 0.00571476087978608 0.0180713745980644
CSRNP2 2.76107535245347 267 0.00576113824980795 0.0181671255981549
HOXA2 -2.76041139533838 437 0.00577286150324219 0.0181671255981549
ZNF146 2.75008715141927 514 0.00595794162627906 0.0187044994325011
NFE2L1 2.74791566377709 530 0.00599754337699145 0.0187757834611744
ZBTB11 2.74726799561771 466 0.00600940083213698 0.0187757834611744
ZNF791 -2.7458857184482 230 0.0060347781174155 0.0188100721273142
MXD4 -2.74060415197924 365 0.00613263420025646 0.0190695720607975
CUX1 2.73523367365708 359 0.00623360069475144 0.0193374881409629
CREM 2.72593764361929 517 0.0064119110470322 0.019843497221384
SOX10 -2.72340719212507 466 0.00646123666058852 0.0199488772546776
HES6 2.69928453313585 426 0.00694887368407748 0.0214038420552009
NKX3-1 -2.69775880493289 362 0.00698079987620581 0.0214515873842936
ZNF585A -2.69418585668697 275 0.00705608066327467 0.0216240136377065
ZBTB44 -2.69352775374585 250 0.00707002589839256 0.0216240136377065
CSRNP1 -2.68679562215999 407 0.00721410789709909 0.0219887318784218
ETV2 -2.68638666125509 290 0.00722294485133457 0.0219887318784218
ZFP28 -2.68525565059709 230 0.00724743468887713 0.0220119760550547
GLI2 2.68244769047771 501 0.00730855806329457 0.0221170443042235
ZNF165 2.68211190561677 325 0.00731589826908464 0.0221170443042235
FOXJ2 2.67287904868172 341 0.00752033598274151 0.0226825838186153
SOX30 2.66836881911623 216 0.00762205365733658 0.0229364103144737
PROP1 -2.66616974810311 270 0.00767209439600893 0.0229955226995122
ZNF334 -2.66595868685495 561 0.00767691263169012 0.0229955226995122
ZNF506 -2.66295137418525 329 0.00774586064560612 0.0231307044060384
ZNF891 -2.6616334901084 273 0.00777624996916916 0.0231307044060384
ZNF214 -2.66112072041569 330 0.00778810285618659 0.0231307044060384
ZNF229 -2.66091396682329 299 0.00779288662990574 0.0231307044060384
SIX5 2.65822710575544 322 0.00785529389256901 0.0232630698950003
PCGF2 2.6557456832929 367 0.0079133267350521 0.0233447866397609
ZNF226 -2.65551941852517 309 0.00791863742834154 0.0233447866397609
VAX1 2.65361349079493 195 0.00796349857986268 0.0233913721391277
ZNF383 -2.65332703206464 188 0.00797026079778852 0.0233913721391277
ZNF621 -2.65196177213371 341 0.00800256017889522 0.0234335058153299
RXRG -2.64909951424867 305 0.0080706563114944 0.0235354545490208
ZNF462 -2.64898389878363 323 0.00807341779323224 0.0235354545490208
OLIG2 2.64667234612515 90 0.00812880717036414 0.0236441473596783
ZNF493 -2.6437179576119 194 0.00820009524862832 0.023798498654908
ZNF681 -2.64193176151137 428 0.0082434662643678 0.0238713235948212
ZNF280C 2.64043339671605 439 0.00828000657873463 0.0239240898049279
ZNF669 2.63546979125836 286 0.00840209043080687 0.0242232452596772
GZF1 2.63281560406065 434 0.00846803076206804 0.0243595774785482
NFX1 -2.62512290433742 381 0.0086617695162996 0.0248333913628188
DLX4 2.62476925276082 470 0.00867077064429202 0.0248333913628188
THAP5 2.61395235899406 431 0.00895015155829883 0.0255774571884864
ZNF25 -2.61159990331269 300 0.00901196528578777 0.0256978748105651
SALL1 2.60982721441629 394 0.00905879648304809 0.0257751377055791
ZNF253 -2.60810082058583 267 0.00910461337151636 0.0258491849200008
ZNF514 -2.60424702285914 375 0.00920763668840142 0.0260849750868812
ZNF397 -2.60067707378698 320 0.00930399888425726 0.0263009145948917
ZNF107 2.59501317767165 404 0.00945872924235514 0.0266805623985223
ZNF133 2.59092505303649 495 0.00957183347834003 0.0269414106092933
FOXA1 -2.58972079503251 325 0.00960538027767167 0.0269776917046004
ZNF121 2.58811867734972 429 0.00965017266242841 0.0270453336848315
ZNF781 -2.58185875879741 324 0.00982697936181187 0.0274818737612983
EGR2 2.5803994157317 381 0.00986861003058182 0.0275393262819228
L3MBTL1 -2.57881331230033 374 0.00991403492812338 0.0275463054829346
MAFF -2.57873141482661 525 0.00991638546401653 0.0275463054829346
ONECUT1 2.57741117043665 382 0.00995434631551084 0.0275463054829346
THRB -2.57737182931849 157 0.0099554794700958 0.0275463054829346
FOXD2 2.57405882612565 444 0.0100513181984071 0.0277526883025786
ZNF774 -2.57276446738667 473 0.010088984127839 0.0277979182931597
ZNF614 -2.56532697202589 397 0.0103078618057768 0.0283411947754622
ZNF654 -2.55795787741206 452 0.0105288845046829 0.0288880738720923
SOX6 -2.55701343422148 397 0.0105575140131627 0.0289058979060598
ZNF655 2.55295328208787 282 0.010681382224338 0.0291838602196349
ZNF208 -2.54707625197401 328 0.0108629693810861 0.0296180334273455
TBX19 2.53948049992011 446 0.0111017233907958 0.0302059390591237
IRF7 2.5310837713693 317 0.01137106871494 0.0308744610014795
MECOM -2.52390202289884 508 0.0116060270513017 0.0314470359522821
ETV7 2.5202421860094 356 0.0117274113638248 0.031710143356429
HMG20A -2.51888998161069 349 0.0117725434688854 0.0317664086164553
YBX2 -2.51704783603526 440 0.0118342760553029 0.031867143357166
HOXA13 2.5140620174579 248 0.0119349444153555 0.0320720934289183
ELK4 2.51158237059168 562 0.0120191232698814 0.0322319814999284
HOXB8 2.50346105466192 179 0.012298521493592 0.0329136661283425
HOXA3 -2.49863556134464 465 0.0124672448918031 0.0332969771547951
CDX2 2.48769881209408 149 0.0128572567795801 0.034248815923351
SMAD3 2.48717826062519 361 0.0128760862315202 0.034248815923351
FOXP4 2.48592136978051 532 0.0129216512536503 0.0343001555635514
THAP4 -2.47410172681907 439 0.0133571657455034 0.0353571727679378
AEBP2 2.47365174353156 382 0.0133739995002766 0.0353571727679378
ZBTB25 2.46866202438282 438 0.0135619240736116 0.0357568458200927
ZNF711 -2.46777166806275 410 0.0135957011837352 0.0357568458200927
ZXDA -2.46746600265724 223 0.0136073142209694 0.0357568458200927
FOSL1 2.46315758597505 344 0.0137719370890064 0.036112663682264
EBF4 2.46247903671482 431 0.013798023872473 0.036112663682264
GABPA -2.46110036880012 569 0.0138511611023705 0.0361792327993918
CBX2 2.45747666903907 447 0.0139916898694946 0.0364352372617429
ZFP41 2.45713592262366 290 0.0140049686871324 0.0364352372617429
FOXN4 -2.45637012715175 156 0.014034852178026 0.0364403915397654
E2F6 2.45488039806345 483 0.0140931468651814 0.0365191464403312
ZBTB26 2.45201487081474 346 0.0142058790951524 0.0367383724718198
SRY -2.44982417884679 267 0.0142925986261966 0.0368895925016062
POU3F3 -2.44678143634174 386 0.0144138216211065 0.0371290947478601
YBX1 2.44395639464166 494 0.014527182249812 0.0373008795475086
SMAD5 -2.44369695200414 408 0.0145376322279341 0.0373008795475086
CREB3L3 2.43454667249741 149 0.0149104568068235 0.0381824639013951
ZNF639 2.41387985465316 432 0.0157836659984227 0.0403394673071235
ZNF610 -2.41300306994729 318 0.0158216863060734 0.0403576607729138
ZNF584 -2.41159575489267 321 0.0158828805890005 0.0404347798230695
ZHX1 -2.40788229137057 437 0.0160453533906757 0.040768932934285
MZF1 -2.40434831025572 456 0.0162013284359481 0.0410853105579577
DBP -2.4003022389275 444 0.0163815397602644 0.0414618041219094
MAFK 2.39935757482392 268 0.0164238676606289 0.0414885322336195
ZNF808 -2.39860510171357 269 0.0164576527070522 0.0414936186011781
CSRNP3 -2.39133578989633 293 0.0167871915600448 0.0422429136366445
SOX5 -2.389237027201 327 0.0168834058809311 0.0424033232317231
TERF1 2.38584470833387 458 0.0170399447277468 0.0427143336169623
ZFY -2.38342838850162 279 0.0171522212732962 0.0428982522155446
ZNF606 -2.38285393426726 234 0.0171790091184761 0.0428982522155446
FOXS1 2.37205515499874 360 0.0176894498705556 0.0440885907079114
NR2F6 -2.36549902057248 227 0.0180057909205594 0.0447915484614297
HIVEP2 2.36227044664176 420 0.0181633863119117 0.0450976854056212
ZNF274 -2.36017201970063 334 0.0182664626539155 0.0452675526110317
HOXA7 2.35852176413347 315 0.0183478838579915 0.0453832127245016
ZNF558 2.35664210630253 346 0.0184410102907763 0.0454977858509274
ZNF83 -2.35618178848582 202 0.0184638794035157 0.0454977858509274
MYB -2.35088387632564 334 0.0187288777666446 0.0459831758597183
ELF3 -2.3508361833151 636 0.0187312783747091 0.0459831758597183
ELF5 -2.33955552778692 626 0.0193067013294532 0.0473068516627878
ZNF773 -2.33437602802446 310 0.0195760408846043 0.0478287363688437
ZNF24 -2.33405321475412 340 0.0195929356487989 0.0478287363688437
KAT7 -2.33194088535727 474 0.0197038012261568 0.0480096350771656
ZNF257 -2.32762705912769 293 0.0199319153273364 0.0484750119506543
HES4 2.32509137974161 278 0.0200670744948984 0.0487130098333408
ZNF641 -2.32333518856019 445 0.020161152865005 0.048850585606116
SOX17 -2.32194344658449 340 0.0202359809860172 0.0489410947550713
KLF3 -2.32051206753457 308 0.0203131928791285 0.0490370238449942
ZNF430 -2.31188449441102 307 0.020784049426182 0.0500811227870732
RARG -2.30936050420344 429 0.0209235847764172 0.0502944248530609
ZNF280D -2.30850140422863 304 0.02097126482326 0.0502944248530609
HSF4 -2.3081911169379 511 0.0209885090265864 0.0502944248530609
FOXO3 -2.30750628023545 328 0.0210266125342812 0.0502944248530609
ZNF302 -2.30341950926641 238 0.0212552511166417 0.0507483692108484
HNF1A 2.29250894754958 519 0.0218762918329885 0.0521128622628624
CREB1 2.29198419133143 360 0.0219065554229031 0.0521128622628624
ZNF300 -2.28800577138861 456 0.02213718502261 0.0525657520718703
HOXB6 2.28355426424665 395 0.0223977402885681 0.0530879288872413
ZNF438 -2.27911966964252 587 0.022659952566389 0.0536121341516378
PPARD 2.27799382509704 393 0.022726945502546 0.0536734011325952
ZFP69 2.26746566681881 220 0.0233617939612314 0.0549797682661742
ZNF317 2.26742465749618 219 0.0233642966215365 0.0549797682661742
PDX1 2.26537621888577 65 0.0234896024060234 0.05517521716235
LIN54 -2.25866100558245 287 0.0239044798475263 0.0560489240231048
ZNF665 -2.25752564808756 376 0.0239752487012644 0.0561141125517048
VSX1 -2.25358218813229 332 0.0242224649205168 0.056591304447576
ZNF786 2.24440218283631 508 0.0248065362013118 0.057852386212345
ZNF32 -2.24229092776692 316 0.0249425757145385 0.0580166819040419
ZNF749 2.24193101822231 404 0.0249658309571758 0.0580166819040419
MITF -2.23233770348396 411 0.0255926517502607 0.0593676788380824
SP100 2.228089119953 465 0.0258745726755171 0.0599152338904705
MNX1 2.22131820445428 236 0.0263294167126173 0.0608301358658258
ZFP1 2.2208247920504 364 0.026362830704485 0.0608301358658258
RLF 2.21948259047078 336 0.026453910341012 0.0609326400447295
POU4F3 2.21590903864668 383 0.0266977323915446 0.0613859832805586
BATF2 2.21427637542836 352 0.0268097727407982 0.0615352604560325
ARID5A 2.21158178093787 487 0.0269955754260193 0.0618530201866336
HOXB13 2.2072987330432 255 0.0272931957667166 0.0624254179883219
ZFP82 -2.20507190105928 297 0.0274490494811296 0.0626552641371214
KLF13 2.20449377400208 418 0.0274896373281551 0.0626552641371214
ZNF19 -2.20236513260312 366 0.0276395267615621 0.062887146255401
EBF2 -2.19901442409661 379 0.0278768966871733 0.0633169166494754
ETV4 2.19748201263347 509 0.0279860397255762 0.0634544581277822
ZNF710 -2.19405710278774 374 0.028231304654219 0.0638996254391855
MYCN -2.19206530254465 412 0.0283747916933253 0.0641132836530845
NFIC -2.19055256891097 427 0.028484186698289 0.0642493054023584
TFEC 2.18878427763945 465 0.0286125230051582 0.0644275086978216
ZNF784 -2.18276647073627 328 0.0290530120275916 0.0653067705818151
ZNF519 -2.17695839921166 335 0.0294836714929915 0.066160953556438
PBX3 2.17156836287541 416 0.0298882354912447 0.06690588566988
BATF3 2.17117298090633 279 0.0299180989519219 0.06690588566988
ZBTB32 2.16922992793986 308 0.0300652320731705 0.0671199881838643
RELA 2.16342078662203 258 0.0305088302334726 0.0677911212779072
NR1D2 -2.1632587150871 421 0.0305212865397622 0.0677911212779072
ZNF275 2.16277783476338 750 0.0305582711943555 0.0677911212779072
WIZ 2.16258017727394 304 0.0305734842516748 0.0677911212779072
ZNF772 -2.16050227914832 190 0.0307338073610675 0.0680311057856851
GATA5 -2.14889248249535 332 0.0316429238743652 0.0699249722164484
NR2C2 -2.14380851044242 422 0.0320482331584587 0.070637436720173
ZNF605 -2.1434933203788 368 0.0320735068721766 0.070637436720173
FOSL2 -2.14018774929939 447 0.0323395968122616 0.0711035579744337
ZNF358 -2.13728728155942 278 0.0325746326756998 0.071499950041116
HMGN3 -2.13415690362672 405 0.0328299391528255 0.0719394304254868
ZNF785 2.13136299347193 356 0.0330592491265448 0.0723205684409841
MEF2B 2.13061921761783 287 0.0331205250439416 0.0723334543601802
HOXA6 2.12730820150363 387 0.0333944837609075 0.0728100096690237
ETV6 2.12235481469946 506 0.0338079536103534 0.073534632616866
ZNF101 2.12197968235113 322 0.0338394442593694 0.073534632616866
ZNF670 2.1178119493457 472 0.0341909969366494 0.0741023895668216
ZNF700 -2.11753820136736 204 0.0342141967142369 0.0741023895668216
CEBPZ 2.11258809412114 288 0.0346360386379397 0.0748918318893199
JUND -2.10901901426509 323 0.0349429404166541 0.075430545758926
ZNF35 -2.09430568223559 307 0.0362327584884425 0.0780857798447293
ARNTL2 2.08710579969674 443 0.036878571929875 0.0793320683805361
SP110 2.08650900616704 410 0.0369325402567886 0.0793320683805361
ZNF234 -2.08492373458974 271 0.0370762238514999 0.0793473947957144
FOXJ3 2.08486141196056 388 0.0370818822715825 0.0793473947957144
ZNF512B -2.08442040337124 392 0.0371219435070302 0.0793473947957144
NPAS3 -2.08209854897935 412 0.0373334690638666 0.0796691349630879
ZGPAT 2.07329912841031 286 0.0381444497750989 0.0811425448718901
ZNF646 2.0727006086319 278 0.0382001511059709 0.0811425448718901
DMRT1 2.07259152775495 99 0.0382103101808671 0.0811425448718901
SPIC -2.06422829848427 384 0.0389960756203988 0.0826767447406507
ZSCAN12 -2.06336552760503 480 0.0390779125874761 0.0827159705660353
DMTF1 2.05947701056593 306 0.0394485651039059 0.0832935621060483
KDM5B 2.05916596664418 379 0.0394783422233108 0.0832935621060483
VENTX 2.05211998122697 352 0.0401580035267971 0.0845908912999952
ZNF561 -2.05104541131012 326 0.0402625246100945 0.0846238119397767
NCOA3 2.05062762139187 299 0.0403032243694802 0.0846238119397767
HOXB5 2.04629603826943 279 0.0407272532567603 0.0853768744034173
GLIS1 2.04450589294196 356 0.0409035958404809 0.085609128473827
ZSCAN16 -2.04358709160917 390 0.0409943555672334 0.0856618053932909
FEZF1 2.0423397874322 261 0.0411178379984277 0.0857825821500745
ZNF283 -2.03737993699265 544 0.0416119828147277 0.0864255506944627
NEUROG1 2.03632548426628 38 0.0417176824539212 0.0864255506944627
ZNF467 -2.03600541428102 484 0.0417498115959027 0.0864255506944627
ZNF81 2.03595170408091 434 0.0417552051644321 0.0864255506944627
ZNF546 -2.03593474325318 296 0.0417569084902036 0.0864255506944627
TCF7L1 2.03487697994182 225 0.041863252812928 0.0865085572368418
NFE2 2.02367677548933 385 0.0430034197114998 0.0887242751077704
ZNF628 2.02287626581001 273 0.0430859061101089 0.0887542482331266
KLF1 2.02002001883117 325 0.0433813110809071 0.0892220350734877
ZNF148 2.0188024394304 369 0.0435077574236806 0.0893414012505138
NR1D1 2.01614546503473 542 0.0437847670577538 0.0897690828531028
TRPS1 -2.01488157472571 341 0.0439170590135961 0.089899183498051
RHOXF1 -2.00395280809016 433 0.0450751158899671 0.0921253542289467
SCX 2.00180084851912 248 0.0453061546683401 0.0924528718700816
EBF3 -2.00109886738538 574 0.0453817363895318 0.0924626329558947
PLAG1 1.99981176296071 331 0.0455205939222316 0.0926010835863465
TBX6 -1.99774396287191 414 0.0457444253626413 0.092911694437962
TBX5 1.99112425808437 434 0.0464672281591418 0.0942332297761479
ZNF511 1.98660931021305 346 0.0469657086910519 0.0950964582178508
NRF1 1.98272109844577 280 0.0473985915435905 0.0958243971454013
CTCFL 1.98065131456401 465 0.0476303900610658 0.096144187665768
CREB3L4 -1.97195865926817 355 0.0486143260317625 0.0979788731442622
ISX 1.96870334811588 249 0.0489871666122374 0.0985781811950416
CREB3L1 1.9675349860223 378 0.0491215666097897 0.0986965630652082
MYT1L -1.96324767485076 414 0.0496174021739445 0.099539673178451
PLAGL2 1.95443310023607 402 0.0506500193815212 0.101455406920654
ZNF827 1.9511948060965 503 0.0510338766085498 0.1020677532171
NKX6-1 1.94911046079728 357 0.0512822346915062 0.102407642977228
MAX -1.9433255400516 335 0.0519768375263379 0.103451385588108
EGR4 1.94280062502682 300 0.0520402523724475 0.103451385588108
MEOX1 -1.94278167965727 406 0.0520425423670653 0.103451385588108
NKX2-1 1.94062526765966 139 0.0523037469653152 0.103812604159121
LHX6 -1.93603624318083 366 0.0528632622000336 0.104763915680188
ETS1 1.93414526807845 307 0.0530952695013137 0.10494766075079
ZBTB5 -1.93397098748729 383 0.0531166950660583 0.10494766075079
ZNF296 -1.93034019783511 605 0.0535646994285897 0.105672956878758
IKZF4 1.92907649105514 325 0.0537213670110021 0.105822179964357
ZNF398 -1.92643097963124 348 0.0540505822925418 0.106310332039246
FOXF1 -1.92462325405381 375 0.0542765080467787 0.106594164675328
ZNF816 -1.92302032743826 179 0.0544774970442014 0.106828244954545
NFYA 1.91870913747421 241 0.0550211544658655 0.107732575310975
ZNF331 -1.90608062885422 300 0.0566397455294124 0.110735789912294
VDR 1.9050187623603 486 0.0567776322429612 0.11083944351167
ZNF541 -1.89913674947398 489 0.0575464983462719 0.112172726627211
MBD1 1.89728005992055 318 0.0577909852681955 0.112481410969096
LHX8 -1.89492240756358 349 0.0581026820752395 0.112919795818843
ZIC1 1.88735158430352 315 0.0591130525256254 0.11471269925478
ZNF689 1.88462761338015 387 0.0594801315122784 0.1152537859867
SOHLH1 1.87647508553688 122 0.0605900726963879 0.117230570283678
SPZ1 1.87538931310975 127 0.0607391842771644 0.117332138078803
PROX1 -1.87478542413652 491 0.0608222492184916 0.117332138078803
SIX6 -1.873922991691 362 0.0609410399871099 0.11738790298402
DMRTA1 -1.87321721535399 351 0.0610383960118433 0.117388957890464
ZNF649 -1.87202895572979 301 0.0612025976542612 0.117388957890464
ZNF451 1.8719664829217 388 0.061211240676421 0.117388957890464
NR5A2 -1.86923112599494 470 0.0615906655791896 0.117943415317334
HOXA9 1.86808412112799 361 0.0617503464853228 0.118076065168128
BCL11B 1.86639095417114 324 0.0619866877805676 0.118167899072361
SETBP1 -1.86628965752181 403 0.0620008510069437 0.118167899072361
ZNF311 1.86546204898616 228 0.0621166669957106 0.118167899072361
ZNF28 1.8651506114219 248 0.0621602960663949 0.118167899072361
POU5F1 1.86038948375297 390 0.0628304414501534 0.119268250776018
ZNF394 -1.85765698241137 279 0.0632177410029617 0.119829273947559
HMG20B 1.8513528261375 395 0.0641188109500761 0.121361111740289
ZNF527 -1.84969755858336 266 0.0643571525930963 0.121547782012067
FOXI1 -1.8489633879189 254 0.0644630995557459 0.121547782012067
IRF1 1.84873116762583 339 0.06449664083795 0.121547782012067
ZBED4 1.846023697499 501 0.0648887646513611 0.122002885745274
ZNF221 -1.84543063682786 401 0.0649749199099305 0.122002885745274
TWIST1 1.84513169779295 451 0.0650183832149391 0.122002885745274
NR5A1 1.83090762626223 418 0.0671143318611115 0.125755118236172
NFE2L2 -1.82536947811782 427 0.0679452919877724 0.127129729707781
ZNF76 -1.82167690166456 424 0.0685040247392209 0.12799178298916
ZNF445 -1.81978548566873 435 0.0687916789162214 0.128266909889501
ZNF407 -1.81941784762241 399 0.0688477058442114 0.128266909889501
ZNF391 1.81542904487529 435 0.0694580009279968 0.129219585772028
ZBTB6 1.81077391399288 315 0.0701758558794194 0.130306701945504
ZIK1 -1.81034761454202 457 0.0702418975265198 0.130306701945504
ZNF276 -1.80805996737202 440 0.0705971678932842 0.130780001799474
ZNF33B -1.80360161531338 249 0.0712937826764677 0.131883399681964
ZHX2 1.80062994896331 439 0.0717612254647999 0.13235146580891
FOXK1 1.80045727884155 522 0.0717884634621791 0.13235146580891
GATA3 1.80006209444187 219 0.0718508340417438 0.13235146580891
TBX4 1.79788952089946 394 0.0721945170747604 0.132797238450193
TEAD1 -1.79535544015348 294 0.072597087197666 0.133323956907629
HMGA1 1.79480335415403 441 0.0726850362314181 0.133323956907629
SOX12 1.79409538644477 386 0.0727979453129562 0.133343782017841
BRF2 1.79334578229951 436 0.0729176511281442 0.133375983716185
ZEB1 -1.78787405250769 332 0.0737963300369187 0.134794415424078
ZSCAN21 1.78552524352626 476 0.0741761604977431 0.135298974315716
PKNOX2 -1.78334002076586 546 0.0745309704231781 0.135756551426319
NFXL1 1.77687511889923 357 0.0755887889320685 0.137325478597689
ZNF721 -1.77679109239712 404 0.0756026180028627 0.137325478597689
NR1H2 -1.77501163749566 392 0.0758959656644006 0.137666848830149
ADNP 1.77300439119167 263 0.0762279792385459 0.13807646288173
GCM1 1.77236953186038 250 0.0763332359882154 0.13807646288173
NME2 1.77077599365446 421 0.0765979595071106 0.138363672360009
LEF1 1.76557550071438 425 0.0774670932374801 0.139740364320648
GFI1 1.7532786405449 246 0.0795541900201311 0.143307271953505
ZNF510 -1.75258881613383 180 0.0796726123674607 0.143322908749179
NFATC1 1.74688693905202 409 0.080656951842113 0.144894056541677
TBX3 -1.74494921162459 367 0.0809937100339429 0.145299155637815
ZGLP1 1.74265888298034 448 0.0813932178840121 0.145815559062441
KLF10 1.74059689826756 385 0.0817542617284277 0.14615166940698
DR1 1.74030972099693 399 0.0818046480371381 0.14615166940698
ETV1 -1.73930829694096 481 0.0819805486894481 0.146265842333906
ZNF780B -1.73748034350286 310 0.0823024206417431 0.146639783571782
SOX9 1.73256318864493 331 0.0831733368491955 0.147989615701702
TSHZ2 -1.7306734137957 488 0.0835100296511561 0.148318940881923
GMEB2 1.729883767837 324 0.083651043963287 0.148318940881923
ZSCAN29 1.72961476278096 393 0.0836991266692016 0.148318940881923
PAX6 1.72290619464422 534 0.0849054899439507 0.15025280469756
FOXC2 1.72216711777404 334 0.0850392495709651 0.150285872719459
NR1I2 -1.71168170096314 382 0.0869553426786047 0.153464429105754
TSC22D1 -1.71081621613055 391 0.0871150450746436 0.153538797392017
ETV5 1.70981360682394 482 0.0873003460444601 0.153580291859264
TBX15 -1.70941675157728 609 0.087373780131266 0.153580291859264
ATF4 -1.70743735727279 354 0.087740791795611 0.154018110329392
HDX -1.7034506930069 312 0.0884837578722822 0.155113809102283
MIXL1 1.70271149766058 272 0.0886220721273297 0.155148024394494
HMX2 1.69667489936585 110 0.0897581407070764 0.156926548545437
SOX2 -1.69352781268876 568 0.0903550454590877 0.157758943007445
ZNF264 -1.69150792446675 237 0.0907398355817996 0.15821925937227
SOX21 -1.68768256064098 520 0.0914721812274216 0.159283558244017
NR4A1 -1.6839696501155 380 0.0921875343030514 0.160315472436465
ZBTB42 -1.67822893962803 443 0.093302414236635 0.162038501320539
ZNF782 -1.67623441020779 305 0.0936922865656911 0.162313572230235
ZKSCAN1 -1.67614718094003 429 0.0937093671222028 0.162313572230235
GATAD2B 1.66996621459983 388 0.0949260482677034 0.164052485470298
ZBTB1 1.66977174757338 419 0.0949645321711677 0.164052485470298
NEUROG2 1.66783645047573 170 0.0953481978318253 0.164497683445659
EMX2 -1.66639192094898 389 0.0956353788977228 0.164775468127211
ZNF93 1.66488164956951 479 0.0959363699389495 0.165076283452264
BHLHE40 -1.66271674654391 341 0.0963691483977159 0.165602773430812
MAFB 1.66094403187811 533 0.0967246878133551 0.165995324946441
ZNF496 1.65836084772028 312 0.097244654170321 0.166668659247295
ZNF485 -1.65678276335092 363 0.0975634030715751 0.166995811810586
ZNF471 -1.6554962657363 288 0.0978238732820004 0.16722248495588
THAP1 1.65121746987533 258 0.0986941771391268 0.168489667115947
HINFP -1.64933756721998 357 0.0990784974056687 0.168924957717759
ZNF318 1.64079918248862 426 0.100839108039218 0.171618655839488
NFATC4 -1.64040382293194 385 0.100921230999025 0.171618655839488
ARID5B -1.6382143495392 541 0.101376987272321 0.172148483944541
NR2C1 1.6376418563327 528 0.101496426215388 0.172148483944541
ZNF775 1.63451392613049 539 0.102150984533944 0.173033963425851
ZBTB34 1.63339341216569 280 0.102386281686521 0.173207880676939
ZNF543 -1.63124949248468 255 0.102837685974462 0.173746465566168
NPAS4 1.63052882491419 395 0.102989778175538 0.173778617955106
RFX5 1.62952124248731 290 0.103202721706128 0.1739132316751
ALX4 -1.62696998405635 311 0.10374347287443 0.17427409800377
CASZ1 -1.62651697613532 305 0.103839725003916 0.17427409800377
ZNF286A 1.62629306150779 242 0.103887327103076 0.17427409800377
ZNF404 -1.62599542001346 340 0.103950629666874 0.17427409800377
ZFHX4 1.62365780071967 393 0.104448862028858 0.1748848894996
SP2 1.61901804524085 379 0.105443380551638 0.17632401408507
ZNF805 1.61817925642852 293 0.105623971922567 0.176400137251756
TERF2 1.61279881020322 372 0.106788224705246 0.178116757937486
PA2G4 1.61008020311453 438 0.107380348322278 0.178875937383794
ZNF37A -1.60209869730761 153 0.10913378603832 0.181565254224262
POU2F1 1.60013174552309 392 0.109569359832595 0.182057994836347
MBD2 -1.59748039487992 337 0.110158664400907 0.182804594291722
HEY1 1.58332704407156 487 0.113346941954379 0.187804786255586
NKX3-2 1.58283358352984 318 0.113459399966047 0.187804786255586
RAX2 -1.57683336643664 274 0.114833871939087 0.189788524882287
ZNF552 -1.57633557845761 320 0.114948486356729 0.189788524882287
PROX2 -1.57436292427765 429 0.115403570107718 0.190299321414999
MYC 1.56810577841006 306 0.116856448227699 0.192452107673866
ZNF587 1.56726434667923 572 0.117052915397998 0.192532880994693
PRDM6 -1.56467455391635 415 0.117659237902848 0.193159974836411
ZNF57 -1.56437312053855 465 0.117729969348992 0.193159974836411
ZNF84 -1.5554033405212 203 0.119850039032559 0.196391657436037
ISL1 -1.55457910473126 272 0.120046343425176 0.196466822698345
ZBTB7A -1.53396882983423 259 0.125037321243059 0.204378900554987
PRDM15 1.53123867847253 373 0.125710414751801 0.205222252082314
ZNF408 1.52516424785554 470 0.127218135547467 0.207424325873898
ZNF660 -1.51790746692286 337 0.12903772733437 0.210128767953475
ZNF74 1.51190667105731 383 0.13055760672149 0.212339021641677
ZNF48 1.50315818663922 488 0.13279825709673 0.215515854099288
PRDM16 -1.50299266261437 456 0.132840936102548 0.215515854099288
HNF4A 1.50223336341539 245 0.133036851250211 0.215530998149949
ZBTB33 1.50167782501298 689 0.133180333466316 0.215530998149949
HMBOX1 -1.49998536139211 327 0.133618194493942 0.215971982684515
SNAI3 -1.4971708186308 435 0.134348816336467 0.216884492132789
ZNF713 1.49187191786269 493 0.135732725784459 0.21884807391914
ZNF513 -1.49084732222361 273 0.13600158429498 0.219011182600793
ARX -1.48906544209138 293 0.136470136787075 0.219495072221576
MYNN 1.48697575428586 232 0.137021214685941 0.220110339950601
ZNF286B 1.47989558870029 404 0.138901113126668 0.222856085679887
ZBTB22 -1.47357138149117 308 0.140597031498438 0.225300273787682
ZNF211 -1.47069097614102 295 0.141374707709835 0.226171724707892
NKX2-8 -1.47027528419279 344 0.141487212164125 0.226171724707892
TCF7L2 1.46842539369508 390 0.141988708012639 0.22669590790282
ZNF548 -1.45798647017202 210 0.144844272363268 0.230972673634222
ZFP30 -1.45455479990559 294 0.145792552058413 0.232201308522302
DMRTC2 1.45236595006497 48 0.146399878739898 0.232884581771384
UBP1 1.45022961316369 317 0.1469944996908 0.233419465399999
TET1 -1.44965314225583 359 0.147155268688577 0.233419465399999
ARNTL 1.44923376173613 424 0.147272312013476 0.233419465399999
FOS -1.44719547006106 263 0.147842184924179 0.234038658801185
ASCL2 1.44264122948813 338 0.149121562718618 0.23560279243345
STAT5B -1.44239473427419 412 0.14919104850112 0.23560279243345
ZNF521 -1.44064934755982 435 0.149683771579884 0.236095417491942
HES2 1.43423750079485 462 0.151504498833653 0.23867898127473
CIC 1.43170241834234 241 0.152229004018409 0.239531420780774
HIC2 -1.43090295661767 514 0.152458029584749 0.239603112680725
MNT 1.42963462317185 343 0.1528219129467 0.239678039442228
ZSCAN31 -1.42893963071295 320 0.153021585505274 0.239678039442228
ZNF696 1.42881898600848 393 0.15305626714764 0.239678039442228
ZNF284 1.42744402744595 328 0.153451947938415 0.240009873062958
ZNF764 1.42358852243467 297 0.154565620270213 0.241462559895811
MEF2A 1.41975168197787 451 0.155679986193143 0.242812548439747
STAT4 1.41933415191982 346 0.15580161990238 0.242812548439747
BARX1 -1.41553844396422 514 0.156910684956482 0.24424952866885
ZNF525 -1.41433423457483 307 0.157263789725155 0.244507749263158
ZBTB41 1.41332402300483 345 0.157560473651269 0.244677739106489
ZNF217 1.40763281833113 519 0.159239824364562 0.246991936603466
GTF2B -1.40237280329792 346 0.160803950371248 0.249122134264354
HES7 1.39830160066556 359 0.162022517415153 0.250712568417286
POU4F1 1.39686999843238 319 0.162452667952388 0.251080691533513
ZFX -1.39515555719447 320 0.162968935649273 0.251580886475118
ELF1 -1.39246070233487 419 0.163782933729671 0.252538974558384
ZNF444 -1.38949511941147 287 0.164682244005419 0.253626191829101
ZNF366 -1.38325506666193 494 0.166586670346214 0.256256998200419
YBX3 -1.3820469258185 496 0.166957293125543 0.256524970378775
ZBED3 -1.3796878827181 370 0.167682765369224 0.257336887863933
NFATC3 1.37737378867477 428 0.168396712393372 0.258129232847117
ZNF671 -1.37529439678963 416 0.169040192947782 0.258296479429817
ZNF566 -1.37433219774153 255 0.169338574851015 0.258296479429817
TFCP2L1 -1.37420668004236 454 0.169377527515603 0.258296479429817
ZBTB39 1.37392132990053 306 0.169466106948785 0.258296479429817
ETS2 1.37382923249182 351 0.16949470357684 0.258296479429817
ZFP42 1.37280192132826 450 0.169813933305611 0.258481348364951
ZNF3 1.3715669812537 402 0.170198278596869 0.258764786784063
SP140 1.36740789629194 397 0.171497488671458 0.260436883959214
SP1 -1.36523090670676 284 0.172180487225343 0.260949066471024
REST 1.36494401951424 224 0.172270645419521 0.260949066471024
ZNF440 -1.36442391919062 362 0.17243418404632 0.260949066471024
GLYR1 -1.36259983676637 340 0.173008660323882 0.261515405535868
ZNF572 1.36174181205495 371 0.173279380816595 0.261621816585519
ZNF22 1.35947347074677 334 0.173996603518734 0.262401344336566
ESRRB -1.35668283231545 370 0.174882009668106 0.263432415947574
MBD3 -1.35419323597475 333 0.17567473642668 0.264321665637378
ZNF714 -1.35075898698732 373 0.176772649866038 0.265580101829542
ETV3 1.35028752231563 374 0.176923773201729 0.265580101829542
ZNF304 -1.34910787066886 299 0.17730232057224 0.265580101829542
BATF 1.34903868855098 396 0.177324539659541 0.265580101829542
ZNF335 1.34273120803217 345 0.179359025560253 0.268319458627366
ZSCAN25 -1.34044579664832 348 0.180100455216643 0.269120359854617
GATA2 -1.33353593959622 427 0.182355989491434 0.272179339743787
ZNF490 -1.32851735164684 286 0.184007255217591 0.274330451271888
AHRR -1.32758413984577 715 0.184315526896734 0.274476713942001
ZNF266 -1.32403361670666 343 0.185491880409362 0.275756273210437
ZNF45 -1.323716962255 314 0.185597062903502 0.275756273210437
SPIB 1.32098618487984 382 0.186505970684836 0.276639064547584
ZNF85 -1.32065967144926 311 0.186614866666479 0.276639064547584
EOMES 1.31249785368419 365 0.18935220975274 0.280378668862901
EGR3 1.30718035866704 353 0.191151464553361 0.282722324696137
LHX3 1.30623316125901 86 0.191473278934491 0.282877943765209
ARID3B 1.30147073242879 495 0.193097376237863 0.284954998154406
MXD1 -1.29984056430511 449 0.193655619375478 0.285456251585073
MEF2C -1.29183632769804 389 0.196413831803178 0.289195562948084
KMT2B 1.28486475247014 390 0.198839549958141 0.292437446222221
SPI1 1.28136841088339 385 0.200064294220039 0.293705911731517
ATF1 1.28059124655597 331 0.200337276209489 0.293705911731517
ZNF516 -1.28047907935124 214 0.200376697819894 0.293705911731517
RFX1 1.27789132169823 287 0.201287748425233 0.29471053749255
GMEB1 1.27662006079925 355 0.201736415961722 0.294865439077656
FOXH1 1.27631241997168 456 0.201845101481949 0.294865439077656
PITX3 -1.27472264556897 285 0.202407428534818 0.29535653817483
HLX 1.27227718683575 417 0.203274651219836 0.296290953675342
BHLHE22 -1.27091540451656 511 0.203758745545274 0.29666546452857
ZFP37 1.26855396952487 423 0.204600190385765 0.297482788935157
ZNF620 -1.26806238849657 343 0.204775671709576 0.297482788935157
ZNF92 1.26315411977191 472 0.206533797592858 0.29970348850697
NR1H3 1.26062398588085 230 0.20744435260425 0.300690704218813
ZNF468 1.25486160019093 396 0.209529005901184 0.303375700340295
NOBOX 1.25048442492518 53 0.211122641368027 0.305344595378342
ASCL1 1.24739608622594 300 0.212252300910396 0.306361958620203
ZFHX3 1.24727895379312 277 0.212295231662545 0.306361958620203
FOSB -1.24561717893875 303 0.212904972383709 0.306902752685567
CXXC1 -1.23890820437677 337 0.215379494976272 0.310127475676969
ZNF189 -1.23188927287565 274 0.217990449061545 0.313541328716275
ZNF507 -1.23124486765114 393 0.218231295053295 0.313542432716835
ZNF143 1.22659245007109 309 0.219975808285404 0.315509594463976
CEBPG 1.22630573195935 226 0.220083645142942 0.315509594463976
TFAP2C 1.22230346110432 398 0.221592890891237 0.317324907350828
CUX2 1.22100008311677 437 0.222085988321258 0.317682695232818
NHLH2 -1.2197229100363 341 0.222569933664459 0.318026622938493
ZNF75D -1.21232629320909 449 0.225387502879931 0.321700632525891
NR6A1 1.21083151211076 589 0.225959985298373 0.322165655894841
ZNF142 1.20634413194849 514 0.2276848279343 0.324270867265209
ZNF250 -1.20452718878256 316 0.228385879842355 0.324914988098164
SP4 1.19752586131999 345 0.231101653752941 0.328420848532471
CEBPD 1.19259755043588 465 0.233027025664198 0.330797060345047
FIGLA -1.19126181298282 72 0.233550820102049 0.331180641751657
MEF2D -1.18743938317558 420 0.235054353253556 0.332951177168269
RBPJ 1.18638254761535 255 0.235471260700797 0.333180353710987
ZNF337 -1.18565030068951 290 0.235760429027738 0.333228485184227
TFEB -1.18480730647301 366 0.236093643085072 0.333338700399031
ZNF416 -1.18292906905379 490 0.236837259876211 0.333760705518832
CEBPA -1.18276156907059 343 0.236903655448666 0.333760705518832
ZNF547 -1.17824497472567 365 0.238698957426831 0.335854778717431
GCM2 -1.17671960792203 501 0.239307438981223 0.335854778717431
EGR1 -1.17659860613008 369 0.239355754396929 0.335854778717431
ZNF224 -1.17644103463684 331 0.23941868222506 0.335854778717431
IRX5 -1.17468237531643 429 0.240121813129977 0.336443831729585
ZNF251 1.17410286850082 353 0.240353824658272 0.336443831729585
KDM2A 1.17239983047808 382 0.241036567540841 0.33703828394897
ZNF691 1.1701510643631 368 0.241940181822974 0.337939975893907
ST18 1.16923997398201 286 0.242306959896004 0.338090694042929
SREBF1 -1.16549275721725 474 0.243819590281014 0.339800686288139
ZNF787 1.16491632042683 279 0.244052866568357 0.339800686288139
HOXB3 1.16234169541717 497 0.245096696324457 0.340890612779276
HOMEZ -1.14275151555613 390 0.253141774294293 0.351705486413135
ZNF586 -1.13934177974829 312 0.254560628828704 0.353300936504025
RFX4 1.13701947831928 252 0.255530143017567 0.353939582486572
ZNF141 -1.13694134359018 223 0.25556280726251 0.353939582486572
ZBTB12 1.13613209654286 323 0.255901283889577 0.354032920296385
NR4A2 -1.13330504760547 435 0.257086172787891 0.355001895566442
HOXD3 -1.13269363286248 377 0.257342932434974 0.355001895566442
BACH1 1.13251698456793 320 0.257417147857136 0.355001895566442
TBX18 1.13067877349323 161 0.258190318627065 0.355692569754164
FOXE1 1.12723546406688 582 0.259642939969162 0.357038416479682
ZNF184 1.12693755839282 470 0.259768882229779 0.357038416479682
FOXB1 1.12642092911225 122 0.25998739209202 0.357038416479682
MTF1 -1.12420919663994 308 0.260924288873625 0.35794865679512
ZNF653 1.11598046318421 392 0.264430497397254 0.362377995383855
TCF21 -1.11159296331313 286 0.266313199395984 0.364575511961379
ZNF260 1.11084197834162 311 0.26663637381014 0.364635711200045
ZNF112 -1.10919547193596 475 0.267345865568763 0.365223536017577
ZBTB37 -1.10230937243185 317 0.270327196114615 0.368910468260906
IKZF3 1.10122374946975 237 0.270799287764521 0.36916896640967
SALL3 -1.09847276812958 317 0.271998102461672 0.37041660251819
ZNF215 1.09576776337123 299 0.273180419307434 0.371639195432821
TBR1 1.09501461404165 93 0.273510234094279 0.371700692744151
ZNF333 -1.08493634353985 206 0.27794984989672 0.377189168606671
ZSCAN26 -1.08453768004009 350 0.278126469654076 0.377189168606671
SIM1 -1.07957629726864 280 0.280330901138993 0.379784395111541
ZNF678 1.07538569070392 395 0.282202085553744 0.381923237029212
E2F5 1.07377493547119 376 0.282923566288415 0.382361439474397
ZNF551 1.07335600041877 296 0.283111418048807 0.382361439474397
ZNF223 -1.06556147810664 301 0.286621920701244 0.386454173694913
LBX1 -1.06531455204767 64 0.28673360973229 0.386454173694913
ATF6 -1.06453829769368 537 0.28708491471674 0.386528761463982
NRL -1.05256901184424 378 0.292538565772801 0.393465877342202
ZNF562 1.05144749333003 378 0.293053112737569 0.393752433369614
ZNF624 1.04941788173865 263 0.293985831730598 0.39459968781106
STAT5A 1.04560932848389 474 0.295741440587161 0.396548584606604
MYF6 -1.032212437821 353 0.301972609670289 0.404488439209639
FOXA3 -1.02685254986572 329 0.304489900390524 0.407442428186501
MAFG 1.02301369075656 520 0.306301372696368 0.409446870769147
FOXC1 -1.0206542418074 480 0.307418281000953 0.410285440750153
ZBTB40 1.02036158966961 348 0.307557003441348 0.410285440750153
BBX 1.01931471338248 313 0.308053581041702 0.410528547796391
RAX 1.01697300669064 295 0.309166270716649 0.411591385887812
SATB2 1.01592615507573 548 0.309664552750823 0.411834934717489
TCF7 1.01405263092994 408 0.310557639235949 0.412602519676653
BCL11A 1.00993109978744 404 0.312528301434191 0.414798741537656
PAX8 1.00516497048273 400 0.314817419568273 0.417412741072248
ZBTB45 1.00446670735889 384 0.315153710687956 0.41743483383212
ZNF793 -1.00260724162865 312 0.31605040041584 0.418198402171315
CXXC4 -0.993987896497789 362 0.320228760016639 0.423298340669768
OVOL1 -0.992617729928413 470 0.320896281117706 0.423751813083644
DUXA 0.991215956276646 568 0.321580140792052 0.424225923105475
ZNF684 0.988425537271897 374 0.322944285781311 0.425595597608872
PHOX2A -0.984186257802348 422 0.325023941340806 0.427573621584842
ZNF692 -0.984031541343462 369 0.325100004773161 0.427573621584842
ZNF26 0.98233256420014 257 0.32593603672935 0.428241915461299
ZNF616 -0.973235753419186 382 0.330436144986832 0.433718196334476
ZNF100 -0.968475634438857 212 0.332806881964161 0.436391353258227
SP6 0.967784634123892 400 0.333151939421865 0.436405649834459
ZNF559 -0.965303318597105 246 0.334392910096166 0.437592325236065
POU1F1 -0.95988808218681 242 0.337111544928297 0.440708386062418
ZFHX2 0.956463127438925 429 0.33883830458576 0.442522825789003
ZNF461 -0.953099503243133 258 0.340539657808853 0.444300492605757
ZNF341 0.950105389157947 348 0.342058705157625 0.445836994945966
POU5F1B -0.949427145827313 349 0.3424034094005 0.44584132869098
NR1I3 -0.945905143265051 339 0.344196969938422 0.447730321453764
DDIT3 0.944071975653106 373 0.345132868998253 0.448287179340896
ZNF140 -0.943191651705485 276 0.345582882733897 0.448287179340896
ZIM3 0.942797608778246 379 0.345784435067151 0.448287179340896
ZNF222 0.942380107589994 215 0.345998067975209 0.448287179340896
SIX3 0.941023984561139 158 0.346692568182395 0.448741817687025
ZNF683 0.93815815772926 397 0.348163137803108 0.450044847713977
ATF2 0.937719715013139 371 0.348388469401861 0.450044847713977
RFX2 0.936138465660727 367 0.349201900412456 0.450440966825619
THAP9 -0.935783020789087 276 0.349384915309611 0.450440966825619
ZNF232 0.929779838216258 374 0.352485087366156 0.45398966873787
ZSCAN20 0.926426364003021 433 0.354224448334635 0.455780423177373
ZNF155 -0.925119185826384 340 0.354903914236432 0.456205228339351
NFAT5 0.919026599884007 483 0.358081659213394 0.4598374109466
MYCL -0.914683751069144 440 0.360357677059969 0.461986073142878
NFYB -0.914484470531651 307 0.360462334251603 0.461986073142878
MLX 0.908389033888185 377 0.363672717456958 0.46564369509685
PAX7 -0.907204349675583 393 0.364298743987377 0.465988403180719
FOXO6 -0.904697038965844 372 0.365625910221989 0.467228413649625
GLI1 0.90390228412755 445 0.366047217899084 0.467309546995311
KLF11 0.9000790981286 378 0.368078158501187 0.469443432619678
SOX15 0.899331200279789 413 0.368476273286117 0.469492695523579
ZNF841 -0.897867242555769 348 0.369256330421011 0.47002803852811
ZNF23 -0.897177399079602 474 0.369624263183571 0.470038254837141
KLF5 -0.890488950851463 424 0.373203398693359 0.47412805320382
ALX1 0.889160185872541 451 0.373916996818075 0.474568148051885
ZNF544 0.888491243594793 437 0.37427656393066 0.474568148051885
MYOD1 -0.879936388163056 109 0.378893770827552 0.479956609797073
MAFA -0.873200410080018 260 0.382553851370744 0.48372620186896
HSF2 -0.873096671757314 434 0.382610387848878 0.48372620186896
ELK3 0.871049388156294 474 0.383727187077737 0.484668961628167
POU2AF1 0.863824247947805 486 0.387684445358242 0.489194092403733
EPAS1 0.857150485362614 240 0.391361723040547 0.493357538890882
YY2 0.856276242826138 210 0.391844998878456 0.493490422888393
GSC -0.854053207173656 436 0.39307550911699 0.494563212819642
ZNF517 -0.849925270085585 340 0.395366635138432 0.496967108268328
ZNF180 -0.849007767461983 139 0.395876970149121 0.497130118283415
HOXB4 0.843005300970256 409 0.399225479106269 0.500853482913341
NPAS1 0.839406550920216 351 0.401241209003148 0.502899250439646
NOTO 0.831781660407845 53 0.405532197498719 0.507790076637897
MSX1 -0.830268313569673 405 0.406387099017475 0.508208815516007
E4F1 0.829812364100055 581 0.406644879183941 0.508208815516007
THAP8 0.823030489283184 389 0.410490655317778 0.512524661419712
HESX1 -0.81744867723138 362 0.413672067560679 0.516003553232327
ZNF292 0.816415453857518 390 0.414262560876739 0.516197032306434
ZNF776 -0.815794503314227 274 0.414617677557006 0.516197032306434
ZNF580 0.808444945551032 368 0.418834487062803 0.520310108717468
HNF4G 0.808020767748798 501 0.419078626904223 0.520310108717468
ZNF800 -0.807954865076948 338 0.419116565368129 0.520310108717468
ZNF708 -0.807192660776865 228 0.419555493450312 0.520360374592695
ZNF225 -0.80622127335715 259 0.420115274624745 0.520560292846221
GATA4 0.8038731728119 247 0.421470224923157 0.521744183648951
THAP6 -0.803000119269033 397 0.421974665627812 0.521873970937426
ZNF770 -0.797491371709188 341 0.425165711939096 0.525323008318315
KMT2A -0.795271015276588 310 0.426455870089105 0.526419060809425
IRF8 0.789686854238986 453 0.429710670438505 0.529935916518118
ARID2 0.781981858379342 298 0.434225235340103 0.534580956680243
ZNF382 -0.78186169024098 431 0.434295861437778 0.534580956680243
IRF4 0.779474895245237 490 0.43570002040404 0.535375041886844
SP3 0.778986037339359 249 0.435987939766613 0.535375041886844
ZNF117 0.778675682125106 342 0.436170784508118 0.535375041886844
TCF23 -0.776764887199074 99 0.43729749634707 0.536254018994624
IRF2 0.771719865031438 438 0.440280362521737 0.539405397235824
ZNF343 0.769123955179995 250 0.441819728525419 0.540644083906244
NEUROD2 0.768010613073639 221 0.442480879666122 0.540644083906244
RXRA -0.767610874517701 431 0.442718399872356 0.540644083906244
ZNF740 -0.767225764470695 413 0.442947296921655 0.540644083906244
BNC2 -0.76408022965801 480 0.44481943315239 0.542422203265193
MECP2 -0.76138942564113 400 0.446424501520316 0.543871640844714
ZKSCAN7 -0.76002231935448 475 0.447241243710014 0.544308017006672
DMRT2 -0.759395105322743 510 0.447616240631827 0.544308017006672
ZNF652 -0.757864742371344 353 0.448531959252346 0.54489715240864
THAP2 0.757191447968372 397 0.448935173041115 0.54489715240864
ZNF675 -0.753230446139256 233 0.451311446672567 0.547272747775647
STAT6 -0.740860532174804 449 0.458778008130118 0.555810833597341
AIRE -0.737190470364717 292 0.461006527824331 0.557314406615339
ZNF529 -0.736964998632857 243 0.461143634824829 0.557314406615339
E2F8 0.736709068907491 251 0.461299290621119 0.557314406615339
KLF12 0.735425002360151 531 0.462080699532127 0.557558572277765
HIVEP3 0.734554000301537 375 0.462611161460351 0.557558572277765
FOXG1 0.733608521596489 152 0.46318736579576 0.557558572277765
FOXF2 0.732991456856878 382 0.463563640001339 0.557558572277765
NR3C1 0.732872831423787 461 0.463635995018111 0.557558572277765
ZNF446 -0.720507913587204 324 0.471212329070091 0.566148391688629
ZNF205 0.710880400424768 280 0.477158352435746 0.572765448787761
MYOG -0.705846465640462 474 0.480283622457016 0.575987521514108
TEAD3 0.703705700907235 521 0.481616069328088 0.577055583983929
ZNF512 0.700965130905902 319 0.48332477625096 0.578572096960361
ZNF263 0.695640231507485 291 0.486654164385831 0.58202411967756
ZBTB49 -0.694688084249211 280 0.487250797115278 0.582204520615328
JUNB -0.691284796192957 345 0.489386584405746 0.584222010268651
ZBTB46 -0.687359223410823 358 0.491856386851851 0.586634192902755
ZNF154 -0.682661603416489 431 0.49482069753958 0.589631232652091
ZNF768 -0.680385222838981 372 0.496260575220263 0.590807940964142
ZFAT 0.678812446524349 491 0.497256706438132 0.591454698185974
CREB5 0.676247401624821 493 0.498883581578759 0.592849824878853
ZNF77 0.67021894352472 381 0.502718229563097 0.596863643463095
HNF1B 0.668329429284785 109 0.503923331763627 0.597340529315106
SOX7 -0.668154998180729 393 0.504034657967264 0.597340529315106
DMRT3 -0.665878944517429 390 0.505488479750181 0.598520357709643
CENPB -0.663966953466329 413 0.506711462109582 0.599424972386878
ZNF765 0.660889148197033 229 0.508683405862015 0.601213147561803
ZNF324 -0.659040004624378 400 0.509870079990331 0.602070817782434
HHEX -0.65049517630348 390 0.515372416576147 0.60801840654783
ESX1 0.649287460689033 50 0.516152589179534 0.608389243202592
ZSCAN2 0.64272427658138 399 0.520403025655405 0.612690235899078
ZNF70 0.641856647747109 347 0.520966264696719 0.612690235899078
CREB3L2 -0.641483000762857 326 0.521208921963152 0.612690235899078
IRX1 -0.633007888666722 477 0.526728491480862 0.618621771469429
ZNF169 0.62895962706884 287 0.529375487816525 0.621171956054251
ZKSCAN8 0.625026234798095 302 0.531953839765061 0.623637086834084
DLX3 0.621899377332545 409 0.534008034590302 0.62512573302872
SREBF2 -0.621326111054958 381 0.534385077030162 0.62512573302872
ZBED2 -0.620908839581286 510 0.534659604742021 0.62512573302872
ZNF792 -0.617227454173992 415 0.537084709601671 0.627399490822704
TBX21 0.616452699987939 328 0.537595780636152 0.627435290000728
ZIC4 0.60963673673424 331 0.54210247047684 0.63213020218103
ZNF322 -0.603931712206079 457 0.545889043996787 0.635977780071189
ZNF136 -0.600395921165426 245 0.548242405498795 0.638150250963838
THAP11 0.594838856315145 390 0.551951191548584 0.641895152415361
ZNF16 -0.59349326688821 454 0.552851087705844 0.642369680199139
ZKSCAN4 -0.58849595453718 286 0.556199448441445 0.645685759701802
ZNF687 0.583111923742528 415 0.559817957354264 0.649309282686206
ZIC3 0.578193897394363 61 0.563133218439727 0.652574962983392
OLIG1 -0.575108199126939 338 0.565218123128373 0.653841957177575
ZNF212 -0.575093818791824 393 0.565227848126709 0.653841957177575
ARNT2 0.571261484597994 429 0.567822405657956 0.656191106476617
VEZF1 -0.570610782275585 321 0.56826350798243 0.656191106476617
GTF2I 0.566857811015137 245 0.570810789611123 0.658550257272197
ZNF75A 0.56009157180742 457 0.575416978941048 0.663278530006186
OVOL2 -0.543116252744446 411 0.587049763015531 0.676090820545223
ZNF497 0.537232389946773 466 0.591107100480362 0.679622989443089
ZNF138 -0.536697120979002 353 0.591476845055068 0.679622989443089
IKZF1 0.536406122079259 547 0.591677901222659 0.679622989443089
ZNF174 0.5322329759144 324 0.59456464650035 0.681491677271035
ZNF814 -0.531974069786221 306 0.594743954881344 0.681491677271035
PRDM1 -0.531791769763531 356 0.594870223651593 0.681491677271035
CREB3 0.527315580316247 310 0.597974456496373 0.684447537409521
ZNF69 -0.523983899909466 268 0.600289738026376 0.686495970107221
ZNF761 0.520814857124019 302 0.602495752252462 0.68841596889039
FIZ1 0.518802142842347 317 0.603898723469834 0.68847116774606
ZBTB43 0.518497150753073 474 0.604111447513465 0.68847116774606
GATA1 0.518476944131096 351 0.604125542294781 0.68847116774606
MKX 0.512725682310668 442 0.608143222032008 0.692445551851614
FLI1 -0.506768938975156 442 0.612316952799242 0.696590540379626
ZSCAN30 -0.505729290923654 473 0.613046702831189 0.696813745776791
ZNF556 -0.496745481709895 513 0.619368545022413 0.703387234608062
ZNF567 -0.487751124736672 320 0.625726134388761 0.709989862303842
ZNF419 -0.48545833829747 279 0.6273512586176 0.711215923398078
THAP3 -0.48022488552088 436 0.631067493428408 0.714311621109833
TBX1 -0.480072541476921 604 0.631175812221093 0.714311621109833
ZEB2 -0.474894078174702 435 0.634862472525303 0.717861808760213
ZNF460 -0.471392588841515 336 0.637360407413019 0.720062882423359
ZKSCAN2 0.464735260389769 401 0.64212105428843 0.724814258341131
ZBED5 0.461140449330601 341 0.644697842975714 0.727094458485564
TWIST2 0.458489654094009 456 0.646600693732196 0.728611308036452
PRRX1 0.452091998912106 458 0.651202707450308 0.73316442752595
BHLHE41 0.449083879536688 312 0.653371148919744 0.734972196803777
ZNF789 0.444331598977534 307 0.656802858690817 0.738126520631486
ZNF233 0.443636208522498 318 0.65730562289006 0.738126520631486
ZNF579 0.440357957754307 259 0.65967786976387 0.739681901224966
ZSCAN9 0.440156943587326 402 0.659823441751214 0.739681901224966
ZNF592 0.435863627225544 434 0.662935676387126 0.742533441991069
NKX2-5 -0.432507955523313 343 0.665372271393699 0.744148928230263
OTX1 -0.431736149468621 348 0.665933190773409 0.744148928230263
ZZZ3 -0.431524057702316 299 0.666087363783444 0.744148928230263
USF2 -0.430135039617295 424 0.667097412552365 0.744640359652469
VSX2 0.429074006905194 93 0.667869367781834 0.744865409327989
TLX1 -0.425760330496674 234 0.670282495768781 0.746918890336201
SCRT1 0.419725916424193 233 0.674685690217737 0.751184579219407
ZFPM2 0.418822951282318 524 0.675345529995121 0.751278758239888
SHOX 0.41527926650358 359 0.677937477395308 0.753520294024062
ZNF574 0.410459088899282 369 0.681469208469698 0.75652532424928
CDC5L 0.410008622730586 283 0.681799622236908 0.75652532424928
POU2F3 -0.40779792010288 386 0.683422040727111 0.757681821043808
PIN1 -0.406034652798984 385 0.684717139050757 0.758473777438752
ZNF845 0.400892172505369 334 0.688499513118158 0.762017257739249
HSF5 0.399996878903909 298 0.689158815593778 0.762083333794646
NKX2-2 0.399226574590923 221 0.689726263817206 0.762083333794646
BHLHA15 -0.398402584546346 475 0.690333453076576 0.762109458764166
ERG -0.389832426706665 351 0.696660463947949 0.768399876743911
RBAK 0.389091910125024 239 0.69720815768877 0.768399876743911
LHX4 0.387924787458071 280 0.698071694019458 0.768702894088881
RREB1 -0.385525861127214 411 0.699847850022605 0.770009513167246
SKI 0.377505857186787 421 0.70579771243448 0.77590219902309
MYRF 0.36630311417344 305 0.71413890607415 0.784411615923331
ZNF2 -0.361882947462771 348 0.717439503487294 0.787374782818829
ZNF124 0.351955355598929 276 0.724871743987207 0.794863558058181
GLI4 0.345925958983958 475 0.729398359205509 0.799156255975164
IRX3 -0.340904810459513 461 0.733175243295128 0.802621012358287
MGA 0.339790210350924 478 0.734014520759503 0.802866804113828
HIC1 0.338300605175554 420 0.735136667713016 0.80287693138754
ZXDB 0.337686843310346 366 0.735599190472703 0.80287693138754
ZNF454 0.337330114794639 437 0.735868060391184 0.80287693138754
PATZ1 -0.335133863117426 469 0.737524109346786 0.804012092493241
PRDM2 -0.33252715718667 331 0.739491236773862 0.805484199521821
SRF 0.330316188882112 295 0.74116106183945 0.806035513866386
ZNF581 0.33022264189791 547 0.741231739780651 0.806035513866386
ZNF664 0.3271125142508 545 0.743582787034566 0.807473945013302
HOXA4 -0.326407563861632 315 0.744116015513195 0.807473945013302
SIX2 -0.325122227581372 396 0.745088566849403 0.807473945013302
NHLH1 0.32463691344227 418 0.745455886209869 0.807473945013302
CREBZF -0.324385858472489 257 0.745645924721319 0.807473945013302
ZNF324B 0.323358359370416 303 0.746423861382878 0.807646696740711
SCRT2 0.319621193086614 288 0.749255506719014 0.810039479946218
ZNF227 -0.314957158505825 190 0.752794182150067 0.81319206111496
ZNF195 0.301182539379458 364 0.763275303591839 0.823832683050365
ZNF230 -0.300106620580992 346 0.764095829341979 0.824037285813893
CREBL2 -0.298315789705377 411 0.765462154188594 0.8248296809986
GRHL2 -0.290373063809399 320 0.771530848361297 0.830683666908371
JUN -0.286647488864121 395 0.774382248684355 0.832750988164151
TRERF1 -0.286198326282534 404 0.77472622558916 0.832750988164151
MXD3 -0.282941299448059 428 0.777221835162211 0.834728346897306
CRX 0.282129644987345 457 0.777844102736616 0.834728346897306
ZNF277 0.280757050990016 306 0.778896747452374 0.835171717711659
ZNF629 -0.278579955551958 405 0.780567197116263 0.835835360984608
ESR1 -0.278282294522226 367 0.780795666463416 0.835835360984608
ZNF414 -0.275123199233313 413 0.783221588671111 0.837745614090476
ZNF239 -0.27380448543525 383 0.784234876425118 0.838141712994636
INSM1 -0.272971097981897 315 0.784875432612894 0.838141712994636
THAP7 -0.268771521046915 369 0.788105510090142 0.840903428249776
ZBTB8B -0.267801453663282 289 0.788852151722904 0.841012987877643
ESR2 -0.266676468014676 591 0.789718273765185 0.841205618950266
ZNF34 0.265331712374511 451 0.790753936769709 0.841205618950266
FOXA2 -0.264077130107408 439 0.791720486075675 0.841205618950266
ZBTB17 0.26277640717303 212 0.7927229209991 0.841205618950266
ZNF182 0.262702512153416 320 0.792779880361168 0.841205618950266
OSR2 0.262549943301264 370 0.792897486162157 0.841205618950266
ZNF207 0.260304405479946 314 0.794628974629648 0.841772378102898
FOXN1 -0.260185377901644 325 0.794720782695922 0.841772378102898
ZNF410 0.250612493824286 352 0.802113721259243 0.848914521851354
ZNF644 -0.244682617104493 365 0.806702188527201 0.853079399365607
GFI1B 0.237785999365187 471 0.812047078150795 0.85803679940529
ZSCAN22 0.235715103168425 195 0.813653749454954 0.859039447686475
ZNF280B 0.231507631938572 739 0.816920457042412 0.861791693778182
IRF5 -0.223826035920151 388 0.82289267014704 0.866792972229071
KLF6 -0.223702586514299 326 0.822988733203712 0.866792972229071
ZNF766 -0.216215475828725 192 0.828819790881719 0.872230980573348
ZBTB21 0.209355163876532 396 0.834170991197122 0.877155647748343
BARHL1 -0.207787650839232 248 0.835394775376119 0.877555355069069
TCF15 -0.207147081564695 462 0.835894993649251 0.877555355069069
RBPJL 0.204277177577978 334 0.838136903587738 0.879202245851876
MAF -0.199819860005665 378 0.841621468516317 0.882148987064454
HES5 -0.191489730420504 562 0.848141925609516 0.888270533156397
ZNF576 -0.182471877482492 396 0.855212422359863 0.894957871475946
PRDM8 0.181377005508174 511 0.856071666473254 0.895139788962426
ZNF487 -0.179872753775548 360 0.857252465640377 0.895657376101066
BCL6 0.173987747103093 471 0.861875091757557 0.899212641531147
ZNF883 -0.173787672066308 281 0.86203233322894 0.899212641531147
FOXD3 -0.16972602563926 341 0.865225605521318 0.901823336640735
XBP1 -0.168019144522189 437 0.866568218032969 0.902103320710027
ZNF611 0.16762830447208 311 0.866875702519972 0.902103320710027
PAX3 -0.163421689620929 393 0.870186426593539 0.904827605996148
ATF6B -0.16066764343812 357 0.872355175091584 0.906361064971845
NANOG 0.155532038180073 277 0.876401898430883 0.909841716495019
E2F2 0.153461954416827 471 0.878033990849393 0.910812066758783
ALX3 0.151661668258157 306 0.879453791665777 0.911560834853575
BPTF -0.146101861024838 429 0.883840977297788 0.915381694172015
TBX2 0.144495352110556 414 0.885109326416072 0.915968922582718
ZNF449 -0.141054252676493 476 0.887827083300355 0.918053975289203
ZKSCAN3 0.140025586555046 565 0.888639774398172 0.918167361838617
HEY2 -0.138134990693364 308 0.890133732270009 0.91898391647797
ZNF627 -0.137174858766723 298 0.890892582831345 0.919040847691735
ZC3H8 0.135472963656017 330 0.892237939051516 0.919702248146235
ATF3 -0.129740260993016 316 0.896771928086806 0.92364679659414
ZBED1 0.128448888913523 451 0.897793743799257 0.923970551144074
ZNF18 -0.126428280291523 258 0.8993929173222 0.924887519702987
ZNF771 -0.113168015833187 464 0.909897352402335 0.933989876086484
ZNF600 0.110378505252308 272 0.912109199279816 0.933989876086484
KLF14 0.110086763335628 320 0.912340565677588 0.933989876086484
ZNF235 -0.108919769561765 215 0.913266126090373 0.933989876086484
LYL1 -0.108679947779735 448 0.91345634698744 0.933989876086484
OTX2 -0.108178427685214 165 0.91385415673431 0.933989876086484
ZNF79 0.107743540369234 351 0.914199130304634 0.933989876086484
ZNF575 -0.107148977848559 376 0.914670792083834 0.933989876086484
NR4A3 0.107136433318101 326 0.914680743885615 0.933989876086484
ZNF480 -0.106180943344509 341 0.91543879047105 0.934033640902493
ZNF362 0.103666933380052 283 0.917433668568095 0.935338306908612
PAX2 0.0819837380244852 50 0.934659645095685 0.952157173553015
BCL6B -0.0772277351009968 441 0.938442378108804 0.954606498172552
IKZF5 0.0771228224161503 348 0.938525837407011 0.954606498172552
BACH2 0.0748198102052642 450 0.940358079730543 0.95572579932147
POU3F2 -0.0673978952465219 315 0.946264944730816 0.960956031294465
ZBTB48 -0.0665049544280471 465 0.946975813381299 0.960956031294465
ZNF500 -0.0638764790214239 471 0.949068581044561 0.962331961835556
SOX18 -0.0548195264317099 310 0.956282243949978 0.968894189758473
PRDM4 0.0521892636954183 300 0.958377887606291 0.970123475602037
ZBTB38 0.0514321467998743 366 0.958981169220697 0.970123475602037
ZNF680 0.0430362019658938 295 0.965672675579667 0.976136620980685
ZNF354B -0.0410883263644831 257 0.96722548095729 0.976950099095299
ZNF316 -0.0342032402321616 490 0.972715082722711 0.981735624448115
ZNF594 0.0300491143107105 264 0.976027883280848 0.984318467617596
FOXQ1 -0.0266354294952577 497 0.978750514625854 0.986137896493323
ZNF202 -0.0258936650030016 523 0.979342152949342 0.986137896493323
HOXB2 -0.0244403105460903 408 0.980501394753049 0.98654454664675
TCF4 0.0210589453178775 420 0.983198634515877 0.988496856564846
RFX3 0.0177635403008167 266 0.985827490792904 0.990377463827332
ZNF550 -0.0151396365502195 431 0.987920779185714 0.991717553894345
NFATC2 -0.0126696946143745 409 0.989891316720757 0.992932457478732
SIX4 -0.00915142822647216 402 0.99269831862659 0.994983886512914
FOXO1 0.0074507743123856 421 0.994055197213506 0.99557982174911
ATF7 0.00563180809453078 366 0.995506491025616 0.996269331248624
ZNF213 0.00245095428992585 352 0.998044423370751 0.998044423370751
