   ideg GeneCode CPP  k1  k3  centroid  SVM  LDA  BCPP
         1         1   1.0000000000   1.0000000000   1.0000000000   1.0000000000   1.0000000000   1.0000000000   1.0000000000
         2         1   1.0000000000   1.0000000000   1.0000000000   1.0000000000   1.0000000000   1.0000000000   1.0000000000
         3         1   1.0000000000   1.0000000000   1.0000000000   1.0000000000   1.0000000000   1.0000000000   1.0000000000
         4         1   1.0000000000   1.0000000000   1.0000000000   1.0000000000   1.0000000000   1.0000000000   1.0000000000
         5         1   1.0000000000   1.0000000000   1.0000000000   1.0000000000   1.0000000000   1.0000000000   1.0000000000
         6         1   1.0000000000   1.0000000000   1.0000000000   1.0000000000   1.0000000000   1.0000000000   1.0000000000
         7         1   1.0000000000   1.0000000000   1.0000000000   1.0000000000   1.0000000000   1.0000000000   1.0000000000
         8         1   1.0000000000   1.0000000000   1.0000000000   1.0000000000   1.0000000000   1.0000000000   1.0000000000
         9         1   1.0000000000   1.0000000000   1.0000000000   1.0000000000   1.0000000000   1.0000000000   1.0000000000
        10         1   1.0000000000   1.0000000000   1.0000000000   1.0000000000   1.0000000000   1.0000000000   1.0000000000
        11         1   1.0000000000   1.0000000000   1.0000000000   1.0000000000   1.0000000000   1.0000000000   1.0000000000
        12         1   1.0000000000   1.0000000000   1.0000000000   1.0000000000   1.0000000000   1.0000000000   1.0000000000
        13         1   1.0000000000   1.0000000000   1.0000000000   1.0000000000   1.0000000000   1.0000000000   1.0000000000
        14         1   1.0000000000   1.0000000000   1.0000000000   1.0000000000   1.0000000000   1.0000000000   1.0000000000
        15         1   1.0000000000   1.0000000000   1.0000000000   1.0000000000   1.0000000000   1.0000000000   1.0000000000
        16         1   1.0000000000   1.0000000000   1.0000000000   1.0000000000   1.0000000000   1.0000000000   1.0000000000
        17         1   1.0000000000   1.0000000000   1.0000000000   1.0000000000   1.0000000000   1.0000000000   1.0000000000
        18         1   1.0000000000   1.0000000000   1.0000000000   1.0000000000   1.0000000000   1.0000000000   1.0000000000
