              1              1              1              1              1              1              1
             18             18             18             18             18             18             18
         1        -13.0376304051        0.0000000494      1
         2         12.5378682042        0.0000000740      1
         3         10.0653993462        0.0000006927      1
         4         -9.7925269326        0.0000009112      1
         5          9.5260449028        0.0000011984      1
         6         -8.8864363986        0.0000023731      1
         7         -9.5484468506        0.0000011708      1
         8         -8.9641376532        0.0000021796      1
         9        -10.2437723519        0.0000005809      1
        10          8.5643738296        0.0000033968      1
        11         -9.7404325543        0.0000009609      1
        12          8.2471153675        0.0000048858      1
        13         -8.3004619843        0.0000045927      1
        14         -8.5541871931        0.0000034361      1
        15         -7.7419825056        0.0000089091      1
        16          7.6441455460        0.0000100411      1
        17          7.7984548998        0.0000083188      1
        18          8.0070027125        0.0000064781      1
