         1          6.96122          7.31921          8.83961          7.45928          7.13247          6.85472          6.86456          7.01330         13.05013         11.73353         11.83454         13.39922         12.16532
         2         12.22691         12.16210         12.76453         12.36089         12.55081         12.03292         12.54517         12.71485         10.17910         10.66715         10.42766         10.67669         10.81820
         3         11.95568         11.99173         12.36571         13.05501         12.53451         11.35283         10.85961         11.96257          8.62886          7.57200          6.07768          6.14907          7.40613
         4          5.52845          5.73757          6.10087          5.88088          5.81993          5.82639          5.77776          5.66876         10.27577          8.77287          7.70761          9.00169          9.41834
         5         10.42804         11.65665         11.30537         11.70013         11.80388         11.18143         11.44682         11.96282          9.01168          9.32394          8.64433          8.65579          9.45099
         6          7.22898          7.78787          8.57402          8.17079          6.76133          6.78324          6.81039          7.36258          9.81830         10.39836         10.70205         11.03940         10.79511
         7          6.76589          6.57003          6.69441          6.81932          6.65108          6.40641          6.65130          6.49547          8.17559          8.00719          7.40116          8.31683          7.81614
         8          4.60798          4.41316          4.30759          4.37904          4.80311          4.55793          4.42605          4.40201          6.50267          5.62435          5.97120          7.04212          6.21216
         9          7.21584          6.76817          7.23268          6.98633          6.94403          6.84525          6.65861          6.95730          7.98717          7.99012          7.77418          8.05244          7.97676
        10          7.39051          8.62191          9.33589          8.35601          8.55782          8.93561          9.60207          8.73676          6.01256          5.70083          5.47765          5.92643          4.48888
        11          8.98915          9.02536          9.07030          8.90408          8.66593          8.39343          8.98526          8.92551          9.93350          9.87047          9.89616          9.99197         10.21329
        12         10.38533          9.79140         10.03703         10.81828         10.91845         10.68390         11.33352         11.69462          8.40786          7.89797          7.76757          6.82187          6.61442
        13          5.38796          5.37769          5.27320          5.33214          5.40134          5.41378          5.19049          5.10378          6.93808          7.89675          6.42416          8.02760          7.11122
        14         11.06440         11.43975         11.35222         11.27593         10.91120         11.30815         10.87147         10.74617         12.03119         12.38285         12.09279         12.40834         12.42506
        15          5.00976          4.03377          4.62675          4.86029          5.37231          4.33021          4.01803          4.30856          8.39537          6.19981          7.68610          7.84267          6.93928
        16         12.64783         12.06508         12.36502         12.19933         12.57270         12.45761         12.75719         12.81761          8.79401         11.12184         10.45768         10.04430          9.64480
        17         12.76096         13.67575         13.73218         14.16480         13.91801         13.99747         14.13076         14.08801         11.97350         12.09569         11.86152         11.74546         12.44937
        18         11.76725         11.96273         11.94477         12.20779         12.20852         11.86518         12.79393         12.64230         10.52967         10.81179         10.85165         10.85165         10.81252
