  samp CPP  k1  k3  centroid  SVM  LDA BCPP
      1         18.0000000000       18.0000000000       18.0000000000       18.0000000000       18.0000000000       18.0000000000       18.0000000000
      2         18.0000000000       18.0000000000       18.0000000000       18.0000000000       18.0000000000       18.0000000000       18.0000000000
      3         18.0000000000       18.0000000000       18.0000000000       18.0000000000       18.0000000000       18.0000000000       18.0000000000
      4         18.0000000000       18.0000000000       18.0000000000       18.0000000000       18.0000000000       18.0000000000       18.0000000000
      5         18.0000000000       18.0000000000       18.0000000000       18.0000000000       18.0000000000       18.0000000000       18.0000000000
      6         18.0000000000       18.0000000000       18.0000000000       18.0000000000       18.0000000000       18.0000000000       18.0000000000
      7         18.0000000000       18.0000000000       18.0000000000       18.0000000000       18.0000000000       18.0000000000       18.0000000000
      8         18.0000000000       18.0000000000       18.0000000000       18.0000000000       18.0000000000       18.0000000000       18.0000000000
      9         18.0000000000       18.0000000000       18.0000000000       18.0000000000       18.0000000000       18.0000000000       18.0000000000
     10         18.0000000000       18.0000000000       18.0000000000       18.0000000000       18.0000000000       18.0000000000       18.0000000000
     11         18.0000000000       18.0000000000       18.0000000000       18.0000000000       18.0000000000       18.0000000000       18.0000000000
     12         18.0000000000       18.0000000000       18.0000000000       18.0000000000       18.0000000000       18.0000000000       18.0000000000
     13         18.0000000000       18.0000000000       18.0000000000       18.0000000000       18.0000000000       18.0000000000       18.0000000000
