  samp CPP  k1  k3  centroid  SVM  LDA BCPP prob
      1          0.0000000000        0.0000000000        0.0000000000        0.0000000000        0.0000000000        0.0000000000        0.0000000000        1.0000000000
      2          0.0000000000        0.0000000000        0.0000000000        0.0000000000        0.0000000000        0.0000000000        0.0000000000        1.0000000000
      3          0.0000000000        0.0000000000        0.0000000000        0.0000000000        0.0000000000        0.0000000000        0.0000000000        1.0000000000
      4          0.0000000000        0.0000000000        0.0000000000        0.0000000000        0.0000000000        0.0000000000        0.0000000000        1.0000000000
      5          0.0000000000        0.0000000000        0.0000000000        0.0000000000        0.0000000000        0.0000000000        0.0000000000        1.0000000000
      6          0.0000000000        0.0000000000        0.0000000000        0.0000000000        0.0000000000        0.0000000000        0.0000000000        1.0000000000
      7          0.0000000000        0.0000000000        0.0000000000        0.0000000000        0.0000000000        0.0000000000        0.0000000000        1.0000000000
      8          0.0000000000        0.0000000000        0.0000000000        0.0000000000        0.0000000000        0.0000000000        0.0000000000        1.0000000000
      9          0.0000000000        0.0000000000        0.0000000000        0.0000000000        0.0000000000        0.0000000000        0.0000000000        0.0000000000
     10          0.0000000000        0.0000000000        0.0000000000        0.0000000000        0.0000000000        0.0000000000        0.0000000000        0.0000000000
     11          0.0000000000        0.0000000000        0.0000000000        0.0000000000        0.0000000000        0.0000000000        0.0000000000        0.0000000000
     12          0.0000000000        0.0000000000        0.0000000000        0.0000000000        0.0000000000        0.0000000000        0.0000000000        0.0000000000
     13          0.0000000000        0.0000000000        0.0000000000        0.0000000000        0.0000000000        0.0000000000        0.0000000000        0.0000000000
