	KIRC	KIRP	KICH	LGG	GBM	BRCA	LUSC	LUAD	READ	COAD	UCS	UCEC	OV	HNSC	THCA	PRAD	STAD	SKCM	BLCA	LIHC	CESC	ACC	PCPG	SARC	LAML	PAAD	ESCA	TGCT	THYM	MESO	UVM	DLBC	CHOL
ALKBH5	0.085227273	0.048611111	0.757575758	0.027290448	0.119584055	0.52962963	0.576846307	0.445736434	0.684848485	0.536585366	0.571428571	0.230055659	0.849740933	0.19348659	0.014028056	0.12195122	0.380952381	0.332425068	0.470588235	0.432432432	0.342372881	0.3	0.37654321	0.143968872	0.073298429	0.413043478	0.456521739	0.253333333	0.097560976	0.275862069	0.025	0.145833333	0.277777778
FTO	0.041666667	0.024305556	0.075757576	0.04288499	0.159445407	0.559259259	0.375249501	0.277131783	0.090909091	0.055432373	0.696428571	0.261595547	0.663212435	0.180076628	0.004008016	0.229674797	0.281179138	0.324250681	0.296568627	0.397297297	0.203389831	0.066666667	0.037037037	0.53307393	0.020942408	0.065217391	0.293478261	0.34	0.105691057	0.195402299	0.2125	0.125	0.194444444
ZC3H13	0.153409091	0.083333333	0.666666667	0.274853801	0.410745234	0.452777778	0.680638723	0.550387597	0.048484848	0.042128603	0.517857143	0.194805195	0.625215889	0.421455939	0.036072144	0.461382114	0.106575964	0.245231608	0.350490196	0.481081081	0.396610169	0.444444444	0.043209877	0.661478599	0.005235602	0.108695652	0.391304348	0.766666667	0.113821138	0.471264368	0.0375	0.104166667	0.472222222
RBM15B	0.880681818	0.090277778	0.166666667	0.095516569	0.097053726	0.323148148	0.870259481	0.467054264	0.157575758	0.159645233	0.625	0.13729128	0.331606218	0.720306513	0.006012024	0.032520325	0.340136054	0.196185286	0.296568627	0.175675676	0.413559322	0.244444444	0.388888889	0.252918288	0.031413613	0.27173913	0.679347826	0.206666667	0.105691057	0.517241379	0.55	0.125	0.805555556
RBM15	0.123106061	0.121527778	0.803030303	0.360623782	0.041594454	0.302777778	0.443113772	0.304263566	0.333333333	0.274944568	0.214285714	0.064935065	0.188255613	0.229885057	0.008016032	0.089430894	0.206349206	0.223433243	0.151960784	0.232432432	0.108474576	0.344444444	0.74691358	0.167315175	0	0.239130435	0.315217391	0.14	0.056910569	0.390804598	0.25	0.125	0.138888889
VIRMA	0.115530303	0.03125	0.136363636	0.021442495	0.076256499	0.025	0.071856287	0.071705426	0.036363636	0.028824834	0.125	0.037105751	0.124352332	0.024904215	0.008016032	0.020325203	0.038548753	0.0626703	0.049019608	0.043243243	0.061016949	0.122222222	0.080246914	0.163424125	0	0.065217391	0.070652174	0.026666667	0.016260163	0.057471264	0	0.083333333	0.055555556
WTAP	0.285984848	0.107638889	0.772727273	0.155945419	0.273830156	0.337037037	0.261477046	0.501937984	0.163636364	0.119733925	0.142857143	0.085343228	0.644214162	0.168582375	0.012024048	0.12601626	0.206349206	0.59400545	0.460784314	0.375675676	0.328813559	0.2	0.12345679	0.190661479	0	0.494565217	0.266304348	0.166666667	0.178861789	0.413793103	0.2875	0.1875	0.694444444
METTL14	0.145833333	0.09375	0.015151515	0.208576998	0.109185442	0.291666667	0.608782435	0.325581395	0.43030303	0.310421286	0.678571429	0.204081633	0.678756477	0.298850575	0.004008016	0.085365854	0.383219955	0.261580381	0.379901961	0.435135135	0.338983051	0.122222222	0.067901235	0.245136187	0.010471204	0.157608696	0.5	0.733333333	0.032520325	0.436781609	0.05	0.125	0.472222222
METTL3	0.392045455	0.173611111	0.03030303	0.132553606	0.298093588	0.225925926	0.345309381	0.195736434	0.406060606	0.314855876	0.482142857	0.111317254	0.29015544	0.141762452	0.002004008	0.073170732	0.253968254	0.302452316	0.286764706	0.210810811	0.094915254	0.2	0.12962963	0.214007782	0.005235602	0.10326087	0.282608696	0.133333333	0.016260163	0.425287356	0.0125	0.041666667	0.388888889
RBMX	0.096590909	0.097222222	0.575757576	0.148148148	0.180242634	0.166666667	0.205588822	0.087209302	0.139393939	0.110864745	0.392857143	0.135435993	0.378238342	0.111111111	0.008016032	0.058943089	0.095238095	0.250681199	0.196078431	0.167567568	0.183050847	0.166666667	0.327160494	0.501945525	0.031413613	0.10326087	0.130434783	0.193333333	0.032520325	0.287356322	0.175	0.083333333	0.416666667
HNRNPC	0.386363636	0.173611111	0.03030303	0.128654971	0.29982669	0.225	0.347305389	0.203488372	0.412121212	0.314855876	0.464285714	0.107606679	0.279792746	0.137931034	0.002004008	0.073170732	0.256235828	0.302452316	0.284313725	0.213513514	0.094915254	0.211111111	0.12962963	0.221789883	0.005235602	0.108695652	0.288043478	0.126666667	0.016260163	0.425287356	0.0125	0.041666667	0.388888889
YTHDF2	0.179924242	0.173611111	0.803030303	0.364522417	0.067590988	0.392592593	0.423153693	0.240310078	0.448484848	0.356984479	0.178571429	0.131725417	0.383419689	0.170498084	0.008016032	0.089430894	0.256235828	0.163487738	0.200980392	0.378378378	0.094915254	0.388888889	0.62345679	0.140077821	0.005235602	0.342391304	0.369565217	0.173333333	0.06504065	0.24137931	0.3125	0.125	0.777777778
HNRNPA2B1	0.003787879	0.003472222	0.015151515	0.009746589	0.012131716	0.103703704	0.129740519	0.058139535	0.006060606	0.00443459	0.196428571	0.087198516	0.274611399	0.055555556	0	0.006097561	0.036281179	0.057220708	0.051470588	0.043243243	0.084745763	0.066666667	0	0.108949416	0.089005236	0.016304348	0.065217391	0.013333333	0.024390244	0.011494253	0	0.0625	0.083333333
YTHDC2	0.015151515	0.038194444	0.151515152	0.083820663	0.079722704	0.246296296	0.77245509	0.399224806	0.333333333	0.286031042	0.446428571	0.176252319	0.556131261	0.388888889	0	0.136178862	0.369614512	0.294277929	0.482843137	0.124324324	0.247457627	0.033333333	0.061728395	0.159533074	0.083769634	0.130434783	0.532608696	0.673333333	0.016260163	0.195402299	0.0375	0.041666667	0.111111111
YTHDF3	0.138257576	0.034722222	0.151515152	0.025341131	0.081455806	0.056481481	0.131736527	0.104651163	0.060606061	0.031042129	0.160714286	0.027829314	0.112262522	0.04789272	0.008016032	0.040650407	0.083900227	0.070844687	0.071078431	0.081081081	0.074576271	0.133333333	0.074074074	0.13229572	0	0.092391304	0.10326087	0.026666667	0.016260163	0.068965517	0	0.166666667	0.138888889
YTHDF1	0	0	0.045454545	0.015594542	0.034662045	0.046296296	0.125748503	0.085271318	0.012121212	0	0.053571429	0.024118738	0.04835924	0.0651341	0	0.012195122	0.013605442	0.016348774	0.058823529	0.021621622	0.047457627	0.055555556	0.024691358	0.112840467	0	0.038043478	0.032608696	0.1	0.008130081	0.034482759	0	0.041666667	0.027777778
IGF2BP3	0.003787879	0.003472222	0.015151515	0.009746589	0.01559792	0.10462963	0.119760479	0.058139535	0.006060606	0.00443459	0.178571429	0.096474954	0.291882556	0.049808429	0.002004008	0.012195122	0.034013605	0.059945504	0.056372549	0.043243243	0.088135593	0.088888889	0	0.120622568	0.089005236	0.016304348	0.043478261	0.013333333	0.016260163	0	0	0.0625	0.083333333
IGF2BP2	0.117424242	0.024305556	0.136363636	0.054580897	0.067590988	0.065740741	0.011976048	0.255813953	0.066666667	0.070953437	0.142857143	0.020408163	0.050086356	0.013409962	0.008016032	0.042682927	0.092970522	0.155313351	0.024509804	0.116216216	0.013559322	0.211111111	0.580246914	0.178988327	0.015706806	0.097826087	0.081521739	0.126666667	0.048780488	0.103448276	0.55	0.0625	0.111111111
IGF2BP1	0.054924242	0.003472222	0.757575758	0.031189084	0.077989601	0.213888889	0.145708583	0.054263566	0.151515152	0.12195122	0.267857143	0.150278293	0.552677029	0.0651341	0.002004008	0.038617886	0.131519274	0.152588556	0.078431373	0.072972973	0.088135593	0.255555556	0.111111111	0.155642023	0.031413613	0.108695652	0.119565217	0.066666667	0.032520325	0.045977011	0.0125	0.083333333	0.027777778
YTHDC1	0.123106061	0.083333333	0.015151515	0.187134503	0.105719237	0.244444444	0.469061876	0.273255814	0.351515152	0.281596452	0.571428571	0.161410019	0.414507772	0.235632184	0.004008016	0.048780488	0.35600907	0.228882834	0.299019608	0.394594595	0.291525424	0.088888889	0.074074074	0.186770428	0.015706806	0.152173913	0.423913043	0.62	0.032520325	0.390804598	0.05	0.125	0.361111111