Row	MMRd_C106_T	MMRd_C109_T	MMRd_C110_T	MMRd_C111_T	MMRd_C114_T	MMRd_C115_T	MMRd_C116_T	MMRd_C118_T	MMRd_C119_T	MMRd_C122_T	MMRd_C123_T	MMRd_C130_TA	MMRd_C130_TB	MMRd_C132_T	MMRd_C137_T	MMRd_C138_T	MMRd_C139_T	MMRd_C142_T	MMRd_C143_T	MMRd_C144_T	MMRd_C146_T	MMRd_C147_T	MMRd_C152_T	MMRd_C154_T	MMRd_C156_T	MMRd_C158_T	MMRd_C163_T	MMRd_C164_T	MMRd_C165_T	MMRd_C167_T	MMRd_C168_T	MMRd_C169_T	MMRd_C170_T	MMRd_C173_T	MMRp_C103_T	MMRp_C104_T	MMRp_C105_T	MMRp_C107_T	MMRp_C112_T	MMRp_C113_T	MMRp_C124_T	MMRp_C125_T	MMRp_C126_T	MMRp_C129_T	MMRp_C133_T	MMRp_C134_T	MMRp_C135_T	MMRp_C136_T	MMRp_C140_T	MMRp_C145_T	MMRp_C149_T	MMRp_C150_T	MMRp_C153_T	MMRp_C155_T	MMRp_C157_T	MMRp_C159_T	MMRp_C160_T	MMRp_C161_T	MMRp_C162_T	MMRp_C166_T	MMRp_C171_TA	MMRp_C171_TB	MMRp_C172_T	Normal_C106_N	Normal_C107_N	Normal_C109_N	Normal_C110_N	Normal_C111_N	Normal_C112_N	Normal_C114_N	Normal_C116_N	Normal_C122_N	Normal_C123_N	Normal_C124_N	Normal_C125_N	Normal_C126_N	Normal_C129_N	Normal_C130_N	Normal_C132_N	Normal_C134_N	Normal_C136_N	Normal_C137_N	Normal_C138_N	Normal_C139_N	Normal_C140_N	Normal_C142_N	Normal_C143_N	Normal_C152_N	Normal_C155_N	Normal_C157_N	Normal_C162_N	Normal_C165_N	Normal_C170_N
cTNI01	6	0	1	15	7	6	65	43	31	10	40	16	7	5	5	73	123	13	22	25	14	2	0	9	324	53	62	21	10	12	10	10	81	20	12	4	37	8	31	74	43	22	25	108	40	2	16	2	9	5	24	1	26	242	12	109	33	0	84	29	124	52	39	3	24	0	98	16	23	11	13	39	95	4	41	22	335	34	121	8	0	45	96	55	24	4	68	0	29	8	182	10	15
cTNI02	29	0	7	9	1	0	10	2	0	53	48	7	4	0	13	24	64	8	63	17	51	5	13	1	247	7	6	16	7	9	14	3	95	6	18	34	125	58	16	88	165	20	13	328	10	2	37	6	14	2	133	4	14	91	4	12	35	17	172	4	22	12	0	20	18	2	509	109	30	12	2	10	42	7	35	28	161	31	28	3	1	60	18	9	19	3	0	0	57	5	604	34	146
cTNI03	1	12	13	4	1	2	0	0	2	3	0	0	0	161	6	13	20	0	1	116	50	0	18	22	12	1	8	2	1	1	0	30	5	12	18	17	3	116	31	93	4	39	0	2	323	8	4	27	1	0	8	22	0	36	0	0	2	15	5	6	0	0	19	0	0	1	0	3	0	0	0	1	1	0	1	0	0	0	563	6	0	0	1	0	0	0	0	0	3	0	0	0	0
cTNI04	19	13	25	76	22	3	19	24	3	28	112	17	22	2	22	19	61	32	264	39	207	22	23	34	72	17	138	94	8	31	68	16	96	126	142	22	106	93	155	140	95	168	19	181	39	7	155	118	250	26	244	10	62	95	43	31	42	75	187	18	212	180	8	8	20	25	32	42	56	17	23	53	119	44	67	103	42	71	0	81	6	56	11	38	23	8	20	2	11	70	268	37	19
cTNI05	10	15	0	77	10	1	9	25	3	8	30	5	9	12	17	7	42	21	9	57	8	75	4	26	26	6	60	8	2	1	6	5	192	4	124	5	75	17	39	27	12	207	13	13	95	59	118	237	108	20	14	72	66	68	28	36	4	13	19	104	164	59	6	1	2	0	6	13	2	2	4	10	1	9	1	79	0	8	1	59	1	36	2	10	0	1	3	0	0	2	9	1	1
cTNI06	18	0	1	7	5	0	15	2	6	6	24	3	2	5	2	23	62	21	20	19	5	0	0	1	56	0	3	1	0	0	1	6	42	1	10	27	107	20	4	15	32	10	9	30	8	1	11	2	18	0	13	4	11	10	0	0	7	2	18	2	61	10	0	0	8	3	63	31	8	6	1	4	18	7	8	3	33	12	7	4	1	21	33	45	27	13	16	0	14	1	83	37	221
cTNI07	13	3	64	3	58	1	24	23	28	14	379	10	54	93	106	75	33	25	56	111	70	2	10	10	30	3	112	60	0	28	50	22	83	64	8	6	7	41	1	7	5	7	6	31	10	3	40	50	5	5	7	6	23	9	0	20	22	1	55	7	14	2	15	0	0	0	0	0	0	1	0	0	0	0	0	0	0	0	0	2	0	0	0	0	0	1	0	0	0	0	0	0	2
cTNI08	91	21	82	65	45	23	119	149	28	49	516	76	196	331	158	97	141	159	279	233	195	59	24	83	143	70	262	187	19	105	191	121	343	166	155	67	88	267	259	64	334	268	176	157	156	42	313	212	206	87	108	29	288	184	54	193	92	76	259	65	238	175	75	3	2	1	26	18	9	26	1	5	14	5	3	8	9	30	5	59	3	17	2	10	3	12	8	1	7	6	70	5	17
cTNI09	30	10	19	17	34	4	24	35	3	13	110	13	26	58	18	12	19	17	43	32	15	17	5	16	43	8	53	37	2	24	16	10	113	18	44	19	17	57	21	8	24	89	40	12	10	5	50	39	35	12	11	16	73	23	15	20	14	15	46	28	75	17	17	2	0	0	9	9	2	1	0	5	3	1	3	2	0	2	0	2	0	2	1	6	1	0	2	0	2	0	13	0	2
cTNI10	3	1	2	5	34	4	34	8	3	9	34	10	13	7	3	2	125	32	7	67	10	17	15	6	6	1	26	9	0	1	3	0	2	5	27	39	24	30	6	100	25	25	1	65	16	13	21	8	7	0	31	2	11	30	14	12	26	26	14	5	45	21	2	17	48	12	11	103	4	61	6	17	159	61	154	204	36	22	2	107	49	48	25	36	21	73	38	4	27	38	116	10	50
cTNI11	12	4	7	33	10	9	104	89	16	47	131	15	23	68	19	27	95	21	44	455	166	13	41	18	115	12	63	53	6	17	57	39	93	36	50	27	46	219	34	43	248	61	14	123	144	23	121	59	11	8	102	13	29	72	18	35	64	14	110	17	287	59	14	2	5	3	4	81	6	9	11	16	59	34	19	52	31	11	4	57	2	16	9	18	5	9	31	0	8	12	96	2	41
cTNI12	0	0	1	6	5	10	10	32	2	4	10	0	6	3	0	1	8	2	6	5	1	3	0	6	191	10	65	32	4	19	1	7	43	3	1	0	0	3	2	5	6	2	3	2	0	1	4	1	2	0	9	3	1	52	1	122	3	0	19	3	22	19	37	0	0	0	0	3	2	0	2	1	3	0	1	12	1	1	0	4	0	0	0	1	1	0	0	0	2	10	13	3	0
cTNI13	0	4	1	0	2	2	4	3	0	2	7	10	11	3	0	0	3	11	31	5	2	8	1	17	3	7	27	5	0	0	28	2	48	1	64	2	4	2	14	4	4	36	3	2	9	47	390	97	52	1	42	14	50	21	12	26	11	1	23	12	116	819	4	0	0	1	1	1	1	1	0	1	1	2	0	15	2	9	0	34	0	11	0	0	0	0	0	0	1	0	2	1	0
cTNI14	173	1	207	13	62	78	558	59	126	34	887	119	279	194	248	17	34	176	91	171	90	26	54	35	161	2	307	218	0	402	135	49	264	348	4	1	1	161	0	7	26	28	8	36	3	29	111	111	13	3	1	10	80	3	0	94	41	0	13	4	11	19	29	0	0	0	0	0	1	10	1	1	3	1	1	3	0	1	0	9	0	0	0	0	0	3	4	0	0	5	0	0	1
cTNI15	1	0	21	1	2	11	1	1	30	5	1	5	14	2037	11	20	0	0	4	67	42	1	19	135	32	0	17	11	0	30	4	499	94	5	1	3	0	633	0	12	0	13	1	0	28	7	7	42	0	0	0	36	0	6	0	19	4	0	4	4	0	0	55	0	0	0	0	0	0	0	0	0	0	0	1	0	0	0	0	2	0	0	0	0	0	0	0	0	0	0	0	0	0
cTNI16	19	2	38	2	29	25	91	15	18	7	161	27	139	390	79	3	9	27	15	48	17	15	8	81	85	1	48	76	1	83	44	73	114	34	8	2	1	145	2	6	4	30	2	5	0	14	18	31	7	0	0	5	32	8	4	22	14	2	19	4	15	13	21	0	0	0	0	3	0	9	0	0	3	1	0	7	0	0	0	6	0	2	1	6	0	0	1	0	0	0	1	0	1
cTNI17	1	2	2	3	20	3	10	17	4	70	43	20	80	16	8	11	277	18	12	26	48	25	15	3	7	0	59	19	1	0	0	0	2	2	43	22	17	6	3	23	148	67	0	70	6	3	16	7	1	1	25	6	6	57	1	6	11	32	31	2	3	2	5	1	90	16	12	236	61	37	6	323	25	568	479	197	206	1	26	26	420	280	247	216	10	68	239	14	98	26	79	78	16
cTNI18	6	4	31	6	32	15	12	9	45	12	169	61	309	57	167	35	111	92	109	400	148	63	5	111	16	0	22	692	1	20	22	2	74	24	4	11	1	7	2	1	16	13	15	2	8	51	42	21	3	1	1	0	28	0	1	3	10	2	44	0	2	2	29	0	0	0	0	0	1	0	0	0	2	3	0	4	0	0	0	14	1	1	1	6	0	0	11	0	0	1	0	0	1
cTNI19	3	1	0	0	7	2	0	0	2	0	24	17	83	4	11	1	26	4	9	26	17	15	0	13	0	0	1	42	0	0	2	0	9	2	0	0	0	2	1	1	2	3	1	2	0	2	1	7	1	0	0	0	1	0	0	1	0	0	1	0	0	0	3	0	0	0	0	0	0	1	0	1	0	0	0	1	0	0	0	1	0	4	0	3	0	0	8	1	0	1	0	0	0
cTNI20	32	9	49	5	40	0	3	340	4	1	162	223	278	15	24	15	115	48	6	98	298	232	28	25	61	16	249	164	5	3	41	2	55	4	56	48	3	20	9	10	59	32	17	6	25	162	27	3	5	23	20	1	11	25	6	7	33	28	35	1	12	32	46	2	5	23	1	16	129	2	19	0	20	14	15	62	5	17	0	5	16	29	0	22	3	71	10	0	6	2	66	1	26
cTNI21	8	0	18	0	13	0	0	42	1	0	27	39	80	4	14	10	11	8	4	14	20	31	0	6	5	5	22	63	0	3	24	1	10	0	5	12	0	1	1	0	4	11	3	2	3	9	0	3	0	0	2	1	3	5	3	0	10	6	9	1	5	5	6	0	1	1	0	1	14	1	4	2	0	0	0	10	2	0	0	1	0	8	1	9	0	3	0	0	0	0	7	0	2
cTNI22	1	0	13	9	0	4	4	13	0	8	14	1	3	5	32	0	16	2	32	75	19	12	4	5	11	7	14	8	10	1	64	25	13	2	1	3	4	35	11	3	35	3	5	12	19	11	47	8	4	1	2	1	6	4	9	2	6	1	16	10	11	3	2	0	1	3	2	11	1	0	2	8	3	15	0	2	0	0	0	7	0	7	4	2	0	1	7	0	1	3	11	10	0
cTNI23	21	1	6	2	5	2	10	20	1	0	39	33	39	7	38	21	27	1	15	13	36	12	3	21	26	21	27	26	10	5	4	4	59	7	41	4	18	62	20	7	48	24	20	18	51	4	27	16	26	13	23	7	5	13	6	6	14	4	23	4	9	3	43	3	2	0	1	4	3	1	1	0	6	19	1	11	1	3	1	4	0	3	23	4	2	0	0	0	6	4	6	11	2
cTNI24	10	5	13	1	3	0	3	55	4	5	29	19	5	6	62	30	44	8	5	9	23	5	4	13	3	1	18	10	4	4	151	14	23	1	16	24	3	31	8	2	16	16	6	5	10	4	4	3	2	1	10	1	1	11	0	12	49	1	47	2	9	7	15	2	3	2	7	13	12	8	1	4	9	5	3	3	11	33	1	21	2	13	4	9	3	12	2	0	4	5	40	6	13
cTNI25	15	3	9	1	2	2	0	23	1	1	21	4	18	28	27	24	13	3	17	6	26	4	0	1	4	2	6	20	2	0	3	3	16	8	20	5	7	24	10	1	9	19	5	29	20	3	8	7	2	9	13	1	12	7	0	1	2	3	13	1	7	13	9	0	1	0	2	1	3	0	0	0	4	0	8	0	7	14	1	6	1	9	2	1	1	3	2	0	0	3	10	1	5
cTNI26	1	0	0	1	2	1	3	4	0	6	7	4	0	1	3	2	20	4	4	6	4	1	2	2	7	3	4	0	2	2	0	3	11	1	11	1	2	4	6	21	12	17	9	12	15	2	2	1	4	0	6	0	1	14	4	6	7	1	55	0	5	31	1	0	1	0	14	15	14	16	0	5	7	13	20	12	104	33	4	39	1	27	3	27	11	1	3	0	6	5	57	12	16
cB1	31	5	2	7	15	1	91	2	17	4	65	20	4	18	3	68	168	49	20	9	171	24	76	8	93	7	97	0	12	1	0	10	202	2	10	106	27	29	11	59	95	160	20	640	51	2	31	1	92	4	353	15	97	72	0	25	26	20	266	36	24	8	6	3	92	1	462	136	62	6	6	15	217	7	298	35	234	104	69	1	0	77	91	308	106	40	91	0	45	0	580	117	249
cB2	24	3	22	33	102	9	150	54	28	110	184	98	38	70	49	178	160	41	186	236	255	22	39	15	254	13	70	18	16	6	3	32	36	10	29	59	138	74	69	117	925	250	56	508	113	7	84	57	192	5	355	35	94	405	10	82	125	70	687	31	223	90	24	9	83	12	183	315	70	77	18	60	268	102	230	53	489	393	86	33	24	218	113	208	104	9	196	2	82	10	641	134	109
cB3	45	0	1	10	41	0	10	1	4	10	50	17	1	15	1	23	138	22	19	16	60	3	5	1	698	0	3	0	0	3	0	0	206	0	10	93	406	7	15	10	68	20	15	131	63	2	7	5	21	1	30	18	60	18	0	2	10	25	19	4	7	3	1	3	13	6	280	290	85	51	4	23	206	8	146	18	131	42	47	1	2	149	158	422	66	106	39	0	40	1	124	155	1139
cP1	6	4	0	2	67	0	83	10	0	180	23	3	0	0	0	2	157	60	1	30	3	7	40	8	12	0	94	0	0	0	0	0	0	1	12	59	23	3	11	269	147	99	1	630	4	1	30	3	8	0	136	7	8	228	243	2	26	92	486	0	187	187	10	106	87	128	51	112	521	457	414	219	1302	697	378	3831	2152	968	11	639	152	717	4	759	8	89	7	65	25	449	1731	161	41
cP2	10	40	1	97	379	4	456	312	0	103	231	27	57	4	11	9	212	390	43	40	62	78	64	132	126	0	193	1	1	1	5	27	7	11	44	81	315	13	43	72	338	586	6	191	106	35	583	238	73	1	316	28	28	155	17	15	39	142	394	13	5760	463	57	18	2	2	3	68	39	200	37	9	40	40	22	534	88	28	0	1438	1	134	3	181	0	32	0	3	3	39	102	55	13
cP3	1	5	0	1	18	0	38	14	0	3	21	3	6	6	1	2	33	35	3	3	4	3	2	18	29	0	7	0	0	1	1	0	0	0	10	0	30	2	6	1	12	17	2	16	14	2	42	14	1	0	31	0	14	15	1	2	9	9	28	6	419	13	6	0	0	0	1	2	0	1	0	0	5	2	0	4	8	2	0	13	0	2	0	29	0	5	0	0	0	0	0	4	6
cMA01	2	26	7	26	47	2	5	11	0	15	60	12	9	81	15	51	151	92	24	22	25	47	3	14	29	21	38	0	21	0	8	7	60	12	28	6	6	63	63	24	375	120	19	105	53	5	39	57	33	22	90	7	100	58	49	39	33	11	225	5	14	54	69	13	11	23	0	96	38	8	5	27	39	70	39	151	22	255	0	108	20	24	1	13	0	11	2	0	0	15	92	4	9
cM01	53	175	514	334	55	137	95	83	19	137	331	191	111	118	511	287	186	97	247	196	244	201	50	63	71	414	47	103	719	77	238	279	894	156	43	40	51	272	292	63	826	306	333	177	66	505	598	48	160	157	89	66	192	92	82	115	168	123	691	148	39	87	112	18	2	7	4	139	12	20	11	39	8	68	12	42	13	13	0	89	4	32	102	17	1	3	8	2	14	12	30	41	15
cM02	46	80	426	364	97	55	276	413	16	93	742	154	245	296	148	48	243	88	157	172	225	501	76	67	185	505	86	110	692	155	421	139	1048	194	194	83	80	331	825	100	1090	716	601	229	403	188	266	243	331	202	157	99	459	178	632	243	326	176	1531	114	143	175	290	39	2	1	38	34	88	41	13	57	98	51	79	89	41	61	4	136	21	37	5	30	3	6	3	0	8	74	128	33	16
cM03	4	0	5	2	1	0	1	6	0	2	11	2	5	1	7	3	11	2	9	2	10	4	0	4	5	3	7	4	0	2	2	1	9	1	1	1	5	2	6	1	5	7	2	9	6	2	10	3	2	6	4	0	3	4	3	2	4	3	11	2	4	3	3	3	0	0	2	8	1	1	1	1	3	2	1	4	1	2	0	4	0	2	3	0	2	0	2	0	1	1	18	4	1
cM04	4	1	10	11	3	1	10	2	0	5	21	3	1	4	11	14	17	5	26	6	24	3	3	6	25	12	10	1	9	4	6	2	38	7	13	6	3	23	24	11	27	49	19	13	7	4	29	5	32	4	35	1	24	10	15	7	12	16	42	3	19	20	7	2	1	0	6	18	9	5	1	7	9	12	11	11	5	21	2	34	3	20	6	17	3	1	3	1	8	17	51	17	4
cM05	4	1	12	4	10	0	6	13	0	3	66	4	12	73	2	1	21	6	9	2	9	6	4	0	33	19	7	2	4	7	1	1	13	4	26	3	9	7	49	10	12	69	14	55	11	2	31	8	22	21	26	5	22	9	18	8	12	23	38	3	46	14	5	3	1	0	3	0	5	3	4	4	10	4	12	14	3	12	0	6	0	8	0	8	0	1	1	0	1	11	12	5	5
cM06	3	1	0	4	5	0	6	0	1	2	23	4	3	4	4	1	4	4	1	7	2	2	0	4	10	12	4	0	1	1	2	0	8	2	17	5	8	3	11	2	11	33	3	41	13	1	12	4	11	14	11	1	9	5	3	8	3	5	11	1	10	10	3	0	1	0	3	27	0	5	0	5	2	0	4	3	2	2	1	24	3	4	0	6	4	0	3	0	0	0	6	10	3
cM07	22	0	9	4	2	14	10	7	2	2	57	7	12	9	12	35	17	9	21	2	17	1	7	21	3	7	14	3	6	7	6	6	29	3	5	4	1	113	16	3	11	13	18	29	18	1	31	2	9	14	7	4	16	0	10	10	1	19	61	4	2	8	7	0	1	0	0	8	0	0	0	1	0	1	0	1	0	1	0	3	0	0	0	2	0	0	0	0	1	0	6	4	0
cM08	0	0	1	2	1	1	2	0	0	0	6	1	2	0	3	2	0	0	6	0	3	0	1	0	3	4	0	0	2	0	1	2	3	0	0	1	0	4	2	0	1	4	2	0	1	3	13	0	3	1	1	0	1	1	1	2	0	1	2	1	0	0	1	0	0	0	1	0	0	0	0	0	0	0	0	0	0	0	0	0	0	0	0	0	0	0	0	0	0	0	1	0	0
cM09	13	6	24	11	10	7	20	20	1	7	71	8	8	7	45	24	24	11	82	10	37	3	3	14	15	28	13	8	7	9	19	15	53	8	18	17	15	33	50	16	17	98	62	24	10	13	97	22	43	27	31	12	68	17	5	11	5	27	54	4	18	22	5	3	0	0	9	19	1	7	1	0	2	2	7	6	1	2	1	3	1	9	2	3	1	2	3	0	0	0	21	2	0
cM10	9	93	49	40	4	89	1	5	2	12	1	3	7	10	7	5	1	1	6	45	0	4	0	0	3	131	3	0	80	30	0	21	1099	34	5	2	31	11	8	3	15	1	7	0	1	20	4	4	2	7	3	9	2	40	6	19	5	0	7	1	0	2	21	0	0	1	0	2	0	0	1	0	0	0	0	0	0	0	0	0	0	0	0	0	0	0	0	0	0	0	0	0	0